time	pps	kbps
0.100102	0	0
0.200222	0	0
0.300342	0	0
0.400461	0	0
0.50058	0	0
0.600699	0	0
0.700799	0	0
0.80092	0	0
0.901042	0	0
1.00116	0	0
1.10128	0	0
1.20138	0	0
1.3015	0	0
1.40162	0	0
1.50173	0	0
1.60185	0	0
1.70197	0	0
1.80209	0	0
1.9022	0	0
2.00228	0	0
2.1024	0	0
2.20252	0	0
2.30263	0	0
2.40273	0	0
2.50279	0	0
2.60291	0	0
2.70302	1	35.232
2.80314	2	70.464
2.90326	4	140.928
3.00333	8	281.856
3.10341	16	563.712
3.20348	32	1127.42
3.30354	63	2219.62
3.40376	95	3347.04
3.5038	10	352.32
3.60411	13	458.016
3.70413	219	7715.81
3.80438	101	3558.43
3.90443	167	5883.74
4.00449	57	2008.22
4.10454	121	4263.07
4.2046	158	5566.66
4.30465	136	4791.55
4.40469	47	1655.9
4.50481	106	3734.59
4.60486	94	3311.81
4.70509	135	4756.32
4.80512	83	2924.26
4.90517	84	2959.49
5.00539	72	2536.7
5.10543	161	5672.35
5.20556	140	4932.48
5.30561	41	1444.51
5.40568	74	2607.17
5.50575	53	1867.3
5.60605	76	2677.63
5.70608	103	3628.9
5.80613	29	1021.73
5.90617	128	4509.7
6.00629	50	1761.6
6.10636	51	1796.83
6.2064	83	2924.26
6.3065	7	246.624
6.40663	0	0
6.50672	57	2008.22
6.60679	86	3029.95
6.70692	5	176.16
6.80698	117	4122.14
6.90701	32	1127.42
7.00711	0	0
7.10715	116	4086.91
7.20719	8	281.856
7.3073	13	458.016
7.40745	77	2712.86
7.50751	31	1092.19
7.60763	0	0
7.70767	92	3241.34
7.80776	0	0
7.90781	0	0
8.00789	94	3311.81
8.10796	75	2642.4
8.20807	11	387.552
8.30819	76	2677.63
8.4083	60	2113.92
8.50837	21	739.872
8.60844	85	2994.72
8.70851	0	0
8.80862	86	3029.95
8.90868	31	1092.19
9.00875	72	2536.7
9.10888	2	70.464
9.209	15	528.48
9.30908	88	3100.42
9.40918	24	845.568
9.50925	0	0
9.60934	2	70.464
9.70941	34	1197.89
9.80949	52	1832.06
9.90956	46	1620.67
10.0096	33	1162.66
10.1098	0	0
10.2098	73	2571.94
10.3099	3	105.696
10.41	2	70.464
10.5101	0	0
10.6102	75	2642.4
10.7103	6	211.392
10.8104	2	70.464
10.9105	0	0
11.0105	0	0
11.1106	0	0
11.2109	0	0
11.311	0	0
11.4111	77	2712.86
11.5112	8	281.856
11.6113	62	2184.38
11.7114	12	422.784
11.8115	63	2219.62
11.9116	33	1162.66
12.0117	0	0
12.1119	51	1796.83
12.212	54	1902.53
12.3121	17	598.944
12.4122	0	0
12.5122	0	0
12.6123	0	0
12.7124	66	2325.31
12.8125	67	2360.54
12.9125	19	669.408
13.0126	0	0
13.1128	0	0
13.2128	68	2395.78
13.3129	4	140.928
13.413	0	0
13.5131	69	2431.01
13.6132	69	2431.01
13.7132	20	704.64
13.8133	69	2431.01
13.9134	16	563.712
14.0134	54	1902.53
14.1135	37	1303.58
14.2137	53	1867.3
14.3137	3	105.696
14.4138	0	0
14.5139	39	1374.05
14.6139	66	2325.31
14.714	40	1409.28
14.814	40	1409.28
14.9141	3	105.696
15.0142	63	2219.62
15.1143	50	1761.6
15.2144	0	0
15.3144	16	563.712
15.4145	53	1867.3
15.5146	0	0
15.6147	57	2008.22
15.7148	24	845.568
15.8148	56	1972.99
15.9149	6	211.392
16.0149	58	2043.46
16.115	49	1726.37
16.215	34	1197.89
16.3151	0	0
16.4152	51	1796.83
16.5153	9	317.088
16.6154	0	0
16.7155	52	1832.06
16.8155	15	528.48
16.9157	13	458.016
17.0158	0	0
17.1158	54	1902.53
17.2159	2	70.464
17.316	0	0
17.416	29	1021.73
17.5161	29	1021.73
17.6162	0	0
17.7163	0	0
17.8164	2	70.464
17.9166	37	1303.58
18.0167	21	739.872
18.1168	2	70.464
18.2169	0	0
18.317	57	2008.22
18.417	5	176.16
18.5171	2	70.464
18.6173	57	2008.22
18.7174	17	598.944
18.8175	40	1409.28
18.9175	0	0
19.0176	37	1303.58
19.1176	57	2008.22
19.2176	25	880.8
19.3177	57	2008.22
19.4178	15	528.48
19.5179	57	2008.22
19.618	27	951.264
19.7181	37	1303.58
19.8182	0	0
19.9182	50	1761.6
20.0182	17	598.944
20.1183	32	1127.42
20.2184	31	1092.19
20.3184	31	1092.19
20.4185	50	1761.6
20.5186	23	810.336
20.6187	2	70.464
20.7188	0	0
20.8191	0	0
20.9192	22	775.104
21.0193	46	1620.67
21.1194	0	0
21.2196	0	0
21.3197	49	1726.37
21.4198	0	0
21.5199	0	0
21.6201	0	0
21.7202	0	0
21.8203	0	0
21.9204	0	0
22.0204	0	0
22.1206	0	0
22.2207	51	1796.83
22.3208	0	0
22.4209	0	0
22.521	15	528.48
22.6211	32	1127.42
22.7212	0	0
22.8212	42	1479.74
22.9214	2	70.464
23.0215	0	0
23.1216	0	0
23.2217	0	0
23.3218	0	0
23.4219	2	70.464
23.522	0	0
23.6221	26	916.032
23.7222	19	669.408
23.8223	36	1268.35
23.9224	16	563.712
24.0225	29	1021.73
24.1226	0	0
24.2227	0	0
24.3229	0	0
24.4229	31	1092.19
24.523	14	493.248
24.6231	38	1338.82
24.7232	0	0
24.8233	2	70.464
24.9234	39	1374.05
25.0234	25	880.8
25.1235	33	1162.66
25.2236	15	528.48
25.3238	20	704.64
25.4238	9	317.088
25.5239	39	1374.05
25.624	39	1374.05
25.7241	32	1127.42
25.8242	37	1303.58
25.9246	7	246.624
26.0246	38	1338.82
26.1247	3	105.696
26.2248	0	0
26.3249	39	1374.05
26.4249	6	211.392
26.525	0	0
26.6251	28	986.496
26.7252	6	211.392
26.8253	34	1197.89
26.9254	5	176.16
27.0255	35	1233.12
27.1255	36	1268.35
27.2256	20	704.64
27.3257	17	598.944
27.4258	5	176.16
27.5259	37	1303.58
27.626	4	140.928
27.7261	2	70.464
27.8262	0	0
27.9263	0	0
28.0264	0	0
28.1264	0	0
28.2265	0	0
28.3266	0	0
28.4267	38	1338.82
28.5268	5	176.16
28.6269	13	458.016
28.727	23	810.336
28.8271	0	0
28.9272	0	0
29.0273	31	1092.19
29.1274	2	70.464
29.2275	2	70.464
29.3276	0	0
29.4278	0	0
29.5279	1	35.232
29.628	0	0
29.7281	0	0
29.8282	24	845.568
29.9284	0	0
30.0285	16	563.712
30.1285	0	0
30.2287	21	739.872
30.3288	6	211.392
30.4289	10	352.32
30.529	4	140.928
30.6291	22	775.104
30.7292	20	704.64
30.8294	0	0
30.9294	23	810.336
31.0295	7	246.624
31.1296	2	70.464
31.2297	0	0
31.3298	23	810.336
31.4299	23	810.336
31.53	10	352.32
31.63	0	0
31.7301	23	810.336
31.8302	13	458.016
31.9303	8	281.856
32.0304	23	810.336
32.1305	5	176.16
32.2306	20	704.64
32.3307	0	0
32.4308	23	810.336
32.5309	3	105.696
32.6311	17	598.944
32.7312	0	0
32.8313	23	810.336
32.9314	19	669.408
33.0315	1	35.232
33.1316	20	704.64
33.2317	1	35.232
33.3318	20	704.64
33.432	7	246.624
33.532	6	211.392
33.632	20	704.64
33.7321	2	70.464
33.8322	1	35.232
33.9323	22	775.104
34.0325	14	493.248
34.1326	0	0
34.2327	2	70.464
34.3328	4	140.928
34.4328	14	493.248
34.5329	4	140.928
34.633	19	669.408
34.7332	17	598.944
34.8332	19	669.408
34.9333	0	0
35.0334	0	0
35.1335	20	704.64
35.2335	18	634.176
35.3336	13	458.016
35.4336	18	634.176
35.5337	2	70.464
35.6339	19	669.408
35.7339	7	246.624
35.8341	0	0
35.9341	0	0
36.0342	20	704.64
36.1343	3	105.696
36.2344	21	739.872
36.3345	2	70.464
36.4346	5	176.16
36.5348	3	105.696
36.6351	3	105.696
36.7351	17	598.944
36.8353	17	598.944
36.9354	17	598.944
37.0355	2	70.464
37.1358	4	140.928
37.2359	13	458.016
37.336	18	634.176
37.4361	0	0
37.5362	0	0
37.6362	0	0
37.7363	0	0
37.8365	0	0
37.9366	18	634.176
38.0367	14	493.248
38.1367	15	528.48
38.2368	15	528.48
38.3369	4	140.928
38.4369	15	528.48
38.537	0	0
38.6371	0	0
38.7372	0	0
38.8373	16	563.712
38.9373	14	493.248
39.0373	16	563.712
39.1374	2	70.464
39.2376	14	493.248
39.3377	15	528.48
39.4378	14	493.248
39.5379	0	0
39.638	0	0
39.7381	0	0
39.8382	0	0
39.9383	0	0
40.0384	0	0
40.1385	16	563.712
40.2386	0	0
40.3387	0	0
40.4388	13	458.016
40.5389	13	458.016
40.639	4	140.928
40.7391	0	0
40.8391	2	70.464
40.9392	0	0
41.0396	2	70.464
41.1396	0	0
41.2397	0	0
41.3399	3	105.696
41.44	11	387.552
41.5401	0	0
41.6402	1	35.232
41.7404	12	422.784
41.8404	12	422.784
41.9405	12	422.784
42.0406	12	422.784
42.1407	12	422.784
42.2408	0	0
42.3409	12	422.784
42.441	12	422.784
42.5411	1	35.232
42.6412	12	422.784
42.7413	4	140.928
42.8414	6	211.392
42.9415	7	246.624
43.0417	12	422.784
43.1418	12	422.784
43.2419	13	458.016
43.342	0	0
43.4421	13	458.016
43.5422	13	458.016
43.6423	1	35.232
43.7424	0	0
43.8425	0	0
43.9425	13	458.016
44.0426	0	0
44.1427	11	387.552
44.2428	4	140.928
44.3429	9	317.088
44.443	1	35.232
44.5432	0	0
44.6433	8	281.856
44.7434	5	176.16
44.8435	0	0
44.9436	9	317.088
45.0437	2	70.464
45.1438	0	0
45.2439	0	0
45.3441	10	352.32
45.4441	6	211.392
45.5443	10	352.32
45.6444	10	352.32
45.7445	1	35.232
45.8446	10	352.32
45.9447	6	211.392
46.0449	0	0
46.1449	4	140.928
46.2451	0	0
46.3451	0	0
46.4453	0	0
46.5454	2	70.464
46.6454	8	281.856
46.7456	8	281.856
46.8457	0	0
46.9458	9	317.088
47.0459	8	281.856
47.146	8	281.856
47.2461	5	176.16
47.3462	9	317.088
47.4463	8	281.856
47.5464	0	0
47.6465	0	0
47.7466	9	317.088
47.8467	5	176.16
47.9468	0	0
48.0469	8	281.856
48.147	8	281.856
48.2471	8	281.856
48.3472	8	281.856
48.4473	4	140.928
48.5474	8	281.856
48.6475	0	0
48.7477	8	281.856
48.8477	3	105.696
48.9478	7	246.624
49.048	7	246.624
49.1481	0	0
49.2482	7	246.624
49.3483	0	0
49.4483	7	246.624
49.5484	5	176.16
49.6484	3	105.696
49.7486	7	246.624
49.8487	0	0
49.9488	2	70.464
50.049	0	0
50.149	7	246.624
50.2491	6	211.392
50.3492	5	176.16
50.4494	6	211.392
50.5495	3	105.696
50.6496	6	211.392
50.7497	6	211.392
50.8498	4	140.928
50.9499	2	70.464
51.05	6	211.392
51.1501	0	0
51.2502	3	105.696
51.3503	0	0
51.4504	7	246.624
51.5505	7	246.624
51.6506	7	246.624
51.7506	7	246.624
51.8507	7	246.624
51.9508	1	35.232
52.0509	7	246.624
52.1509	7	246.624
52.251	7	246.624
52.3511	6	211.392
52.4512	0	0
52.5513	7	246.624
52.6514	6	211.392
52.7515	6	211.392
52.8516	6	211.392
52.9517	6	211.392
53.0518	0	0
53.1519	0	0
53.252	0	0
53.3521	0	0
53.4521	0	0
53.5522	6	211.392
53.6524	0	0
53.7525	0	0
53.8526	2	70.464
53.9527	5	176.16
54.0528	1	35.232
54.153	0	0
54.2531	3	105.696
54.3532	6	211.392
54.4533	6	211.392
54.5534	6	211.392
54.6535	5	176.16
54.7535	5	176.16
54.8537	6	211.392
54.9538	0	0
55.0539	0	0
55.154	6	211.392
55.2541	1	35.232
55.3542	5	176.16
55.4543	5	176.16
55.5545	0	0
55.6546	0	0
55.7547	5	176.16
55.8548	1	35.232
55.9549	4	140.928
56.055	6	211.392
56.1551	5	176.16
56.2553	0	0
56.3554	0	0
56.4554	6	211.392
56.5555	5	176.16
56.6556	2	70.464
56.7558	6	211.392
56.8559	2	70.464
56.956	3	105.696
57.0561	3	105.696
57.1562	6	211.392
57.2563	6	211.392
57.3564	0	0
57.4565	6	211.392
57.5566	6	211.392
57.6567	6	211.392
57.7568	6	211.392
57.8569	2	70.464
57.957	7	246.624
58.057	5	176.16
58.1572	7	246.624
58.2573	7	246.624
58.3574	5	176.16
58.4575	0	0
58.5576	0	0
58.6577	0	0
58.7578	8	281.856
58.8579	6	211.392
58.958	2	70.464
59.0581	0	0
59.1582	0	0
59.2583	0	0
59.3584	0	0
59.4585	1	35.232
59.5586	5	176.16
59.6587	4	140.928
59.7589	5	176.16
59.859	5	176.16
59.9591	0	0
60.0592	6	211.392
60.1592	4	140.928
60.2594	4	140.928
60.3595	3	105.696
60.4596	4	140.928
60.5597	2	70.464
60.6597	3	105.696
60.7598	3	105.696
60.8599	1	35.232
60.96	0	0
61.0601	3	105.696
61.1602	3	105.696
61.2603	0	0
61.3603	3	105.696
61.4604	2	70.464
61.5605	0	0
61.6606	2	70.464
61.7606	2	70.464
61.8607	0	0
61.9608	2	70.464
62.0608	2	70.464
62.1609	2	70.464
62.261	2	70.464
62.361	2	70.464
62.4611	2	70.464
62.5611	2	70.464
62.6612	2	70.464
62.7613	2	70.464
62.8613	1	35.232
62.9614	1	35.232
63.0615	3	105.696
63.1616	3	105.696
63.2618	3	105.696
63.3618	3	105.696
63.4619	1	35.232
63.562	2	70.464
63.6621	3	105.696
63.7622	3	105.696
63.8623	4	140.928
63.9624	4	140.928
64.0625	4	140.928
64.1626	5	176.16
64.2627	5	176.16
64.3628	6	211.392
64.4629	0	0
64.563	6	211.392
64.6631	7	246.624
64.7632	8	281.856
64.8633	0	0
64.9635	9	317.088
65.0635	10	352.32
65.1636	8	281.856
65.2637	0	0
65.3639	4	140.928
65.464	0	0
65.5641	9	317.088
65.6642	6	211.392
65.7643	0	0
65.8645	3	105.696
65.9646	7	246.624
66.0647	2	70.464
66.1648	0	0
66.2649	1	35.232
66.365	7	246.624
66.4651	9	317.088
66.5652	9	317.088
66.6653	2	70.464
66.7653	0	0
66.8654	0	0
66.9656	9	317.088
67.0657	0	0
67.1658	2	70.464
67.2658	4	140.928
67.3659	8	281.856
67.466	0	0
67.5661	0	0
67.6662	0	0
67.7663	0	0
67.8664	0	0
67.9668	0	0
68.0669	0	0
68.167	0	0
68.2671	9	317.088
68.3672	2	70.464
68.4673	0	0
68.5674	7	246.624
68.6674	2	70.464
68.7675	0	0
68.8676	3	105.696
68.9677	8	281.856
69.0678	5	176.16
69.1679	3	105.696
69.268	8	281.856
69.3681	2	70.464
69.4682	8	281.856
69.5683	0	0
69.6684	0	0
69.7685	0	0
69.8686	0	0
69.9687	0	0
70.0689	8	281.856
70.169	6	211.392
70.2691	7	246.624
70.3692	5	176.16
70.4693	2	70.464
70.5694	0	0
70.6695	7	246.624
70.7696	7	246.624
70.8697	7	246.624
70.9698	1	35.232
71.0699	0	0
71.17	0	0
71.2701	0	0
71.3703	7	246.624
71.4704	6	211.392
71.5705	6	211.392
71.6706	6	211.392
71.7707	6	211.392
71.8708	6	211.392
71.9709	6	211.392
72.071	6	211.392
72.1711	6	211.392
72.2712	4	140.928
72.3713	6	211.392
72.4714	2	70.464
72.5716	0	0
72.6716	6	211.392
72.7717	5	176.16
72.8718	5	176.16
72.9719	5	176.16
73.072	1	35.232
73.1721	0	0
73.2722	0	0
73.3723	0	0
73.4725	0	0
73.5726	5	176.16
73.6726	4	140.928
73.7728	1	35.232
73.8729	0	0
73.973	4	140.928
74.0731	1	35.232
74.1732	0	0
74.2733	4	140.928
74.3735	1	35.232
74.4736	3	105.696
74.5737	4	140.928
74.6738	4	140.928
74.774	4	140.928
74.8741	4	140.928
74.9742	4	140.928
75.0743	4	140.928
75.1744	4	140.928
75.2745	2	70.464
75.3746	4	140.928
75.4747	4	140.928
75.5748	2	70.464
75.6749	0	0
75.775	4	140.928
75.8751	1	35.232
75.9752	3	105.696
76.0756	3	105.696
76.1757	3	105.696
76.2757	2	70.464
76.3759	0	0
76.476	4	140.928
76.5761	3	105.696
76.6762	1	35.232
76.7763	0	0
76.8764	3	105.696
76.9764	3	105.696
77.0765	0	0
77.1766	3	105.696
77.2767	3	105.696
77.3768	3	105.696
77.4769	2	70.464
77.5771	0	0
77.6772	0	0
77.7773	3	105.696
77.8774	2	70.464
77.9774	2	70.464
78.0776	2	70.464
78.1777	2	70.464
78.2778	1	35.232
78.3779	0	0
78.478	2	70.464
78.5781	2	70.464
78.6782	0	0
78.7783	2	70.464
78.8784	2	70.464
78.9786	2	70.464
79.0787	2	70.464
79.1788	0	0
79.2789	2	70.464
79.3789	2	70.464
79.479	0	0
79.5791	2	70.464
79.6791	2	70.464
79.7792	2	70.464
79.8793	2	70.464
79.9794	2	70.464
80.0796	1	35.232
80.1797	2	70.464
80.2798	1	35.232
80.3799	2	70.464
80.48	3	105.696
80.5801	3	105.696
80.6803	3	105.696
80.7804	0	0
80.8805	2	70.464
80.9805	1	35.232
81.0806	1	35.232
81.1808	0	0
81.2809	0	0
81.3809	0	0
81.481	0	0
81.5811	0	0
81.6812	0	0
81.7813	0	0
81.8814	0	0
81.9816	2	70.464
82.0817	2	70.464
82.1818	1	35.232
82.2819	2	70.464
82.382	2	70.464
82.4821	0	0
82.5822	0	0
82.6823	2	70.464
82.7824	2	70.464
82.8825	0	0
82.9827	0	0
83.0828	2	70.464
83.1829	2	70.464
83.2829	2	70.464
83.383	1	35.232
83.4831	2	70.464
83.5832	1	35.232
83.6834	1	35.232
83.7835	0	0
83.8835	0	0
83.9837	0	0
84.0838	0	0
84.1839	1	35.232
84.284	2	70.464
84.3841	1	35.232
84.4842	0	0
84.5843	0	0
84.6844	1	35.232
84.7845	0	0
84.8846	1	35.232
84.9847	2	70.464
85.0848	0	0
85.1849	1	35.232
85.285	0	0
85.385	0	0
85.4851	1	35.232
85.5852	0	0
85.6853	1	35.232
85.7854	0	0
85.8855	1	35.232
85.9856	1	35.232
86.0856	0	0
86.1857	1	35.232
86.2859	0	0
86.386	1	35.232
86.4861	0	0
86.5862	1	35.232
86.6862	0	0
86.7863	0	0
86.8864	1	35.232
86.9866	0	0
87.0866	1	35.232
87.1867	1	35.232
87.2868	1	35.232
87.3869	0	0
87.487	0	0
87.5871	0	0
87.6871	1	35.232
87.7872	0	0
87.8873	1	35.232
87.9874	1	35.232
88.0875	0	0
88.1876	1	35.232
88.2877	1	35.232
88.3878	1	35.232
88.4879	2	70.464
88.588	1	35.232
88.6881	2	70.464
88.7882	0	0
88.8883	1	35.232
88.9884	1	35.232
89.0885	1	35.232
89.1886	2	70.464
89.2887	1	35.232
89.3888	2	70.464
89.4889	0	0
89.589	2	70.464
89.6891	0	0
89.7893	2	70.464
89.8894	2	70.464
89.9895	0	0
90.0896	2	70.464
90.1896	0	0
90.2898	2	70.464
90.3898	0	0
90.49	0	0
90.5901	3	105.696
90.6901	1	35.232
90.7903	2	70.464
90.8903	0	0
90.9904	0	0
91.0905	2	70.464
91.1906	2	70.464
91.2907	2	70.464
91.3908	3	105.696
91.491	0	0
91.5911	1	35.232
91.6911	2	70.464
91.7913	3	105.696
91.8913	1	35.232
91.9914	0	0
92.0915	0	0
92.1916	3	105.696
92.2917	2	70.464
92.3918	1	35.232
92.492	3	105.696
92.5921	3	105.696
92.6922	1	35.232
92.7923	0	0
92.8925	2	70.464
92.9926	3	105.696
93.0926	1	35.232
93.1928	0	0
93.2928	3	105.696
93.393	3	105.696
93.4931	1	35.232
93.5932	2	70.464
93.6933	0	0
93.7934	2	70.464
93.8935	4	140.928
93.9936	4	140.928
94.0937	3	105.696
94.1938	4	140.928
94.2939	0	0
94.394	4	140.928
94.4941	0	0
94.5942	4	140.928
94.6943	2	70.464
94.7944	4	140.928
94.8945	5	176.16
94.9946	0	0
95.0947	5	176.16
95.1948	1	35.232
95.2949	2	70.464
95.3949	5	176.16
95.495	3	105.696
95.5952	0	0
95.6953	4	140.928
95.7954	0	0
95.8955	5	176.16
95.9956	0	0
96.0957	0	0
96.1958	5	176.16
96.296	0	0
96.3961	5	176.16
96.4962	5	176.16
96.5963	3	105.696
96.6964	3	105.696
96.7965	6	211.392
96.8966	3	105.696
96.9966	3	105.696
97.0967	2	70.464
97.1969	0	0
97.297	0	0
97.3971	4	140.928
97.4972	0	0
97.5972	6	211.392
97.6973	1	35.232
97.7974	6	211.392
97.8975	0	0
97.9976	7	246.624
98.0976	1	35.232
98.1978	1	35.232
98.2979	0	0
98.3979	5	176.16
98.498	2	70.464
98.5982	0	0
98.6983	5	176.16
98.7983	6	211.392
98.8984	6	211.392
98.9985	1	35.232
99.0986	7	246.624
99.1986	0	0
99.2988	0	0
99.3988	3	105.696
99.4989	0	0
99.599	3	105.696
99.6992	1	35.232
99.7993	0	0
99.8994	0	0
99.9995	3	105.696
100.1	1	35.232
100.2	0	0
100.3	0	0
100.4	6	211.392
100.5	0	0
100.6	5	176.16
100.7	0	0
100.8	0	0
100.9	5	176.16
101	5	176.16
101.1	2	70.464
101.201	0	0
101.301	4	140.928
101.401	6	211.392
101.501	0	0
101.601	0	0
101.701	6	211.392
101.801	0	0
101.901	6	211.392
102.001	0	0
102.101	6	211.392
102.202	0	0
102.302	6	211.392
102.402	0	0
102.502	0	0
102.602	6	211.392
102.702	0	0
102.802	6	211.392
102.902	0	0
103.002	0	0
103.103	6	211.392
103.203	0	0
103.303	7	246.624
103.403	0	0
103.503	8	281.856
103.603	0	0
103.703	0	0
103.803	0	0
103.903	0	0
104.004	9	317.088
104.104	8	281.856
104.204	3	105.696
104.304	5	176.16
104.404	0	0
104.504	7	246.624
104.604	8	281.856
104.704	4	140.928
104.805	0	0
104.905	0	0
105.005	0	0
105.105	0	0
105.205	0	0
105.305	0	0
105.405	0	0
105.505	8	281.856
105.605	1	35.232
105.705	7	246.624
105.805	0	0
105.905	7	246.624
106.006	8	281.856
106.106	0	0
106.206	0	0
106.306	8	281.856
106.406	8	281.856
106.506	0	0
106.606	8	281.856
106.706	8	281.856
106.806	8	281.856
106.906	0	0
107.007	8	281.856
107.107	4	140.928
107.207	8	281.856
107.307	2	70.464
107.407	0	0
107.507	8	281.856
107.607	7	246.624
107.707	6	211.392
107.807	1	35.232
107.907	7	246.624
108.008	6	211.392
108.108	7	246.624
108.208	4	140.928
108.308	4	140.928
108.408	1	35.232
108.508	7	246.624
108.608	6	211.392
108.708	4	140.928
108.808	4	140.928
108.909	0	0
109.009	0	0
109.109	0	0
109.209	7	246.624
109.309	0	0
109.409	5	176.16
109.509	5	176.16
109.609	4	140.928
109.709	0	0
109.81	0	0
109.91	6	211.392
110.01	4	140.928
110.11	2	70.464
110.21	0	0
110.31	5	176.16
110.41	2	70.464
110.51	2	70.464
110.61	0	0
110.711	4	140.928
110.811	1	35.232
110.911	0	0
111.011	0	0
111.111	3	105.696
111.211	3	105.696
111.311	0	0
111.411	3	105.696
111.511	0	0
111.611	0	0
111.711	3	105.696
111.812	3	105.696
111.912	3	105.696
112.012	0	0
112.112	3	105.696
112.212	0	0
112.312	0	0
112.412	3	105.696
112.512	1	35.232
112.612	2	70.464
112.712	3	105.696
112.813	3	105.696
112.913	3	105.696
113.013	1	35.232
113.113	0	0
113.213	3	105.696
113.313	0	0
113.413	1	35.232
113.513	1	35.232
113.613	4	140.928
113.714	0	0
113.814	3	105.696
113.914	0	0
114.014	0	0
114.114	3	105.696
114.214	3	105.696
114.314	4	140.928
114.414	0	0
114.514	4	140.928
114.614	0	0
114.714	4	140.928
114.814	0	0
114.915	4	140.928
115.015	0	0
115.115	0	0
115.215	4	140.928
115.315	0	0
115.415	0	0
115.515	3	105.696
115.615	3	105.696
115.715	3	105.696
115.816	0	0
115.916	0	0
116.016	3	105.696
116.116	0	0
116.216	0	0
116.316	3	105.696
116.416	1	35.232
116.516	3	105.696
116.616	2	70.464
116.716	0	0
116.816	0	0
116.917	3	105.696
117.017	3	105.696
117.117	0	0
117.217	0	0
117.317	0	0
117.417	3	105.696
117.517	3	105.696
117.617	3	105.696
117.717	1	35.232
117.818	3	105.696
117.918	3	105.696
118.018	3	105.696
118.118	3	105.696
118.218	3	105.696
118.318	3	105.696
118.418	3	105.696
118.518	3	105.696
118.618	2	70.464
118.718	3	105.696
118.818	3	105.696
118.919	3	105.696
119.019	3	105.696
119.119	4	140.928
119.219	4	140.928
119.319	3	105.696
119.419	4	140.928
119.519	4	140.928
119.619	2	70.464
119.719	2	70.464
119.819	3	105.696
119.919	4	140.928
120.019	4	140.928
120.12	2	70.464
120.22	4	140.928
120.32	5	176.16
120.42	5	176.16
120.52	4	140.928
120.62	0	0
120.72	0	0
120.82	0	0
120.92	4	140.928
121.02	4	140.928
121.121	1	35.232
121.221	4	140.928
121.321	4	140.928
121.421	4	140.928
121.521	4	140.928
121.621	4	140.928
121.721	4	140.928
121.821	0	0
121.921	0	0
122.022	0	0
122.122	0	0
122.222	4	140.928
122.322	3	105.696
122.422	4	140.928
122.522	4	140.928
122.622	4	140.928
122.722	4	140.928
122.822	4	140.928
122.922	4	140.928
123.023	0	0
123.123	4	140.928
123.223	4	140.928
123.323	4	140.928
123.423	4	140.928
123.523	0	0
123.623	4	140.928
123.723	0	0
123.823	4	140.928
123.923	0	0
124.023	3	105.696
124.124	3	105.696
124.224	3	105.696
124.324	4	140.928
124.424	0	0
124.524	4	140.928
124.624	4	140.928
124.724	4	140.928
124.824	4	140.928
124.924	4	140.928
125.024	4	140.928
125.125	0	0
125.225	4	140.928
125.325	4	140.928
125.425	4	140.928
125.525	4	140.928
125.625	2	70.464
125.725	2	70.464
125.825	4	140.928
125.925	4	140.928
126.025	0	0
126.125	4	140.928
126.226	4	140.928
126.326	4	140.928
126.426	5	176.16
126.526	5	176.16
126.626	2	70.464
126.726	5	176.16
126.826	6	211.392
126.926	6	211.392
127.026	6	211.392
127.126	7	246.624
127.226	7	246.624
127.326	8	281.856
127.427	8	281.856
127.527	9	317.088
127.627	10	352.32
127.727	5	176.16
127.827	6	211.392
127.927	0	0
128.027	0	0
128.127	0	0
128.227	11	387.552
128.327	9	317.088
128.427	6	211.392
128.527	10	352.32
128.627	10	352.32
128.727	10	352.32
128.827	11	387.552
128.927	11	387.552
129.027	4	140.928
129.128	11	387.552
129.228	11	387.552
129.328	8	281.856
129.428	11	387.552
129.528	11	387.552
129.628	11	387.552
129.728	11	387.552
129.828	11	387.552
129.928	6	211.392
130.028	11	387.552
130.128	5	176.16
130.228	11	387.552
130.328	11	387.552
130.428	11	387.552
130.528	11	387.552
130.629	11	387.552
130.729	3	105.696
130.829	11	387.552
130.929	9	317.088
131.029	9	317.088
131.129	10	352.32
131.229	7	246.624
131.329	10	352.32
131.429	5	176.16
131.529	11	387.552
131.629	11	387.552
131.729	11	387.552
131.829	10	352.32
131.93	1	35.232
132.03	10	352.32
132.13	11	387.552
132.23	11	387.552
132.33	11	387.552
132.43	11	387.552
132.53	11	387.552
132.63	11	387.552
132.73	5	176.16
132.83	11	387.552
132.931	9	317.088
133.031	3	105.696
133.131	10	352.32
133.231	8	281.856
133.331	3	105.696
133.431	5	176.16
133.531	8	281.856
133.631	8	281.856
133.731	0	0
133.831	8	281.856
133.931	8	281.856
134.032	8	281.856
134.132	0	0
134.232	9	317.088
134.332	9	317.088
134.432	9	317.088
134.532	9	317.088
134.632	9	317.088
134.732	9	317.088
134.832	9	317.088
134.932	6	211.392
135.033	9	317.088
135.133	9	317.088
135.233	9	317.088
135.333	4	140.928
135.433	9	317.088
135.533	8	281.856
135.633	9	317.088
135.733	9	317.088
135.833	9	317.088
135.933	10	352.32
136.034	10	352.32
136.134	10	352.32
136.234	2	70.464
136.334	10	352.32
136.434	9	317.088
136.534	9	317.088
136.634	9	317.088
136.734	9	317.088
136.834	10	352.32
136.934	10	352.32
137.034	10	352.32
137.135	10	352.32
137.235	1	35.232
137.335	10	352.32
137.435	6	211.392
137.535	10	352.32
137.635	11	387.552
137.735	11	387.552
137.835	11	387.552
137.935	11	387.552
138.036	11	387.552
138.136	11	387.552
138.236	11	387.552
138.336	11	387.552
138.436	10	352.32
138.536	11	387.552
138.636	11	387.552
138.736	11	387.552
138.836	9	317.088
138.936	11	387.552
139.036	11	387.552
139.136	11	387.552
139.236	6	211.392
139.336	9	317.088
139.436	10	352.32
139.537	11	387.552
139.637	10	352.32
139.737	12	422.784
139.837	12	422.784
139.937	13	458.016
140.037	13	458.016
140.138	10	352.32
140.238	14	493.248
140.338	15	528.48
140.438	7	246.624
140.538	16	563.712
140.638	17	598.944
140.738	18	634.176
140.838	16	563.712
140.938	19	669.408
141.038	20	704.64
141.138	11	387.552
141.238	22	775.104
141.338	22	775.104
141.438	24	845.568
141.539	20	704.64
141.639	21	739.872
141.739	20	704.64
141.839	12	422.784
141.939	22	775.104
142.039	15	528.48
142.139	23	810.336
142.239	23	810.336
142.339	23	810.336
142.439	24	845.568
142.54	24	845.568
142.64	10	352.32
142.74	24	845.568
142.84	24	845.568
142.94	2	70.464
143.04	24	845.568
143.14	20	704.64
143.24	20	704.64
143.34	20	704.64
143.441	21	739.872
143.541	3	105.696
143.641	21	739.872
143.741	20	704.64
143.841	2	70.464
143.941	19	669.408
144.041	17	598.944
144.141	17	598.944
144.241	6	211.392
144.341	18	634.176
144.441	18	634.176
144.541	18	634.176
144.642	7	246.624
144.742	13	458.016
144.842	19	669.408
144.942	19	669.408
145.042	19	669.408
145.142	19	669.408
145.242	14	493.248
145.342	19	669.408
145.442	5	176.16
145.542	19	669.408
145.642	19	669.408
145.743	19	669.408
145.843	19	669.408
145.943	17	598.944
146.043	19	669.408
146.143	19	669.408
146.243	19	669.408
146.343	19	669.408
146.443	19	669.408
146.543	18	634.176
146.643	9	317.088
146.743	20	704.64
146.843	8	281.856
146.943	20	704.64
147.044	2	70.464
147.144	20	704.64
147.244	16	563.712
147.344	17	598.944
147.444	17	598.944
147.544	18	634.176
147.644	10	352.32
147.744	18	634.176
147.845	17	598.944
147.945	19	669.408
148.045	19	669.408
148.145	19	669.408
148.245	20	704.64
148.345	13	458.016
148.445	0	0
148.545	0	0
148.645	7	246.624
148.745	16	563.712
148.846	16	563.712
148.946	11	387.552
149.046	17	598.944
149.146	17	598.944
149.246	2	70.464
149.346	17	598.944
149.446	5	176.16
149.546	11	387.552
149.646	4	140.928
149.747	2	70.464
149.847	12	422.784
149.947	12	422.784
150.047	5	176.16
150.147	12	422.784
150.247	12	422.784
150.347	12	422.784
150.447	6	211.392
150.547	3	105.696
150.648	12	422.784
150.748	10	352.32
150.848	2	70.464
150.948	10	352.32
151.048	3	105.696
151.148	7	246.624
151.248	7	246.624
151.348	9	317.088
151.448	7	246.624
151.549	9	317.088
151.649	9	317.088
151.749	9	317.088
151.849	4	140.928
151.949	0	0
152.049	0	0
152.149	0	0
152.249	0	0
152.35	0	0
152.45	9	317.088
152.55	0	0
152.65	7	246.624
152.75	8	281.856
152.85	8	281.856
152.95	5	176.16
153.05	8	281.856
153.15	8	281.856
153.25	8	281.856
153.35	8	281.856
153.451	8	281.856
153.551	3	105.696
153.651	8	281.856
153.751	8	281.856
153.851	7	246.624
153.951	8	281.856
154.051	8	281.856
154.151	8	281.856
154.251	8	281.856
154.351	8	281.856
154.452	8	281.856
154.552	8	281.856
154.652	8	281.856
154.752	6	211.392
154.852	8	281.856
154.952	9	317.088
155.053	9	317.088
155.153	6	211.392
155.253	9	317.088
155.353	10	352.32
155.453	10	352.32
155.553	10	352.32
155.653	9	317.088
155.753	10	352.32
155.853	11	387.552
155.953	12	422.784
156.053	13	458.016
156.153	13	458.016
156.254	14	493.248
156.354	15	528.48
156.454	10	352.32
156.554	16	563.712
156.654	13	458.016
156.754	5	176.16
156.854	11	387.552
156.954	14	493.248
157.054	14	493.248
157.154	12	422.784
157.254	15	528.48
157.354	15	528.48
157.455	15	528.48
157.555	15	528.48
157.655	8	281.856
157.755	9	317.088
157.855	16	563.712
157.955	1	35.232
158.055	13	458.016
158.155	13	458.016
158.255	13	458.016
158.355	13	458.016
158.455	14	493.248
158.556	14	493.248
158.656	14	493.248
158.756	14	493.248
158.856	14	493.248
158.956	14	493.248
159.056	14	493.248
159.156	14	493.248
159.256	14	493.248
159.357	14	493.248
159.457	14	493.248
159.557	14	493.248
159.657	14	493.248
159.757	14	493.248
159.857	14	493.248
159.957	14	493.248
160.057	14	493.248
160.157	14	493.248
160.257	13	458.016
160.358	14	493.248
160.458	14	493.248
160.558	15	528.48
160.658	15	528.48
160.758	15	528.48
160.858	15	528.48
160.958	15	528.48
161.058	16	563.712
161.159	16	563.712
161.259	16	563.712
161.359	10	352.32
161.459	13	458.016
161.559	15	528.48
161.659	18	634.176
161.759	18	634.176
161.859	19	669.408
161.959	20	704.64
162.06	19	669.408
162.16	20	704.64
162.26	22	775.104
162.36	23	810.336
162.46	24	845.568
162.561	25	880.8
162.661	26	916.032
162.761	27	951.264
162.861	29	1021.73
162.961	30	1056.96
163.061	32	1127.42
163.161	33	1162.66
163.261	35	1233.12
163.361	37	1303.58
163.461	39	1374.05
163.561	41	1444.51
163.662	43	1514.98
163.762	45	1585.44
163.862	47	1655.9
163.962	49	1726.37
164.062	52	1832.06
164.162	55	1937.76
164.262	57	2008.22
164.362	60	2113.92
164.462	63	2219.62
164.562	66	2325.31
164.662	69	2431.01
164.762	73	2571.94
164.862	76	2677.63
164.963	76	2677.63
165.063	59	2078.69
165.163	82	2889.02
165.263	81	2853.79
165.363	73	2571.94
165.463	95	3347.04
165.563	100	3523.2
165.663	103	3628.9
165.763	107	3769.82
165.863	113	3981.22
165.964	118	4157.38
166.064	125	4404
166.164	131	4615.39
166.264	136	4791.55
166.364	104	3664.13
166.464	145	5108.64
166.564	152	5355.26
166.664	125	4404
166.764	127	4474.46
166.864	129	4544.93
166.964	124	4368.77
167.064	124	4368.77
167.164	124	4368.77
167.265	132	4650.62
167.365	118	4157.38
167.465	135	4756.32
167.565	127	4474.46
167.665	130	4580.16
167.765	131	4615.39
167.865	135	4756.32
167.965	134	4721.09
168.065	33	1162.66
168.165	135	4756.32
168.265	140	4932.48
168.366	145	5108.64
168.466	144	5073.41
168.566	146	5143.87
168.666	147	5179.1
168.766	149	5249.57
168.866	151	5320.03
168.966	151	5320.03
169.067	152	5355.26
169.167	152	5355.26
169.267	152	5355.26
169.367	153	5390.5
169.467	153	5390.5
169.567	153	5390.5
169.667	153	5390.5
169.767	153	5390.5
169.867	123	4333.54
169.967	140	4932.48
170.068	152	5355.26
170.168	147	5179.1
170.268	154	5425.73
170.368	154	5425.73
170.468	152	5355.26
170.568	152	5355.26
170.668	149	5249.57
170.768	152	5355.26
170.868	154	5425.73
170.968	151	5320.03
171.069	151	5320.03
171.169	152	5355.26
171.269	149	5249.57
171.369	153	5390.5
171.469	148	5214.34
171.569	151	5320.03
171.669	144	5073.41
171.769	148	5214.34
171.869	153	5390.5
171.969	154	5425.73
172.069	151	5320.03
172.169	155	5460.96
172.269	155	5460.96
172.369	155	5460.96
172.469	156	5496.19
172.57	156	5496.19
172.67	156	5496.19
172.77	157	5531.42
172.87	157	5531.42
172.97	158	5566.66
173.07	158	5566.66
173.17	159	5601.89
173.27	160	5637.12
173.37	161	5672.35
173.47	158	5566.66
173.57	159	5601.89
173.67	163	5742.82
173.77	163	5742.82
173.871	162	5707.58
173.971	164	5778.05
174.071	161	5672.35
174.171	167	5883.74
174.271	162	5707.58
174.371	170	5989.44
174.471	172	6059.9
174.571	171	6024.67
174.671	174	6130.37
174.771	174	6130.37
174.871	179	6306.53
174.971	181	6376.99
175.072	180	6341.76
175.172	179	6306.53
175.272	187	6588.38
175.372	189	6658.85
175.472	191	6729.31
175.572	194	6835.01
175.672	195	6870.24
175.772	200	7046.4
175.872	203	7152.1
175.972	206	7257.79
176.072	209	7363.49
176.172	213	7504.42
176.272	207	7293.02
176.372	215	7574.88
176.473	218	7680.58
176.573	224	7891.97
176.673	228	8032.9
176.773	233	8209.06
176.874	232	8173.82
176.974	241	8490.91
