time	pps	kbps
0.1001	0	0
0.200217	0	0
0.300337	0	0
0.400455	0	0
0.50057	0	0
0.600685	0	0
0.700784	0	0
0.800867	0	0
0.900982	0	0
1.0011	0	0
1.10121	0	0
1.20133	0	0
1.30138	0	0
1.40155	0	0
1.50166	0	0
1.60178	0	0
1.7019	0	0
1.80201	0	0
1.90213	0	0
2.00223	0	0
2.10235	0	0
2.20247	0	0
2.30258	0	0
2.4027	0	0
2.50282	0	0
2.60286	0	0
2.70299	0	0
2.80311	1	35.232
2.90323	2	70.464
3.00335	2	70.464
3.10347	3	105.696
3.20355	4	140.928
3.3036	6	211.392
3.40364	5	176.16
3.50369	5	176.16
3.6038	0	0
3.70386	22	775.104
3.80391	4	140.928
3.90397	15	528.48
4.00402	5	176.16
4.10412	3	105.696
4.20418	2	70.464
4.30424	16	563.712
4.40429	5	176.16
4.50441	2	70.464
4.60449	2	70.464
4.70453	3	105.696
4.80458	13	458.016
4.90465	4	140.928
5.00476	2	70.464
5.10482	20	704.64
5.20493	3	105.696
5.30503	3	105.696
5.40515	18	634.176
5.50523	2	70.464
5.60529	2	70.464
5.70536	5	176.16
5.80546	12	422.784
5.90555	3	105.696
6.00562	17	598.944
6.10565	5	176.16
6.20587	7	246.624
6.30594	2	70.464
6.40606	3	105.696
6.50614	14	493.248
6.60622	13	458.016
6.70629	2	70.464
6.80637	0	0
6.90644	26	916.032
7.00655	5	176.16
7.1066	23	810.336
7.20665	22	775.104
7.30671	9	317.088
7.40678	5	176.16
7.50685	19	669.408
7.60693	14	493.248
7.70698	2	70.464
7.80702	29	1021.73
7.9071	6	211.392
8.00717	28	986.496
8.10723	3	105.696
8.20735	2	70.464
8.30745	30	1056.96
8.40755	5	176.16
8.50764	29	1021.73
8.60769	7	246.624
8.70779	29	1021.73
8.80785	6	211.392
8.90795	23	810.336
9.00807	14	493.248
9.10819	0	0
9.20825	1	35.232
9.30831	35	1233.12
9.40837	1	35.232
9.50845	0	0
9.60855	0	0
9.70867	37	1303.58
9.80874	5	176.16
9.90879	39	1374.05
10.0088	0	0
10.109	0	0
10.209	18	634.176
10.3092	25	880.8
10.4093	0	0
10.5094	0	0
10.6095	0	0
10.7095	7	246.624
10.8096	36	1268.35
10.9096	0	0
11.0097	13	458.016
11.11	37	1303.58
11.21	8	281.856
11.3101	36	1268.35
11.4102	6	211.392
11.5103	3	105.696
11.6103	43	1514.98
11.7104	0	0
11.8105	45	1585.44
11.9106	2	70.464
12.0108	0	0
12.1109	46	1620.67
12.2109	22	775.104
12.311	12	422.784
12.411	26	916.032
12.5111	30	1056.96
12.6113	9	317.088
12.7114	0	0
12.8115	0	0
12.9116	43	1514.98
13.0117	7	246.624
13.1118	25	880.8
13.2118	5	176.16
13.3119	24	845.568
13.4119	27	951.264
13.512	10	352.32
13.6121	23	810.336
13.7122	27	951.264
13.8123	3	105.696
13.9124	1	35.232
14.0124	31	1092.19
14.1124	2	70.464
14.2125	23	810.336
14.3126	5	176.16
14.4126	20	704.64
14.5127	10	352.32
14.6128	34	1197.89
14.7129	3	105.696
14.8129	3	105.696
14.913	1	35.232
15.0131	35	1233.12
15.1131	1	35.232
15.2132	0	0
15.3132	20	704.64
15.4133	19	669.408
15.5134	0	0
15.6134	37	1303.58
15.7135	1	35.232
15.8135	1	35.232
15.9136	0	0
16.0136	24	845.568
16.1137	2	70.464
16.2137	12	422.784
16.3138	0	0
16.4139	21	739.872
16.514	3	105.696
16.6141	11	387.552
16.7142	11	387.552
16.8143	3	105.696
16.9144	11	387.552
17.0145	23	810.336
17.1146	1	35.232
17.2146	9	317.088
17.3147	10	352.32
17.4148	14	493.248
17.5149	18	634.176
17.615	2	70.464
17.7151	25	880.8
17.8153	5	176.16
17.9154	14	493.248
18.0155	14	493.248
18.1156	14	493.248
18.2157	0	0
18.3158	0	0
18.4158	2	70.464
18.5159	0	0
18.616	0	0
18.716	23	810.336
18.816	8	281.856
18.9161	14	493.248
19.0162	4	140.928
19.1162	12	422.784
19.2163	18	634.176
19.3166	19	669.408
19.4167	10	352.32
19.5168	11	387.552
19.6168	21	739.872
19.7169	8	281.856
19.8169	17	598.944
19.917	8	281.856
20.0172	2	70.464
20.1173	22	775.104
20.2176	17	598.944
20.3177	8	281.856
20.4177	25	880.8
20.5178	4	140.928
20.6179	1	35.232
20.718	16	563.712
20.8181	11	387.552
20.9181	6	211.392
21.0182	14	493.248
21.1184	4	140.928
21.2185	6	211.392
21.3186	5	176.16
21.4187	5	176.16
21.5187	0	0
21.6189	12	422.784
21.7189	4	140.928
21.819	8	281.856
21.9191	3	105.696
22.0192	5	176.16
22.1193	1	35.232
22.2194	11	387.552
22.3195	3	105.696
22.4196	4	140.928
22.5197	0	0
22.6198	13	458.016
22.7199	4	140.928
22.82	14	493.248
22.9201	4	140.928
23.0202	5	176.16
23.1203	9	317.088
23.2204	2	70.464
23.3205	0	0
23.4205	1	35.232
23.5206	3	105.696
23.6207	17	598.944
23.7208	10	352.32
23.8209	1	35.232
23.921	11	387.552
24.0211	2	70.464
24.1212	0	0
24.2213	0	0
24.3214	0	0
24.4215	10	352.32
24.5216	5	176.16
24.6216	10	352.32
24.7217	3	105.696
24.8218	6	211.392
24.9219	15	528.48
25.0221	0	0
25.1221	2	70.464
25.2223	2	70.464
25.3224	15	528.48
25.4225	0	0
25.5225	0	0
25.6226	0	0
25.7227	2	70.464
25.8228	16	563.712
25.9229	2	70.464
26.023	18	634.176
26.1231	0	0
26.2232	10	352.32
26.3232	12	422.784
26.4233	2	70.464
26.5233	2	70.464
26.6234	1	35.232
26.7235	15	528.48
26.8236	2	70.464
26.9236	19	669.408
27.0237	21	739.872
27.1238	4	140.928
27.2238	11	387.552
27.3239	12	422.784
27.424	2	70.464
27.5241	0	0
27.6242	13	458.016
27.7243	9	317.088
27.8244	19	669.408
27.9245	0	0
28.0246	0	0
28.1247	2	70.464
28.2248	20	704.64
28.3249	8	281.856
28.4249	20	704.64
28.525	11	387.552
28.6251	26	916.032
28.7252	1	35.232
28.8253	2	70.464
28.9255	7	246.624
29.0256	16	563.712
29.1257	2	70.464
29.2258	16	563.712
29.3258	0	0
29.4259	2	70.464
29.5259	0	0
29.6261	0	0
29.7262	0	0
29.8263	0	0
29.9264	30	1056.96
30.0265	2	70.464
30.1266	0	0
30.2267	17	598.944
30.3268	2	70.464
30.4269	2	70.464
30.527	1	35.232
30.6271	4	140.928
30.7272	16	563.712
30.8273	18	634.176
30.9273	1	35.232
31.0275	20	704.64
31.1276	1	35.232
31.2277	4	140.928
31.3278	22	775.104
31.4279	4	140.928
31.528	20	704.64
31.6281	2	70.464
31.7282	23	810.336
31.8283	2	70.464
31.9285	21	739.872
32.0286	1	35.232
32.1286	1	35.232
32.2287	24	845.568
32.3288	0	0
32.4292	12	422.784
32.5292	17	598.944
32.6293	9	317.088
32.7293	15	528.48
32.8295	9	317.088
32.9295	24	845.568
33.0297	29	1021.73
33.1298	5	176.16
33.2299	31	1092.19
33.33	2	70.464
33.4302	20	704.64
33.5303	2	70.464
33.6303	31	1092.19
33.7304	11	387.552
33.8305	13	458.016
33.9307	11	387.552
34.0308	11	387.552
34.1309	3	105.696
34.231	0	0
34.3311	5	176.16
34.4312	9	317.088
34.5313	21	739.872
34.6314	1	35.232
34.7314	18	634.176
34.8315	3	105.696
34.9316	2	70.464
35.0318	0	0
35.1319	20	704.64
35.232	9	317.088
35.3321	12	422.784
35.4321	2	70.464
35.5322	22	775.104
35.6323	5	176.16
35.7324	0	0
35.8325	0	0
35.9326	0	0
36.0327	16	563.712
36.1327	11	387.552
36.2328	10	352.32
36.333	2	70.464
36.4331	12	422.784
36.5332	1	35.232
36.6333	0	0
36.7334	3	105.696
36.8334	15	528.48
36.9336	12	422.784
37.0337	7	246.624
37.1338	0	0
37.2339	5	176.16
37.3341	16	563.712
37.4341	0	0
37.5342	1	35.232
37.6343	19	669.408
37.7343	20	704.64
37.8345	5	176.16
37.9346	0	0
38.0346	2	70.464
38.1347	0	0
38.2349	21	739.872
38.335	8	281.856
38.4351	0	0
38.5352	22	775.104
38.6353	0	0
38.7354	0	0
38.8355	0	0
38.9356	11	387.552
39.0356	13	458.016
39.1357	1	35.232
39.2358	17	598.944
39.3359	7	246.624
39.436	1	35.232
39.5361	0	0
39.6362	10	352.32
39.7363	14	493.248
39.8364	2	70.464
39.9365	3	105.696
40.0365	5	176.16
40.1366	27	951.264
40.2368	3	105.696
40.3368	16	563.712
40.4369	0	0
40.537	21	739.872
40.6371	17	598.944
40.7371	16	563.712
40.8373	0	0
40.9374	9	317.088
41.0374	19	669.408
41.1375	0	0
41.2377	0	0
41.3378	0	0
41.4379	21	739.872
41.5379	17	598.944
41.638	0	0
41.7381	18	634.176
41.8382	10	352.32
41.9383	15	528.48
42.0384	20	704.64
42.1385	2	70.464
42.2386	6	211.392
42.3387	18	634.176
42.4388	1	35.232
42.5389	0	0
42.639	0	0
42.7391	18	634.176
42.8392	4	140.928
42.9392	10	352.32
43.0393	12	422.784
43.1393	9	317.088
43.2394	21	739.872
43.3396	6	211.392
43.4397	2	70.464
43.5398	0	0
43.6398	0	0
43.7399	26	916.032
43.8401	2	70.464
43.9402	1	35.232
44.0403	25	880.8
44.1403	5	176.16
44.2404	19	669.408
44.3405	2	70.464
44.4407	1	35.232
44.5408	12	422.784
44.6409	5	176.16
44.741	28	986.496
44.8411	5	176.16
44.9412	15	528.48
45.0413	19	669.408
45.1414	14	493.248
45.2414	22	775.104
45.3415	12	422.784
45.4416	26	916.032
45.5417	0	0
45.6418	2	70.464
45.7419	19	669.408
45.842	4	140.928
45.9421	20	704.64
46.0423	17	598.944
46.1424	3	105.696
46.2425	2	70.464
46.3426	8	281.856
46.4429	4	140.928
46.5429	31	1092.19
46.643	1	35.232
46.7432	1	35.232
46.8432	6	211.392
46.9434	4	140.928
47.0435	10	352.32
47.1436	5	176.16
47.2437	1	35.232
47.3438	23	810.336
47.4439	6	211.392
47.544	3	105.696
47.6441	6	211.392
47.7442	32	1127.42
47.8443	0	0
47.9443	4	140.928
48.0444	38	1338.82
48.1445	0	0
48.2446	3	105.696
48.3447	39	1374.05
48.4448	0	0
48.5449	1	35.232
48.645	1	35.232
48.7451	23	810.336
48.8452	20	704.64
48.9453	0	0
49.0454	2	70.464
49.1455	0	0
49.2455	14	493.248
49.3456	8	281.856
49.4457	22	775.104
49.5459	4	140.928
49.646	0	0
49.7461	22	775.104
49.8462	20	704.64
49.9463	4	140.928
50.0464	35	1233.12
50.1465	13	458.016
50.2466	1	35.232
50.3467	11	387.552
50.4468	11	387.552
50.5468	12	422.784
50.6469	38	1338.82
50.7471	16	563.712
50.8472	36	1268.35
50.9473	5	176.16
51.0474	0	0
51.1474	19	669.408
51.2475	30	1056.96
51.3477	0	0
51.4477	6	211.392
51.5478	47	1655.9
51.6479	4	140.928
51.7479	30	1056.96
51.8481	38	1338.82
51.9482	8	281.856
52.0483	10	352.32
52.1484	7	246.624
52.2485	35	1233.12
52.3487	10	352.32
52.4488	0	0
52.5489	1	35.232
52.649	0	0
52.7491	0	0
52.8491	0	0
52.9492	0	0
53.0493	4	140.928
53.1495	0	0
53.2496	38	1338.82
53.3497	0	0
53.4498	12	422.784
53.5498	18	634.176
53.65	2	70.464
53.7501	0	0
53.8502	0	0
53.9503	23	810.336
54.0504	0	0
54.1505	0	0
54.2506	17	598.944
54.3507	12	422.784
54.4508	9	317.088
54.5509	16	563.712
54.651	0	0
54.7511	17	598.944
54.8512	8	281.856
54.9513	0	0
55.0514	19	669.408
55.1515	1	35.232
55.2516	5	176.16
55.3517	21	739.872
55.4519	10	352.32
55.5519	4	140.928
55.6521	0	0
55.7522	0	0
55.8523	1	35.232
55.9524	21	739.872
56.0525	3	105.696
56.1526	1	35.232
56.2527	0	0
56.3528	0	0
56.4529	13	458.016
56.553	3	105.696
56.6531	12	422.784
56.7532	3	105.696
56.8533	0	0
56.9534	4	140.928
57.0535	11	387.552
57.1536	16	563.712
57.2537	3	105.696
57.3538	0	0
57.4539	11	387.552
57.5539	9	317.088
57.654	3	105.696
57.7541	16	563.712
57.8541	10	352.32
57.9542	2	70.464
58.0543	0	0
58.1544	20	704.64
58.2545	7	246.624
58.3546	10	352.32
58.4548	18	634.176
58.5548	8	281.856
58.655	0	0
58.755	0	0
58.8551	0	0
58.9552	0	0
59.0554	5	176.16
59.1555	0	0
59.2556	0	0
59.3557	0	0
59.4558	0	0
59.5559	18	634.176
59.656	1	35.232
59.756	0	0
59.8562	0	0
59.9562	0	0
60.0563	2	70.464
60.1564	0	0
60.2566	13	458.016
60.3567	0	0
60.4568	0	0
60.5569	0	0
60.657	0	0
60.7571	0	0
60.8572	0	0
60.9573	0	0
61.0574	3	105.696
61.1574	11	387.552
61.2575	0	0
61.3576	2	70.464
61.4576	14	493.248
61.5578	2	70.464
61.6578	0	0
61.7579	0	0
61.858	0	0
61.958	7	246.624
62.0581	8	281.856
62.1581	0	0
62.2582	0	0
62.3583	0	0
62.4583	0	0
62.5584	0	0
62.6584	2	70.464
62.7585	12	422.784
62.8586	7	246.624
62.9587	16	563.712
63.0589	2	70.464
63.159	19	669.408
63.2591	2	70.464
63.3593	16	563.712
63.4594	11	387.552
63.5595	6	211.392
63.6596	2	70.464
63.7597	0	0
63.8598	14	493.248
63.96	9	317.088
64.0601	0	0
64.1602	1	35.232
64.2603	2	70.464
64.3604	12	422.784
64.4605	6	211.392
64.5607	13	458.016
64.6607	11	387.552
64.7609	2	70.464
64.8609	1	35.232
64.961	24	845.568
65.0611	4	140.928
65.1612	0	0
65.2614	0	0
65.3615	17	598.944
65.4616	0	0
65.5617	5	176.16
65.6618	0	0
65.762	0	0
65.8621	2	70.464
65.9622	25	880.8
66.0623	2	70.464
66.1624	0	0
66.2625	1	35.232
66.3626	14	493.248
66.4626	12	422.784
66.5627	10	352.32
66.6628	12	422.784
66.7629	0	0
66.863	0	0
66.9631	0	0
67.0633	0	0
67.1634	6	211.392
67.2634	12	422.784
67.3635	0	0
67.4636	0	0
67.5637	0	0
67.6638	13	458.016
67.764	0	0
67.8641	0	0
67.9642	20	704.64
68.0643	4	140.928
68.1644	21	739.872
68.2645	12	422.784
68.3646	10	352.32
68.4647	0	0
68.5647	4	140.928
68.6648	0	0
68.7649	0	0
68.865	21	739.872
68.9651	4	140.928
69.0653	1	35.232
69.1654	23	810.336
69.2655	0	0
69.3657	3	105.696
69.4658	23	810.336
69.5659	4	140.928
69.666	5	176.16
69.7661	0	0
69.8662	0	0
69.9663	0	0
70.0664	9	317.088
70.1665	19	669.408
70.2666	1	35.232
70.3668	9	317.088
70.4669	6	211.392
70.567	0	0
70.667	17	598.944
70.7671	2	70.464
70.8672	27	951.264
70.9673	0	0
71.0674	4	140.928
71.1675	19	669.408
71.2676	2	70.464
71.3677	0	0
71.4678	25	880.8
71.5679	10	352.32
71.6679	29	1021.73
71.768	3	105.696
71.8681	14	493.248
71.9682	24	845.568
72.0682	2	70.464
72.1683	1	35.232
72.2685	34	1197.89
72.3686	6	211.392
72.4687	8	281.856
72.5688	0	0
72.6689	2	70.464
72.769	23	810.336
72.8691	13	458.016
72.9692	1	35.232
73.0693	8	281.856
73.1694	0	0
73.2695	0	0
73.3696	0	0
73.4697	0	0
73.5698	22	775.104
73.6699	17	598.944
73.7701	0	0
73.8702	0	0
73.9703	6	211.392
74.0703	13	458.016
74.1705	0	0
74.2706	3	105.696
74.3707	2	70.464
74.4708	8	281.856
74.5709	13	458.016
74.671	9	317.088
74.7712	6	211.392
74.8713	0	0
74.9714	0	0
75.0715	0	0
75.1716	17	598.944
75.2717	10	352.32
75.3718	6	211.392
75.4719	16	563.712
75.572	0	0
75.6721	0	0
75.7722	0	0
75.8723	25	880.8
75.9724	3	105.696
76.0725	1	35.232
76.1726	20	704.64
76.2726	7	246.624
76.3728	0	0
76.4729	5	176.16
76.5729	17	598.944
76.673	0	0
76.7731	0	0
76.8732	0	0
76.9733	2	70.464
77.0734	8	281.856
77.1736	16	563.712
77.2741	4	140.928
77.3741	14	493.248
77.4742	4	140.928
77.5744	17	598.944
77.6745	1	35.232
77.7746	0	0
77.8747	0	0
77.9748	0	0
78.0748	18	634.176
78.175	0	0
78.2751	0	0
78.3752	0	0
78.4753	0	0
78.5754	19	669.408
78.6755	1	35.232
78.7756	15	528.48
78.8757	2	70.464
78.9758	19	669.408
79.0759	5	176.16
79.176	0	0
79.2761	0	0
79.3762	9	317.088
79.4763	5	176.16
79.5764	17	598.944
79.6764	6	211.392
79.7765	24	845.568
79.8766	6	211.392
79.9768	0	0
80.0769	0	0
80.177	1	35.232
80.2771	1	35.232
80.3771	25	880.8
80.4772	3	105.696
80.5773	0	0
80.6774	14	493.248
80.7775	14	493.248
80.8776	1	35.232
80.9777	5	176.16
81.0779	11	387.552
81.178	28	986.496
81.2781	6	211.392
81.3782	0	0
81.4783	0	0
81.5785	15	528.48
81.6785	14	493.248
81.7786	11	387.552
81.8787	0	0
81.9788	1	35.232
82.0789	19	669.408
82.1791	1	35.232
82.2792	11	387.552
82.3793	30	1056.96
82.4794	0	0
82.5795	0	0
82.6796	25	880.8
82.7797	14	493.248
82.8797	24	845.568
82.9798	0	0
83.08	11	387.552
83.1801	29	1021.73
83.2802	27	951.264
83.3803	11	387.552
83.4804	2	70.464
83.5805	5	176.16
83.6809	22	775.104
83.7809	19	669.408
83.881	18	634.176
83.9812	2	70.464
84.0813	0	0
84.1814	2	70.464
84.2815	15	528.48
84.3817	33	1162.66
84.4818	0	0
84.5819	0	0
84.682	3	105.696
84.7821	4	140.928
84.8822	35	1233.12
84.9823	3	105.696
85.0823	1	35.232
85.1824	2	70.464
85.2826	3	105.696
85.3827	3	105.696
85.4828	37	1303.58
85.5829	0	0
85.683	14	493.248
85.7831	2	70.464
85.8832	13	458.016
85.9833	16	563.712
86.0833	7	246.624
86.1834	7	246.624
86.2835	5	176.16
86.3836	36	1268.35
86.4837	4	140.928
86.5838	1	35.232
86.6839	6	211.392
86.7842	12	422.784
86.8843	26	916.032
86.9844	0	0
87.0844	1	35.232
87.1844	0	0
87.2846	0	0
87.3846	0	0
87.4847	0	0
87.5848	0	0
87.6849	0	0
87.785	45	1585.44
87.8851	2	70.464
87.9852	2	70.464
88.0853	22	775.104
88.1854	4	140.928
88.2855	4	140.928
88.3856	21	739.872
88.4857	21	739.872
88.5858	10	352.32
88.6859	10	352.32
88.7859	0	0
88.8861	11	387.552
88.9862	14	493.248
89.0863	1	35.232
89.1864	19	669.408
89.2864	0	0
89.3865	12	422.784
89.4866	24	845.568
89.5867	6	211.392
89.6868	4	140.928
89.7869	29	1021.73
89.887	23	810.336
89.9871	0	0
90.0872	12	422.784
90.1872	27	951.264
90.2873	17	598.944
90.3874	0	0
90.4876	0	0
90.5876	14	493.248
90.6877	27	951.264
90.7878	12	422.784
90.8879	0	0
90.988	0	0
91.0883	36	1268.35
91.1884	27	951.264
91.2885	28	986.496
91.3886	26	916.032
91.4887	6	211.392
91.5888	1	35.232
91.6889	38	1338.82
91.7889	19	669.408
91.889	0	0
91.9891	0	0
92.0893	4	140.928
92.1893	28	986.496
92.2894	20	704.64
92.3895	18	634.176
92.4896	3	105.696
92.5898	24	845.568
92.6899	25	880.8
92.79	1	35.232
92.8901	8	281.856
92.9902	10	352.32
93.0903	25	880.8
93.1904	0	0
93.2905	19	669.408
93.3906	19	669.408
93.4907	14	493.248
93.5909	7	246.624
93.691	0	0
93.7911	12	422.784
93.8911	28	986.496
93.9912	23	810.336
94.0913	0	0
94.1914	15	528.48
94.2915	21	739.872
94.3916	12	422.784
94.4917	5	176.16
94.5918	0	0
94.6919	0	0
94.792	25	880.8
94.8921	28	986.496
94.9922	0	0
95.0923	9	317.088
95.1924	1	35.232
95.2925	0	0
95.3926	0	0
95.4927	17	598.944
95.5928	9	317.088
95.6929	14	493.248
95.793	11	387.552
95.8931	9	317.088
95.9932	0	0
96.0933	0	0
96.1934	30	1056.96
96.2935	12	422.784
96.3936	14	493.248
96.4937	23	810.336
96.5939	2	70.464
96.6939	0	0
96.7941	2	70.464
96.8942	3	105.696
96.9943	6	211.392
97.0944	24	845.568
97.1945	0	0
97.2946	0	0
97.3947	20	704.64
97.4948	0	0
97.595	14	493.248
97.6951	32	1127.42
97.7952	40	1409.28
97.8953	3	105.696
97.9953	25	880.8
98.0955	19	669.408
98.1956	0	0
98.2957	21	739.872
98.3957	14	493.248
98.4958	7	246.624
98.5959	5	176.16
98.696	3	105.696
98.7961	0	0
98.8961	5	176.16
98.9962	17	598.944
99.0963	39	1374.05
99.1964	3	105.696
99.2965	5	176.16
99.3966	19	669.408
99.4967	10	352.32
99.5968	20	704.64
99.6969	2	70.464
99.797	0	0
99.8971	1	35.232
99.9972	20	704.64
100.097	13	458.016
100.197	0	0
100.297	0	0
100.398	2	70.464
100.498	9	317.088
100.598	9	317.088
100.698	7	246.624
100.798	7	246.624
100.898	31	1092.19
100.998	10	352.32
101.099	14	493.248
101.199	4	140.928
101.299	23	810.336
101.399	11	387.552
101.499	0	0
101.599	0	0
101.699	27	951.264
101.799	5	176.16
101.899	0	0
102	34	1197.89
102.1	2	70.464
102.2	11	387.552
102.3	2	70.464
102.4	21	739.872
102.5	0	0
102.6	10	352.32
102.7	11	387.552
102.801	3	105.696
102.901	0	0
103.001	0	0
103.101	34	1197.89
103.201	11	387.552
103.301	19	669.408
103.401	8	281.856
103.501	9	317.088
103.601	0	0
103.701	0	0
103.802	0	0
103.902	0	0
104.002	33	1162.66
104.102	20	704.64
104.202	26	916.032
104.302	12	422.784
104.402	0	0
104.502	30	1056.96
104.603	16	563.712
104.703	32	1127.42
104.803	3	105.696
104.903	0	0
105.003	0	0
105.103	15	528.48
105.203	30	1056.96
105.303	0	0
105.403	0	0
105.503	2	70.464
105.603	33	1162.66
105.704	1	35.232
105.804	0	0
105.904	19	669.408
106.004	30	1056.96
106.104	0	0
106.204	22	775.104
106.304	20	704.64
106.404	27	951.264
106.504	0	0
106.605	23	810.336
106.705	41	1444.51
106.805	18	634.176
106.905	23	810.336
107.005	30	1056.96
107.105	25	880.8
107.205	24	845.568
107.305	6	211.392
107.405	9	317.088
107.506	41	1444.51
107.606	15	528.48
107.706	34	1197.89
107.806	3	105.696
107.906	10	352.32
108.006	0	0
108.106	1	35.232
108.206	25	880.8
108.307	11	387.552
108.407	6	211.392
108.507	26	916.032
108.607	15	528.48
108.707	28	986.496
108.807	19	669.408
108.907	0	0
109.007	0	0
109.107	0	0
109.207	13	458.016
109.308	6	211.392
109.408	9	317.088
109.508	14	493.248
109.608	2	70.464
109.708	0	0
109.808	0	0
109.908	20	704.64
110.008	3	105.696
110.108	3	105.696
110.208	0	0
110.309	24	845.568
110.409	21	739.872
110.509	18	634.176
110.609	0	0
110.709	29	1021.73
110.809	0	0
110.909	0	0
111.009	8	281.856
111.109	32	1127.42
111.21	10	352.32
111.31	1	35.232
111.41	20	704.64
111.51	0	0
111.61	0	0
111.71	21	739.872
111.81	19	669.408
111.91	20	704.64
112.01	8	281.856
112.11	13	458.016
112.211	0	0
112.311	0	0
112.411	29	1021.73
112.511	13	458.016
112.611	8	281.856
112.711	11	387.552
112.811	17	598.944
112.911	5	176.16
113.011	25	880.8
113.111	5	176.16
113.211	1	35.232
113.312	0	0
113.412	2	70.464
113.512	0	0
113.612	19	669.408
113.712	23	810.336
113.812	3	105.696
113.912	0	0
114.012	4	140.928
114.112	22	775.104
114.212	5	176.16
114.312	12	422.784
114.413	12	422.784
114.513	2	70.464
114.613	0	0
114.713	7	246.624
114.813	1	35.232
114.913	7	246.624
115.013	5	176.16
115.113	0	0
115.213	20	704.64
115.313	2	70.464
115.414	0	0
115.514	0	0
115.614	14	493.248
115.714	15	528.48
115.814	0	0
115.914	3	105.696
116.014	4	140.928
116.114	12	422.784
116.214	2	70.464
116.314	17	598.944
116.415	2	70.464
116.515	0	0
116.615	9	317.088
116.715	0	0
116.815	9	317.088
116.915	3	105.696
117.015	3	105.696
117.115	0	0
117.215	0	0
117.315	0	0
117.416	19	669.408
117.516	1	35.232
117.616	4	140.928
117.716	10	352.32
117.816	2	70.464
117.916	13	458.016
118.016	2	70.464
118.116	13	458.016
118.216	3	105.696
118.316	15	528.48
118.416	7	246.624
118.517	14	493.248
118.617	15	528.48
118.717	11	387.552
118.817	19	669.408
118.917	14	493.248
119.017	9	317.088
119.117	13	458.016
119.217	22	775.104
119.317	17	598.944
119.417	9	317.088
119.517	17	598.944
119.618	9	317.088
119.718	13	458.016
119.818	11	387.552
119.918	7	246.624
120.018	23	810.336
120.118	24	845.568
120.218	21	739.872
120.318	24	845.568
120.418	10	352.32
120.518	7	246.624
120.619	0	0
120.719	0	0
120.819	6	211.392
120.919	15	528.48
121.019	15	528.48
121.119	10	352.32
121.219	15	528.48
121.319	13	458.016
121.419	17	598.944
121.519	4	140.928
121.62	20	704.64
121.72	16	563.712
121.82	8	281.856
121.92	0	0
122.02	0	0
122.12	0	0
122.22	22	775.104
122.32	11	387.552
122.42	3	105.696
122.52	14	493.248
122.621	15	528.48
122.721	12	422.784
122.821	6	211.392
122.921	2	70.464
123.021	17	598.944
123.121	1	35.232
123.221	10	352.32
123.321	11	387.552
123.421	12	422.784
123.521	12	422.784
123.622	8	281.856
123.722	6	211.392
123.822	3	105.696
123.922	12	422.784
124.022	6	211.392
124.122	6	211.392
124.222	10	352.32
124.322	8	281.856
124.422	12	422.784
124.522	13	458.016
124.622	6	211.392
124.722	12	422.784
124.822	12	422.784
124.922	16	563.712
125.023	11	387.552
125.123	10	352.32
125.223	17	598.944
125.323	18	634.176
125.423	7	246.624
125.523	17	598.944
125.623	20	704.64
125.723	4	140.928
125.823	22	775.104
125.923	19	669.408
126.023	11	387.552
126.123	24	845.568
126.223	19	669.408
126.323	16	563.712
126.424	18	634.176
126.524	26	916.032
126.624	28	986.496
126.724	29	1021.73
126.824	30	1056.96
126.924	18	634.176
127.024	30	1056.96
127.124	21	739.872
127.224	33	1162.66
127.324	33	1162.66
127.424	26	916.032
127.524	36	1268.35
127.624	36	1268.35
127.725	5	176.16
127.825	1	35.232
127.925	38	1338.82
128.025	6	211.392
128.125	0	0
128.225	21	739.872
128.325	12	422.784
128.425	13	458.016
128.525	1	35.232
128.625	14	493.248
128.725	15	528.48
128.825	16	563.712
128.925	16	563.712
129.025	18	634.176
129.125	6	211.392
129.225	19	669.408
129.325	17	598.944
129.425	8	281.856
129.526	21	739.872
129.626	19	669.408
129.726	22	775.104
129.826	24	845.568
129.926	10	352.32
130.026	26	916.032
130.126	18	634.176
130.226	27	951.264
130.326	27	951.264
130.426	7	246.624
130.526	29	1021.73
130.626	28	986.496
130.726	31	1092.19
130.826	1	35.232
130.926	32	1127.42
131.026	18	634.176
131.126	4	140.928
131.226	18	634.176
131.326	20	704.64
131.427	2	70.464
131.527	21	739.872
131.627	12	422.784
131.727	4	140.928
131.827	10	352.32
131.927	1	35.232
132.027	12	422.784
132.127	9	317.088
132.227	10	352.32
132.327	3	105.696
132.427	9	317.088
132.528	12	422.784
132.628	13	458.016
132.728	7	246.624
132.828	12	422.784
132.928	11	387.552
133.028	9	317.088
133.129	16	563.712
133.229	16	563.712
133.329	10	352.32
133.429	10	352.32
133.529	19	669.408
133.629	8	281.856
133.729	8	281.856
133.829	17	598.944
133.929	12	422.784
134.03	13	458.016
134.13	13	458.016
134.23	5	176.16
134.33	14	493.248
134.43	16	563.712
134.53	17	598.944
134.63	14	493.248
134.73	6	211.392
134.83	19	669.408
134.93	7	246.624
135.03	20	704.64
135.13	11	387.552
135.231	20	704.64
135.331	19	669.408
135.431	11	387.552
135.531	23	810.336
135.631	25	880.8
135.731	4	140.928
135.831	26	916.032
135.931	4	140.928
136.032	21	739.872
136.132	23	810.336
136.232	9	317.088
136.332	15	528.48
136.432	11	387.552
136.532	19	669.408
136.632	15	528.48
136.732	17	598.944
136.832	7	246.624
136.932	18	634.176
137.032	5	176.16
137.133	18	634.176
137.233	17	598.944
137.333	17	598.944
137.433	9	317.088
137.533	0	0
137.633	22	775.104
137.733	11	387.552
137.833	3	105.696
137.933	14	493.248
138.033	3	105.696
138.134	15	528.48
138.234	9	317.088
138.334	11	387.552
138.434	17	598.944
138.534	9	317.088
138.634	10	352.32
138.734	11	387.552
138.834	19	669.408
138.934	3	105.696
139.034	0	0
139.134	3	105.696
139.234	18	634.176
139.334	12	422.784
139.434	13	458.016
139.535	4	140.928
139.635	11	387.552
139.735	7	246.624
139.835	13	458.016
139.935	5	176.16
140.035	9	317.088
140.135	8	281.856
140.235	2	70.464
140.335	10	352.32
140.435	5	176.16
140.535	10	352.32
140.635	13	458.016
140.735	6	211.392
140.835	15	528.48
140.935	6	211.392
141.036	10	352.32
141.136	8	281.856
141.236	6	211.392
141.336	18	634.176
141.436	14	493.248
141.536	14	493.248
141.636	18	634.176
141.736	13	458.016
141.836	4	140.928
141.936	22	775.104
142.036	8	281.856
142.137	14	493.248
142.237	15	528.48
142.337	23	810.336
142.437	10	352.32
142.537	7	246.624
142.637	8	281.856
142.737	13	458.016
142.837	13	458.016
142.937	3	105.696
143.037	11	387.552
143.138	14	493.248
143.238	2	70.464
143.338	17	598.944
143.438	12	422.784
143.538	10	352.32
143.638	18	634.176
143.738	6	211.392
143.838	20	704.64
143.938	20	704.64
144.038	9	317.088
144.138	17	598.944
144.238	23	810.336
144.338	24	845.568
144.438	13	458.016
144.539	23	810.336
144.639	27	951.264
144.739	5	176.16
144.839	0	0
144.939	0	0
145.039	5	176.16
145.139	23	810.336
145.239	5	176.16
145.339	2	70.464
145.439	16	563.712
145.54	10	352.32
145.64	4	140.928
145.74	2	70.464
145.84	0	0
145.94	1	35.232
146.04	0	0
146.14	2	70.464
146.24	16	563.712
146.34	11	387.552
146.441	5	176.16
146.541	9	317.088
146.641	12	422.784
146.741	14	493.248
146.841	0	0
146.941	15	528.48
147.041	1	35.232
147.141	16	563.712
147.241	9	317.088
147.341	11	387.552
147.442	16	563.712
147.542	6	211.392
147.642	14	493.248
147.742	19	669.408
147.842	13	458.016
147.942	13	458.016
148.042	21	739.872
148.142	23	810.336
148.242	7	246.624
148.343	2	70.464
148.443	16	563.712
148.543	0	0
148.643	0	0
148.743	25	880.8
148.843	3	105.696
148.943	4	140.928
149.043	12	422.784
149.144	13	458.016
149.244	12	422.784
149.344	17	598.944
149.444	11	387.552
149.544	3	105.696
149.644	0	0
149.744	0	0
149.844	19	669.408
149.944	11	387.552
150.044	2	70.464
150.145	11	387.552
150.245	13	458.016
150.345	14	493.248
150.445	3	105.696
150.545	6	211.392
150.645	16	563.712
150.745	17	598.944
150.845	6	211.392
150.946	2	70.464
151.046	16	563.712
151.146	19	669.408
151.246	20	704.64
151.346	9	317.088
151.446	13	458.016
151.546	21	739.872
151.646	23	810.336
151.747	24	845.568
151.847	22	775.104
151.947	3	105.696
152.047	0	0
152.147	0	0
152.247	0	0
152.347	2	70.464
152.447	0	0
152.547	20	704.64
152.648	8	281.856
152.748	14	493.248
152.848	12	422.784
152.948	14	493.248
153.048	5	176.16
153.149	10	352.32
153.249	11	387.552
153.349	4	140.928
153.449	11	387.552
153.549	12	422.784
153.65	13	458.016
153.75	15	528.48
153.85	8	281.856
153.95	16	563.712
154.05	11	387.552
154.15	16	563.712
154.25	10	352.32
154.35	19	669.408
154.45	19	669.408
154.551	21	739.872
154.651	13	458.016
154.751	15	528.48
154.851	23	810.336
154.951	21	739.872
155.051	17	598.944
155.151	17	598.944
155.251	20	704.64
155.351	27	951.264
155.451	28	986.496
155.551	8	281.856
155.652	26	916.032
155.752	18	634.176
155.852	20	704.64
155.952	32	1127.42
156.052	20	704.64
156.152	19	669.408
156.252	19	669.408
156.353	33	1162.66
156.453	19	669.408
156.553	7	246.624
156.653	31	1092.19
156.753	20	704.64
156.853	21	739.872
156.953	4	140.928
157.053	22	775.104
157.153	23	810.336
157.253	24	845.568
157.353	4	140.928
157.454	24	845.568
157.554	3	105.696
157.654	26	916.032
157.754	4	140.928
157.854	26	916.032
157.954	4	140.928
158.054	2	70.464
158.154	27	951.264
158.255	20	704.64
158.355	16	563.712
158.455	30	1056.96
158.555	28	986.496
158.655	6	211.392
158.755	32	1127.42
158.855	30	1056.96
158.955	17	598.944
159.055	14	493.248
159.156	35	1233.12
159.256	31	1092.19
159.356	25	880.8
159.456	28	986.496
159.556	28	986.496
159.656	27	951.264
159.756	33	1162.66
159.856	30	1056.96
159.956	23	810.336
160.057	13	458.016
160.157	40	1409.28
160.257	18	634.176
160.357	23	810.336
160.457	10	352.32
160.557	21	739.872
160.657	21	739.872
160.758	14	493.248
160.858	27	951.264
160.958	13	458.016
161.058	19	669.408
161.158	21	739.872
161.258	6	211.392
161.358	24	845.568
161.458	17	598.944
161.559	18	634.176
161.659	4	140.928
161.759	19	669.408
161.859	18	634.176
161.959	21	739.872
162.059	10	352.32
162.159	21	739.872
162.259	23	810.336
162.359	16	563.712
162.46	25	880.8
162.56	26	916.032
162.66	18	634.176
162.76	25	880.8
162.86	17	598.944
162.96	29	1021.73
163.06	30	1056.96
163.16	23	810.336
163.26	24	845.568
163.361	24	845.568
163.461	32	1127.42
163.561	8	281.856
163.661	18	634.176
163.761	18	634.176
163.861	17	598.944
163.961	20	704.64
164.062	7	246.624
164.162	20	704.64
164.262	21	739.872
164.362	23	810.336
164.462	24	845.568
164.562	14	493.248
164.662	21	739.872
164.762	25	880.8
164.862	26	916.032
164.962	14	493.248
165.062	26	916.032
165.162	22	775.104
165.262	30	1056.96
165.362	6	211.392
165.463	31	1092.19
165.563	28	986.496
165.663	18	634.176
165.763	31	1092.19
165.863	18	634.176
165.963	19	669.408
166.063	13	458.016
166.163	20	704.64
166.263	22	775.104
166.363	11	387.552
166.463	21	739.872
166.563	14	493.248
166.663	20	704.64
166.763	22	775.104
166.864	26	916.032
166.964	26	916.032
167.064	7	246.624
167.164	26	916.032
167.264	29	1021.73
167.364	30	1056.96
167.464	31	1092.19
167.564	30	1056.96
167.664	12	422.784
167.764	22	775.104
167.864	20	704.64
167.964	14	493.248
168.064	19	669.408
168.164	20	704.64
168.264	21	739.872
168.364	22	775.104
168.464	5	176.16
168.565	23	810.336
168.665	23	810.336
168.765	25	880.8
168.865	19	669.408
168.965	10	352.32
169.065	27	951.264
169.165	21	739.872
169.265	8	281.856
169.365	6	211.392
169.465	22	775.104
169.566	18	634.176
169.666	16	563.712
169.766	17	598.944
169.866	4	140.928
169.966	17	598.944
170.066	19	669.408
170.166	19	669.408
170.266	20	704.64
170.366	14	493.248
170.466	23	810.336
170.566	18	634.176
170.666	23	810.336
170.766	22	775.104
170.866	25	880.8
170.967	19	669.408
171.067	26	916.032
171.167	15	528.48
171.267	23	810.336
171.367	18	634.176
171.467	26	916.032
171.567	32	1127.42
171.667	21	739.872
171.767	21	739.872
171.867	34	1197.89
171.967	34	1197.89
172.067	13	458.016
172.168	30	1056.96
172.268	37	1303.58
172.368	21	739.872
172.468	26	916.032
172.568	25	880.8
172.668	13	458.016
172.768	39	1374.05
172.868	11	387.552
172.968	17	598.944
173.068	18	634.176
173.168	8	281.856
173.268	20	704.64
173.368	20	704.64
173.468	7	246.624
173.568	13	458.016
173.668	15	528.48
173.768	16	563.712
173.868	17	598.944
173.968	17	598.944
174.068	13	458.016
174.169	19	669.408
174.269	10	352.32
174.369	20	704.64
174.469	22	775.104
174.569	22	775.104
174.669	12	422.784
174.769	23	810.336
174.869	2	70.464
174.969	2	70.464
175.069	4	140.928
175.169	16	563.712
175.269	10	352.32
175.369	10	352.32
175.469	15	528.48
175.569	16	563.712
175.669	15	528.48
175.769	18	634.176
175.869	19	669.408
175.969	20	704.64
176.069	19	669.408
176.169	4	140.928
176.27	22	775.104
176.37	0	0
176.47	13	458.016
176.57	14	493.248
176.67	15	528.48
176.77	15	528.48
176.87	11	387.552
176.97	17	598.944
177.07	11	387.552
177.17	3	105.696
177.27	10	352.32
177.37	0	0
177.47	0	0
177.57	0	0
177.67	7	246.624
177.77	4	140.928
177.87	10	352.32
177.971	12	422.784
178.071	7	246.624
178.171	1	35.232
178.271	9	317.088
178.371	10	352.32
178.471	11	387.552
178.571	10	352.32
178.671	6	211.392
178.771	12	422.784
178.871	14	493.248
178.972	4	140.928
179.072	11	387.552
179.172	9	317.088
179.272	6	211.392
179.372	9	317.088
179.472	10	352.32
179.572	11	387.552
179.672	12	422.784
179.772	13	458.016
179.872	4	140.928
179.973	14	493.248
180.073	11	387.552
180.173	16	563.712
180.273	16	563.712
180.373	6	211.392
180.473	18	634.176
180.573	19	669.408
180.673	19	669.408
180.773	6	211.392
180.873	21	739.872
180.973	22	775.104
181.074	22	775.104
181.174	22	775.104
181.274	18	634.176
181.374	17	598.944
181.474	21	739.872
181.574	22	775.104
181.674	27	951.264
181.774	2	70.464
181.874	29	1021.73
181.975	16	563.712
182.075	17	598.944
182.175	14	493.248
182.275	18	634.176
182.375	10	352.32
182.475	2	70.464
182.575	20	704.64
182.675	12	422.784
182.776	13	458.016
182.876	14	493.248
182.976	15	528.48
183.076	9	317.088
183.176	1	35.232
183.276	16	563.712
183.376	10	352.32
183.476	11	387.552
183.576	12	422.784
183.676	4	140.928
183.777	13	458.016
183.877	3	105.696
183.977	11	387.552
184.077	0	0
184.177	0	0
184.277	0	0
184.377	15	528.48
184.477	9	317.088
184.577	0	0
184.677	10	352.32
184.777	11	387.552
184.878	1	35.232
184.978	12	422.784
185.078	13	458.016
185.178	14	493.248
185.278	12	422.784
185.378	8	281.856
185.478	16	563.712
185.578	17	598.944
185.678	18	634.176
185.778	19	669.408
185.878	20	704.64
185.978	19	669.408
186.078	22	775.104
186.178	22	775.104
186.278	24	845.568
186.379	24	845.568
186.479	21	739.872
186.579	23	810.336
186.679	25	880.8
186.779	28	986.496
186.879	26	916.032
186.979	30	1056.96
187.079	30	1056.96
187.179	26	916.032
187.279	27	951.264
187.379	30	1056.96
187.479	35	1233.12
187.58	36	1268.35
187.68	8	281.856
187.78	21	739.872
187.88	17	598.944
187.98	20	704.64
188.08	21	739.872
188.18	21	739.872
188.28	19	669.408
188.38	22	775.104
188.481	3	105.696
188.581	25	880.8
188.681	14	493.248
188.781	15	528.48
188.881	16	563.712
188.981	11	387.552
189.081	14	493.248
189.181	16	563.712
189.281	9	317.088
189.382	19	669.408
189.482	21	739.872
189.582	22	775.104
189.682	10	352.32
189.782	22	775.104
189.882	24	845.568
189.982	24	845.568
190.082	26	916.032
190.182	27	951.264
190.282	28	986.496
190.383	29	1021.73
190.483	22	775.104
190.583	31	1092.19
190.683	23	810.336
190.783	23	810.336
190.883	2	70.464
190.983	33	1162.66
191.083	18	634.176
191.183	14	493.248
191.284	19	669.408
191.384	12	422.784
191.484	21	739.872
191.584	15	528.48
191.684	20	704.64
191.785	17	598.944
191.885	20	704.64
191.985	0	0
192.085	25	880.8
192.185	4	140.928
192.285	15	528.48
192.385	7	246.624
192.485	15	528.48
192.586	7	246.624
192.686	17	598.944
192.786	3	105.696
192.886	16	563.712
192.986	18	634.176
193.086	20	704.64
193.186	0	0
193.286	21	739.872
193.387	2	70.464
193.487	11	387.552
193.587	13	458.016
193.687	14	493.248
193.787	15	528.48
193.887	16	563.712
193.987	5	176.16
194.087	17	598.944
194.187	14	493.248
194.288	19	669.408
194.388	0	0
194.488	20	704.64
194.588	12	422.784
194.688	7	246.624
194.788	9	317.088
194.888	14	493.248
194.988	12	422.784
195.089	11	387.552
195.189	12	422.784
195.289	14	493.248
195.389	18	634.176
195.489	17	598.944
195.589	2	70.464
195.689	18	634.176
195.789	12	422.784
195.889	13	458.016
195.99	14	493.248
196.09	2	70.464
196.19	15	528.48
196.29	14	493.248
196.39	11	387.552
196.49	9	317.088
196.59	16	563.712
196.69	19	669.408
196.79	1	35.232
196.891	20	704.64
196.991	11	387.552
197.091	1	35.232
197.191	0	0
197.291	12	422.784
197.391	8	281.856
197.491	3	105.696
197.591	6	211.392
197.691	3	105.696
197.792	10	352.32
197.892	11	387.552
197.992	12	422.784
198.092	12	422.784
198.192	14	493.248
198.292	15	528.48
198.392	16	563.712
198.492	17	598.944
198.592	18	634.176
198.693	19	669.408
198.793	14	493.248
198.893	12	422.784
198.993	21	739.872
199.093	22	775.104
199.194	22	775.104
199.294	22	775.104
199.394	25	880.8
199.494	26	916.032
199.594	27	951.264
199.694	28	986.496
199.794	29	1021.73
199.894	30	1056.96
199.994	17	598.944
200.094	31	1092.19
200.195	32	1127.42
200.295	33	1162.66
200.395	32	1127.42
200.495	35	1233.12
200.596	0	0
200.696	36	1268.35
200.796	20	704.64
200.896	21	739.872
200.996	22	775.104
201.096	5	176.16
201.196	22	775.104
201.296	7	246.624
201.396	23	810.336
201.497	13	458.016
201.597	15	528.48
201.697	16	563.712
201.797	13	458.016
201.897	16	563.712
201.997	18	634.176
202.097	19	669.408
202.198	20	704.64
202.298	21	739.872
202.398	22	775.104
202.498	18	634.176
202.598	24	845.568
202.698	25	880.8
202.798	26	916.032
202.898	27	951.264
202.998	28	986.496
203.099	28	986.496
203.199	5	176.16
203.299	30	1056.96
203.399	31	1092.19
203.499	32	1127.42
203.599	33	1162.66
203.699	34	1197.89
203.8	30	1056.96
203.9	27	951.264
204	33	1162.66
204.1	34	1197.89
204.2	34	1197.89
204.3	39	1374.05
204.401	4	140.928
204.501	39	1374.05
204.601	41	1444.51
204.701	41	1444.51
204.801	3	105.696
204.901	11	387.552
205.001	25	880.8
205.101	10	352.32
205.201	23	810.336
205.301	16	563.712
205.402	25	880.8
205.502	5	176.16
205.602	1	35.232
205.702	9	317.088
205.802	17	598.944
205.902	7	246.624
206.003	15	528.48
206.103	13	458.016
206.203	15	528.48
206.303	13	458.016
206.403	15	528.48
206.503	19	669.408
206.603	20	704.64
206.704	4	140.928
206.804	0	0
206.904	5	176.16
207.004	0	0
207.104	16	563.712
207.204	8	281.856
207.304	1	35.232
207.404	13	458.016
207.504	10	352.32
207.605	7	246.624
207.705	14	493.248
207.805	4	140.928
207.905	1	35.232
208.005	0	0
208.105	16	563.712
208.206	4	140.928
208.306	9	317.088
208.406	9	317.088
208.506	7	246.624
208.606	7	246.624
208.706	13	458.016
208.806	10	352.32
208.906	15	528.48
209.006	16	563.712
209.107	17	598.944
209.207	15	528.48
209.307	18	634.176
209.407	19	669.408
209.507	20	704.64
209.607	10	352.32
209.707	22	775.104
209.807	23	810.336
209.907	24	845.568
210.008	25	880.8
210.108	26	916.032
210.208	19	669.408
210.308	26	916.032
210.408	21	739.872
210.508	29	1021.73
210.608	27	951.264
210.708	24	845.568
210.809	6	211.392
210.909	27	951.264
211.009	13	458.016
211.109	18	634.176
211.209	14	493.248
211.31	15	528.48
211.41	20	704.64
211.51	13	458.016
211.61	1	35.232
211.71	21	739.872
211.81	2	70.464
211.91	13	458.016
212.01	14	493.248
212.111	12	422.784
212.211	14	493.248
212.311	15	528.48
212.411	17	598.944
212.511	17	598.944
212.611	16	563.712
212.711	20	704.64
212.811	17	598.944
212.911	22	775.104
213.012	23	810.336
213.112	24	845.568
213.212	25	880.8
213.312	26	916.032
213.412	27	951.264
213.512	28	986.496
213.612	29	1021.73
213.712	30	1056.96
213.813	31	1092.19
213.913	28	986.496
214.013	33	1162.66
214.113	17	598.944
214.213	34	1197.89
214.313	31	1092.19
214.413	35	1233.12
214.513	5	176.16
214.613	18	634.176
214.713	21	739.872
214.814	10	352.32
214.914	12	422.784
215.014	2	70.464
215.114	1	35.232
215.214	6	211.392
215.314	4	140.928
215.414	13	458.016
215.514	2	70.464
215.614	1	35.232
215.715	13	458.016
215.815	3	105.696
215.915	14	493.248
216.015	3	105.696
216.115	0	0
216.215	16	563.712
216.315	0	0
216.415	0	0
216.516	17	598.944
216.616	18	634.176
216.716	19	669.408
216.816	20	704.64
216.916	0	0
217.016	0	0
217.116	0	0
217.216	0	0
217.316	2	70.464
217.416	19	669.408
217.517	1	35.232
217.617	12	422.784
217.717	2	70.464
217.817	11	387.552
217.917	14	493.248
218.017	15	528.48
218.117	10	352.32
218.217	7	246.624
218.318	17	598.944
218.418	7	246.624
218.518	2	70.464
218.618	16	563.712
218.718	6	211.392
218.818	20	704.64
218.918	2	70.464
219.018	20	704.64
219.118	5	176.16
219.219	20	704.64
219.319	23	810.336
219.419	24	845.568
219.519	4	140.928
219.619	23	810.336
219.72	21	739.872
219.82	25	880.8
219.92	9	317.088
220.02	11	387.552
220.12	25	880.8
220.22	22	775.104
220.32	24	845.568
220.42	9	317.088
220.521	3	105.696
220.621	20	704.64
220.721	12	422.784
220.821	17	598.944
220.921	11	387.552
221.021	14	493.248
221.121	12	422.784
221.221	20	704.64
221.321	12	422.784
221.421	9	317.088
221.522	22	775.104
221.622	18	634.176
221.722	22	775.104
221.822	25	880.8
221.922	10	352.32
222.022	24	845.568
222.122	23	810.336
222.222	28	986.496
222.322	3	105.696
222.423	29	1021.73
222.523	30	1056.96
222.623	12	422.784
222.723	9	317.088
222.823	5	176.16
222.923	27	951.264
223.023	17	598.944
223.123	18	634.176
223.223	13	458.016
223.324	20	704.64
223.424	11	387.552
223.524	0	0
223.624	22	775.104
223.724	23	810.336
223.824	24	845.568
223.924	10	352.32
224.024	25	880.8
224.124	22	775.104
224.225	26	916.032
224.325	17	598.944
224.425	22	775.104
224.525	29	1021.73
224.625	22	775.104
224.725	0	0
224.825	31	1092.19
224.925	17	598.944
225.025	4	140.928
225.125	16	563.712
225.226	19	669.408
225.326	20	704.64
225.426	21	739.872
225.526	2	70.464
225.626	22	775.104
225.726	23	810.336
225.826	6	211.392
225.926	2	70.464
226.027	0	0
226.127	3	105.696
226.227	0	0
226.327	21	739.872
226.427	2	70.464
226.527	14	493.248
226.627	4	140.928
226.727	13	458.016
226.827	16	563.712
226.928	17	598.944
227.028	18	634.176
227.128	3	105.696
227.228	19	669.408
227.328	20	704.64
227.428	12	422.784
227.528	18	634.176
227.628	15	528.48
227.728	23	810.336
227.828	14	493.248
227.929	22	775.104
228.029	19	669.408
228.129	25	880.8
228.229	8	281.856
228.329	28	986.496
228.429	20	704.64
228.529	21	739.872
228.629	30	1056.96
228.729	29	1021.73
228.83	20	704.64
228.93	32	1127.42
229.03	33	1162.66
229.131	34	1197.89
229.231	3	105.696
229.331	35	1233.12
229.431	3	105.696
229.531	19	669.408
229.631	20	704.64
229.731	21	739.872
229.831	22	775.104
229.932	23	810.336
230.032	17	598.944
230.132	25	880.8
230.232	26	916.032
230.332	26	916.032
230.432	26	916.032
230.532	15	528.48
230.632	2	70.464
230.732	29	1021.73
230.832	16	563.712
230.933	17	598.944
231.033	18	634.176
231.133	19	669.408
231.233	20	704.64
231.333	21	739.872
231.433	22	775.104
231.533	23	810.336
231.633	13	458.016
231.734	1	35.232
231.834	25	880.8
231.934	14	493.248
232.034	15	528.48
232.134	15	528.48
232.234	17	598.944
232.334	14	493.248
232.434	18	634.176
232.534	14	493.248
232.634	19	669.408
232.735	18	634.176
232.835	19	669.408
232.935	23	810.336
233.035	24	845.568
233.135	24	845.568
233.235	26	916.032
233.335	27	951.264
233.436	28	986.496
233.536	29	1021.73
233.636	12	422.784
233.736	29	1021.73
233.836	31	1092.19
233.936	32	1127.42
234.036	33	1162.66
234.137	7	246.624
234.237	32	1127.42
234.337	35	1233.12
234.437	34	1197.89
234.537	37	1303.58
234.637	38	1338.82
234.737	39	1374.05
234.838	40	1409.28
234.938	17	598.944
235.038	39	1374.05
235.138	37	1303.58
235.238	43	1514.98
235.338	6	211.392
235.438	5	176.16
235.538	41	1444.51
235.638	0	0
235.739	2	70.464
235.839	24	845.568
235.939	2	70.464
236.039	9	317.088
236.139	12	422.784
236.239	9	317.088
236.339	5	176.16
236.439	10	352.32
236.539	1	35.232
236.639	0	0
236.74	11	387.552
236.84	7	246.624
236.94	1	35.232
237.04	1	35.232
237.14	5	176.16
237.24	5	176.16
237.34	5	176.16
237.44	7	246.624
237.541	8	281.856
237.641	9	317.088
237.741	1	35.232
237.841	10	352.32
237.941	11	387.552
238.041	12	422.784
238.141	3	105.696
238.241	13	458.016
238.341	11	387.552
238.442	15	528.48
238.542	15	528.48
238.642	8	281.856
238.742	14	493.248
238.842	18	634.176
238.942	2	70.464
239.042	19	669.408
239.142	0	0
239.242	11	387.552
239.342	12	422.784
239.443	13	458.016
239.543	14	493.248
239.643	15	528.48
239.743	3	105.696
239.843	16	563.712
239.943	17	598.944
240.043	16	563.712
240.143	2	70.464
240.243	6	211.392
240.344	13	458.016
240.444	11	387.552
240.544	12	422.784
240.644	6	211.392
240.744	9	317.088
240.844	13	458.016
240.944	15	528.48
241.044	16	563.712
241.145	0	0
241.245	17	598.944
241.345	2	70.464
241.445	0	0
241.545	6	211.392
241.645	12	422.784
241.746	11	387.552
241.846	12	422.784
241.946	13	458.016
242.046	14	493.248
242.146	7	246.624
242.246	14	493.248
242.346	13	458.016
242.447	16	563.712
242.547	17	598.944
242.647	19	669.408
242.747	20	704.64
242.847	21	739.872
242.947	16	563.712
243.047	20	704.64
243.147	23	810.336
243.247	24	845.568
243.348	25	880.8
243.448	18	634.176
243.548	27	951.264
243.648	28	986.496
243.748	29	1021.73
243.848	30	1056.96
243.948	16	563.712
244.048	31	1092.19
244.149	32	1127.42
244.249	33	1162.66
244.349	13	458.016
244.449	35	1233.12
244.549	36	1268.35
244.649	31	1092.19
244.749	37	1303.58
244.849	12	422.784
244.949	39	1374.05
245.05	8	281.856
245.15	22	775.104
245.25	18	634.176
245.35	22	775.104
245.45	13	458.016
245.55	16	563.712
245.65	24	845.568
245.75	24	845.568
245.85	26	916.032
245.951	8	281.856
246.051	27	951.264
246.151	28	986.496
246.251	10	352.32
246.351	29	1021.73
246.451	30	1056.96
246.551	31	1092.19
246.651	32	1127.42
246.751	33	1162.66
246.852	33	1162.66
246.952	35	1233.12
247.052	36	1268.35
247.152	12	422.784
247.252	33	1162.66
247.352	38	1338.82
247.452	19	669.408
247.552	34	1197.89
247.652	39	1374.05
247.753	42	1479.74
247.853	34	1197.89
247.953	18	634.176
248.053	31	1092.19
248.153	23	810.336
248.253	8	281.856
248.353	4	140.928
248.453	12	422.784
248.553	13	458.016
248.653	13	458.016
248.754	10	352.32
248.854	15	528.48
248.954	17	598.944
249.054	18	634.176
249.154	19	669.408
249.254	19	669.408
249.354	19	669.408
249.454	22	775.104
249.554	23	810.336
249.655	19	669.408
249.755	22	775.104
249.855	23	810.336
249.955	25	880.8
250.055	26	916.032
250.155	28	986.496
250.255	26	916.032
250.355	30	1056.96
250.456	16	563.712
250.556	18	634.176
250.656	4	140.928
250.756	24	845.568
250.856	14	493.248
250.956	17	598.944
251.056	18	634.176
251.156	19	669.408
251.256	21	739.872
251.357	22	775.104
251.457	20	704.64
251.557	24	845.568
251.657	10	352.32
251.757	20	704.64
251.857	2	70.464
251.957	24	845.568
252.057	2	70.464
252.157	13	458.016
252.258	16	563.712
252.358	17	598.944
252.458	6	211.392
252.558	18	634.176
252.658	19	669.408
252.758	18	634.176
252.858	20	704.64
252.958	11	387.552
253.058	15	528.48
253.159	11	387.552
253.259	13	458.016
253.359	12	422.784
253.459	15	528.48
253.559	16	563.712
253.659	17	598.944
253.759	18	634.176
253.859	19	669.408
253.96	20	704.64
254.06	21	739.872
254.16	16	563.712
254.26	21	739.872
254.36	22	775.104
254.46	22	775.104
254.56	23	810.336
254.66	26	916.032
254.76	27	951.264
254.861	28	986.496
254.961	27	951.264
255.061	30	1056.96
255.161	31	1092.19
255.261	5	176.16
255.361	32	1127.42
255.461	33	1162.66
255.561	34	1197.89
255.661	35	1233.12
255.761	27	951.264
255.862	34	1197.89
255.962	37	1303.58
256.062	38	1338.82
256.162	40	1409.28
256.262	41	1444.51
256.362	42	1479.74
256.463	30	1056.96
256.563	22	775.104
256.663	42	1479.74
256.763	45	1585.44
256.863	45	1585.44
256.963	47	1655.9
257.063	32	1127.42
257.163	46	1620.67
257.263	34	1197.89
257.363	33	1162.66
257.464	51	1796.83
257.564	35	1233.12
257.664	20	704.64
257.764	2	70.464
257.864	33	1162.66
257.964	27	951.264
258.064	28	986.496
258.164	23	810.336
258.264	8	281.856
258.364	28	986.496
258.465	31	1092.19
258.565	32	1127.42
258.665	33	1162.66
258.765	4	140.928
258.865	33	1162.66
258.965	0	0
259.065	35	1233.12
259.165	1	35.232
259.265	18	634.176
259.365	20	704.64
259.466	21	739.872
259.566	22	775.104
259.666	23	810.336
259.766	3	105.696
259.866	21	739.872
259.967	22	775.104
260.067	24	845.568
260.167	19	669.408
260.267	2	70.464
260.367	26	916.032
260.467	13	458.016
260.567	9	317.088
260.667	17	598.944
260.767	12	422.784
260.867	7	246.624
260.968	19	669.408
261.068	20	704.64
261.168	15	528.48
261.268	21	739.872
261.368	13	458.016
261.468	0	0
261.568	23	810.336
261.668	13	458.016
261.768	4	140.928
261.869	13	458.016
261.969	15	528.48
262.069	4	140.928
262.169	16	563.712
262.269	5	176.16
262.369	17	598.944
262.469	18	634.176
262.569	16	563.712
262.67	4	140.928
262.77	18	634.176
262.87	19	669.408
262.97	22	775.104
263.07	8	281.856
263.17	24	845.568
263.27	23	810.336
263.37	16	563.712
263.47	15	528.48
263.571	27	951.264
263.671	4	140.928
263.771	28	986.496
263.871	0	0
263.971	29	1021.73
264.071	30	1056.96
264.171	31	1092.19
264.271	14	493.248
264.371	31	1092.19
264.472	21	739.872
264.572	23	810.336
264.672	26	916.032
264.772	35	1233.12
264.872	36	1268.35
264.972	12	422.784
265.072	25	880.8
265.172	34	1197.89
265.273	21	739.872
265.373	25	880.8
265.473	39	1374.05
265.573	40	1409.28
265.673	38	1338.82
265.773	30	1056.96
265.873	21	739.872
265.973	44	1550.21
266.074	45	1585.44
266.174	41	1444.51
266.274	0	0
266.374	47	1655.9
266.474	0	0
266.574	25	880.8
266.674	26	916.032
266.774	21	739.872
266.874	26	916.032
266.974	28	986.496
267.074	19	669.408
267.175	30	1056.96
267.275	16	563.712
267.375	32	1127.42
267.475	1	35.232
267.575	33	1162.66
267.675	18	634.176
