time	pps	kbps
0.100112	0	0
0.20023	0	0
0.30035	0	0
0.400468	0	0
0.500554	0	0
0.600672	0	0
0.700789	0	0
0.800907	0	0
0.901026	0	0
1.00115	0	0
1.10126	0	0
1.20136	0	0
1.30148	0	0
1.4016	0	0
1.50171	0	0
1.60183	0	0
1.70195	0	0
1.80203	0	0
1.90214	0	0
2.00226	0	0
2.10238	0	0
2.20249	0	0
2.3026	0	0
2.40272	0	0
2.50277	0	0
2.60288	0	0
2.703	2	70.464
2.80311	2	70.464
2.90323	4	140.928
3.00334	8	281.856
3.10345	6	211.392
3.20353	13	458.016
3.30363	20	704.64
3.40369	38	1338.82
3.5038	51	1796.83
3.60388	0	0
3.70391	65	2290.08
3.80395	18	634.176
3.90398	25	880.8
4.00409	29	1021.73
4.10413	27	951.264
4.20417	29	1021.73
4.30423	21	739.872
4.40438	32	1127.42
4.5045	32	1127.42
4.60457	1	35.232
4.70461	31	1092.19
4.80465	32	1127.42
4.90471	14	493.248
5.00481	30	1056.96
5.10493	30	1056.96
5.20499	32	1127.42
5.30504	32	1127.42
5.40509	32	1127.42
5.50521	26	916.032
5.60525	31	1092.19
5.7053	29	1021.73
5.80534	21	739.872
5.90541	26	916.032
6.00553	19	669.408
6.1056	5	176.16
6.20568	29	1021.73
6.30578	15	528.48
6.4059	10	352.32
6.50602	13	458.016
6.6061	12	422.784
6.7062	16	563.712
6.8063	16	563.712
6.90639	16	563.712
7.00645	16	563.712
7.10651	16	563.712
7.20657	16	563.712
7.30661	8	281.856
7.40667	16	563.712
7.50673	16	563.712
7.60684	16	563.712
7.70689	16	563.712
7.80696	16	563.712
7.90706	16	563.712
8.00717	16	563.712
8.10729	9	317.088
8.20739	12	422.784
8.30751	16	563.712
8.40759	5	176.16
8.50766	15	528.48
8.60776	16	563.712
8.70784	8	281.856
8.80796	16	563.712
8.90802	16	563.712
9.00807	16	563.712
9.10815	18	634.176
9.20826	17	598.944
9.30832	25	880.8
9.40842	26	916.032
9.50855	0	0
9.60861	4	140.928
9.70867	39	1374.05
9.80875	18	634.176
9.90887	19	669.408
10.0089	20	704.64
10.109	10	352.32
10.2091	21	739.872
10.3092	20	704.64
10.4093	11	387.552
10.5094	0	0
10.6095	21	739.872
10.7096	15	528.48
10.8097	15	528.48
10.9098	21	739.872
11.0101	22	775.104
11.1102	14	493.248
11.2103	43	1514.98
11.3104	11	387.552
11.4105	46	1620.67
11.5106	48	1691.14
11.6107	2	70.464
11.7108	81	2853.79
11.8109	10	352.32
11.911	23	810.336
12.0111	0	0
12.1112	10	352.32
12.2113	36	1268.35
12.3114	0	0
12.4114	18	634.176
12.5117	10	352.32
12.6118	0	0
12.7119	16	563.712
12.812	17	598.944
12.9121	4	140.928
13.0121	2	70.464
13.1122	0	0
13.2123	0	0
13.3124	18	634.176
13.4125	2	70.464
13.5126	14	493.248
13.6126	14	493.248
13.7127	20	704.64
13.8128	7	246.624
13.9129	28	986.496
14.013	21	739.872
14.1131	20	704.64
14.2132	0	0
14.3132	55	1937.76
14.4133	0	0
14.5133	21	739.872
14.6134	64	2254.85
14.7134	16	563.712
14.8135	7	246.624
14.9136	18	634.176
15.0136	64	2254.85
15.1137	2	70.464
15.2138	0	0
15.3138	95	3347.04
15.4139	9	317.088
15.514	0	0
15.6141	43	1514.98
15.7142	1	35.232
15.8143	2	70.464
15.9143	43	1514.98
16.0144	6	211.392
16.1145	2	70.464
16.2146	34	1197.89
16.3146	0	0
16.4147	24	845.568
16.5148	2	70.464
16.6149	0	0
16.7151	0	0
16.8152	0	0
16.9153	0	0
17.0154	0	0
17.1154	50	1761.6
17.2155	2	70.464
17.3156	0	0
17.4156	0	0
17.5157	0	0
17.6158	0	0
17.7159	0	0
17.816	0	0
17.9161	0	0
18.0162	0	0
18.1163	0	0
18.2164	21	739.872
18.3165	18	634.176
18.4166	12	422.784
18.5167	0	0
18.6167	24	845.568
18.7168	5	176.16
18.8169	24	845.568
18.917	24	845.568
19.0171	14	493.248
19.1171	17	598.944
19.2172	23	810.336
19.3173	25	880.8
19.4174	25	880.8
19.5175	8	281.856
19.6176	25	880.8
19.7176	23	810.336
19.8178	25	880.8
19.9178	9	317.088
20.0178	25	880.8
20.1179	24	845.568
20.218	23	810.336
20.318	8	281.856
20.4182	23	810.336
20.5183	25	880.8
20.6184	25	880.8
20.7185	17	598.944
20.8187	25	880.8
20.9189	3	105.696
21.019	24	845.568
21.1191	25	880.8
21.2192	10	352.32
21.3192	11	387.552
21.4193	16	563.712
21.5194	0	0
21.6195	11	387.552
21.7196	17	598.944
21.8197	8	281.856
21.9199	23	810.336
22.02	0	0
22.1201	2	70.464
22.2202	33	1162.66
22.3203	46	1620.67
22.4204	8	281.856
22.5205	2	70.464
22.6209	63	2219.62
22.721	43	1514.98
22.8211	68	2395.78
22.9211	3	105.696
23.0212	0	0
23.1213	0	0
23.2215	0	0
23.3216	22	775.104
23.4217	76	2677.63
23.5218	0	0
23.6218	0	0
23.7219	0	0
23.822	2	70.464
23.922	40	1409.28
24.0221	3	105.696
24.1222	0	0
24.2223	0	0
24.3225	0	0
24.4225	41	1444.51
24.5226	10	352.32
24.6227	13	458.016
24.7228	36	1268.35
24.8228	10	352.32
24.9229	0	0
25.0231	0	0
25.1231	2	70.464
25.2232	1	35.232
25.3233	19	669.408
25.4234	29	1021.73
25.5235	22	775.104
25.6236	3	105.696
25.7236	47	1655.9
25.8237	14	493.248
25.9238	36	1268.35
26.0238	6	211.392
26.1239	1	35.232
26.224	48	1691.14
26.3241	7	246.624
26.4242	0	0
26.5244	0	0
26.6244	0	0
26.7246	0	0
26.8247	49	1726.37
26.9248	49	1726.37
27.0249	10	352.32
27.125	47	1655.9
27.2251	2	70.464
27.3251	21	739.872
27.4252	30	1056.96
27.5254	2	70.464
27.6255	23	810.336
27.7255	36	1268.35
27.8257	0	0
27.9258	0	0
28.0258	44	1550.21
28.1259	7	246.624
28.226	0	0
28.3261	0	0
28.4262	0	0
28.5263	0	0
28.6264	2	70.464
28.7265	0	0
28.8266	0	0
28.9267	0	0
29.0268	0	0
29.1269	0	0
29.227	0	0
29.3271	49	1726.37
29.4272	3	105.696
29.5273	0	0
29.6275	0	0
29.7276	20	704.64
29.8277	22	775.104
29.9278	1	35.232
30.0279	22	775.104
30.128	0	0
30.2281	3	105.696
30.3282	16	563.712
30.4283	9	317.088
30.5284	0	0
30.6284	24	845.568
30.7285	4	140.928
30.8286	24	845.568
30.9287	5	176.16
31.0288	21	739.872
31.1289	3	105.696
31.229	8	281.856
31.329	21	739.872
31.4291	24	845.568
31.5292	3	105.696
31.6293	24	845.568
31.7294	6	211.392
31.8295	19	669.408
31.9296	5	176.16
32.0297	0	0
32.1298	24	845.568
32.2299	6	211.392
32.33	0	0
32.4301	22	775.104
32.5302	20	704.64
32.6303	9	317.088
32.7304	0	0
32.8304	24	845.568
32.9306	13	458.016
33.0306	5	176.16
33.1307	21	739.872
33.2308	6	211.392
33.3309	18	634.176
33.4311	0	0
33.5312	6	211.392
33.6312	19	669.408
33.7314	24	845.568
33.8315	14	493.248
33.9316	1	35.232
34.0317	0	0
34.1318	5	176.16
34.2319	4	140.928
34.332	3	105.696
34.4322	14	493.248
34.5323	8	281.856
34.6324	6	211.392
34.7325	15	528.48
34.8326	21	739.872
34.9327	5	176.16
35.0328	0	0
35.1329	29	1021.73
35.233	5	176.16
35.333	41	1444.51
35.4331	9	317.088
35.5333	17	598.944
35.6333	40	1409.28
35.7335	0	0
35.8336	0	0
35.9337	0	0
36.0338	25	880.8
36.1339	48	1691.14
36.234	4	140.928
36.3341	1	35.232
36.4342	1	35.232
36.5343	2	70.464
36.6345	8	281.856
36.7345	15	528.48
36.8346	9	317.088
36.9347	33	1162.66
37.0348	3	105.696
37.1349	2	70.464
37.235	18	634.176
37.3351	0	0
37.4352	2	70.464
37.5353	0	0
37.6354	26	916.032
37.7368	14	493.248
37.8368	33	1162.66
37.937	36	1268.35
38.037	2	70.464
38.1371	18	634.176
38.2372	19	669.408
38.3373	9	317.088
38.4374	1	35.232
38.5375	0	0
38.6376	0	0
38.7377	1	35.232
38.8378	36	1268.35
38.9379	1	35.232
39.0379	36	1268.35
39.138	5	176.16
39.238	6	211.392
39.3381	32	1127.42
39.4382	12	422.784
39.5383	36	1268.35
39.6384	14	493.248
39.7385	0	0
39.8386	0	0
39.9387	2	70.464
40.0388	0	0
40.1389	0	0
40.239	36	1268.35
40.3391	9	317.088
40.4392	6	211.392
40.5393	16	563.712
40.6394	15	528.48
40.7395	5	176.16
40.8396	17	598.944
40.9398	10	352.32
41.0399	0	0
41.14	0	0
41.2401	0	0
41.3402	2	70.464
41.4403	18	634.176
41.5404	1	35.232
41.6405	1	35.232
41.7409	18	634.176
41.8409	17	598.944
41.9411	9	317.088
42.0412	16	563.712
42.1413	8	281.856
42.2414	10	352.32
42.3415	18	634.176
42.4416	3	105.696
42.5417	18	634.176
42.6418	16	563.712
42.7419	18	634.176
42.842	3	105.696
42.9421	15	528.48
43.0422	18	634.176
43.1424	4	140.928
43.2425	15	528.48
43.3426	17	598.944
43.4427	2	70.464
43.5428	17	598.944
43.6429	0	0
43.743	2	70.464
43.8431	16	563.712
43.9432	0	0
44.0433	14	493.248
44.1434	1	35.232
44.2435	16	563.712
44.3437	4	140.928
44.4438	0	0
44.5439	0	0
44.644	8	281.856
44.7441	14	493.248
44.8442	18	634.176
44.9443	4	140.928
45.0444	24	845.568
45.1445	22	775.104
45.2445	8	281.856
45.3446	29	1021.73
45.4447	9	317.088
45.5448	0	0
45.6449	35	1233.12
45.745	28	986.496
45.8451	0	0
45.9452	0	0
46.0453	0	0
46.1454	4	140.928
46.2455	32	1127.42
46.3456	16	563.712
46.4457	2	70.464
46.5458	21	739.872
46.6458	3	105.696
46.7459	9	317.088
46.846	0	0
46.9461	2	70.464
47.0462	0	0
47.1463	0	0
47.2464	0	0
47.3465	0	0
47.4466	0	0
47.5467	0	0
47.6468	0	0
47.7469	0	0
47.847	1	35.232
47.9473	4	140.928
48.0474	18	634.176
48.1475	11	387.552
48.2475	17	598.944
48.3476	21	739.872
48.4478	0	0
48.5479	27	951.264
48.648	1	35.232
48.7481	40	1409.28
48.8482	10	352.32
48.9483	4	140.928
49.0484	56	1972.99
49.1485	0	0
49.2486	2	70.464
49.3488	0	0
49.4488	66	2325.31
49.5489	9	317.088
49.649	2	70.464
49.7491	0	0
49.8491	0	0
49.9493	85	2994.72
50.0494	1	35.232
50.1495	1	35.232
50.2496	1	35.232
50.3497	0	0
50.4498	33	1162.66
50.5502	55	1937.76
50.6503	24	845.568
50.7504	0	0
50.8505	42	1479.74
50.9506	1	35.232
51.0507	46	1620.67
51.1507	0	0
51.2508	7	246.624
51.3509	0	0
51.451	48	1691.14
51.5511	3	105.696
51.6512	50	1761.6
51.7512	50	1761.6
51.8513	11	387.552
51.9514	1	35.232
52.0515	1	35.232
52.1516	51	1796.83
52.2517	41	1444.51
52.3518	13	458.016
52.4518	0	0
52.5519	0	0
52.652	43	1514.98
52.752	9	317.088
52.8521	51	1796.83
52.9522	35	1233.12
53.0523	2	70.464
53.1524	0	0
53.2525	0	0
53.3526	0	0
53.4527	45	1585.44
53.5528	14	493.248
53.6529	1	35.232
53.753	0	0
53.8531	0	0
53.9533	0	0
54.0534	0	0
54.1535	0	0
54.2535	49	1726.37
54.3536	4	140.928
54.4537	0	0
54.5538	2	70.464
54.6539	14	493.248
54.754	37	1303.58
54.8541	2	70.464
54.9542	2	70.464
55.0544	0	0
55.1545	0	0
55.2546	6	211.392
55.3547	51	1796.83
55.4548	3	105.696
55.5549	2	70.464
55.655	0	0
55.7551	0	0
55.8552	0	0
55.9553	0	0
56.0554	51	1796.83
56.1555	0	0
56.2556	0	0
56.3557	0	0
56.4559	46	1620.67
56.5559	24	845.568
56.6563	13	458.016
56.7564	39	1374.05
56.8565	0	0
56.9566	18	634.176
57.0567	38	1338.82
57.1568	51	1796.83
57.257	25	880.8
57.3571	5	176.16
57.4572	3	105.696
57.5572	14	493.248
57.6573	41	1444.51
57.7574	48	1691.14
57.8575	14	493.248
57.9576	1	35.232
58.0577	51	1796.83
58.1578	6	211.392
58.2579	51	1796.83
58.358	6	211.392
58.458	0	0
58.5582	11	387.552
58.6583	0	0
58.7584	51	1796.83
58.8585	24	845.568
58.9586	1	35.232
59.0588	0	0
59.1589	17	598.944
59.259	38	1338.82
59.3591	0	0
59.4592	2	70.464
59.5593	21	739.872
59.6594	1	35.232
59.7595	53	1867.3
59.8596	57	2008.22
59.9597	1	35.232
60.0598	27	951.264
60.1599	41	1444.51
60.26	17	598.944
60.3601	0	0
60.4602	0	0
60.5608	11	387.552
60.6611	71	2501.47
60.7611	2	70.464
60.8613	0	0
60.9614	0	0
61.0615	1	35.232
61.1616	91	3206.11
61.2616	0	0
61.3618	4	140.928
61.4619	2	70.464
61.562	0	0
61.6621	62	2184.38
61.7621	21	739.872
61.8622	23	810.336
61.9622	2	70.464
62.0623	0	0
62.1624	1	35.232
62.2624	125	4404
62.3625	68	2395.78
62.4625	0	0
62.5625	0	0
62.6627	1	35.232
62.7628	1	35.232
62.8629	28	986.496
62.963	24	845.568
63.0631	0	0
63.1632	0	0
63.2633	0	0
63.3633	103	3628.9
63.4634	30	1056.96
63.5635	13	458.016
63.6639	56	1972.99
63.764	18	634.176
63.8641	0	0
63.9642	0	0
64.0643	2	70.464
64.1644	66	2325.31
64.2645	8	281.856
64.3646	2	70.464
64.4647	31	1092.19
64.5648	27	951.264
64.6649	52	1832.06
64.7649	6	211.392
64.865	1	35.232
64.9652	0	0
65.0652	0	0
65.1653	40	1409.28
65.2655	0	0
65.3655	16	563.712
65.4656	4	140.928
65.5657	25	880.8
65.6658	0	0
65.7659	0	0
65.8659	10	352.32
65.9663	60	2113.92
66.0664	17	598.944
66.1665	0	0
66.2666	7	246.624
66.3668	9	317.088
66.4669	0	0
66.567	0	0
66.667	0	0
66.7671	0	0
66.8673	0	0
66.9674	60	2113.92
67.0675	0	0
67.1676	9	317.088
67.2677	32	1127.42
67.3678	1	35.232
67.4679	1	35.232
67.568	78	2748.1
67.6681	6	211.392
67.7682	1	35.232
67.8684	0	0
67.9685	1	35.232
68.0686	30	1056.96
68.1687	24	845.568
68.2688	0	0
68.3688	0	0
68.4689	0	0
68.569	78	2748.1
68.6691	1	35.232
68.7692	0	0
68.8693	18	634.176
68.9694	52	1832.06
69.0695	11	387.552
69.1696	2	70.464
69.2697	0	0
69.3698	0	0
69.4699	13	458.016
69.57	3	105.696
69.6701	16	563.712
69.7702	0	0
69.8703	0	0
69.9704	0	0
70.0705	20	704.64
70.1706	38	1338.82
70.2707	8	281.856
70.3708	32	1127.42
70.4709	1	35.232
70.5709	7	246.624
70.671	6	211.392
70.7712	33	1162.66
70.8713	27	951.264
70.9714	10	352.32
71.0715	0	0
71.1716	0	0
71.2717	0	0
71.3718	37	1303.58
71.4719	10	352.32
71.572	11	387.552
71.6721	0	0
71.7722	1	35.232
71.8723	38	1338.82
71.9724	3	105.696
72.0725	0	0
72.1726	0	0
72.2727	0	0
72.3728	0	0
72.4729	0	0
72.573	2	70.464
72.6731	36	1268.35
72.7732	14	493.248
72.8733	12	422.784
72.9734	1	35.232
73.0735	0	0
73.1736	0	0
73.2737	0	0
73.3738	0	0
73.4739	0	0
73.5741	36	1268.35
73.6742	7	246.624
73.7743	0	0
73.8744	0	0
73.9745	7	246.624
74.0746	32	1127.42
74.1747	0	0
74.2749	16	563.712
74.375	1	35.232
74.4751	39	1374.05
74.5752	11	387.552
74.6753	39	1374.05
74.7754	0	0
74.8754	39	1374.05
74.9758	7	246.624
75.0758	37	1303.58
75.176	5	176.16
75.2761	4	140.928
75.3762	39	1374.05
75.4763	4	140.928
75.5764	0	0
75.6765	0	0
75.7767	0	0
75.8767	37	1303.58
75.9768	14	493.248
76.0769	22	775.104
76.177	19	669.408
76.2771	13	458.016
76.3772	0	0
76.4773	39	1374.05
76.5774	18	634.176
76.6776	0	0
76.7777	0	0
76.8778	39	1374.05
76.9779	4	140.928
77.078	15	528.48
77.1781	28	986.496
77.2782	5	176.16
77.3783	39	1374.05
77.4784	3	105.696
77.5786	2	70.464
77.6787	0	0
77.7788	0	0
77.8789	39	1374.05
77.979	39	1374.05
78.0791	12	422.784
78.1792	0	0
78.2793	19	669.408
78.3794	0	0
78.4795	39	1374.05
78.5797	39	1374.05
78.6798	0	0
78.7798	19	669.408
78.8799	26	916.032
78.9799	10	352.32
79.08	29	1021.73
79.1802	0	0
79.2802	45	1585.44
79.3803	22	775.104
79.4804	7	246.624
79.5805	31	1092.19
79.6806	64	2254.85
79.7808	24	845.568
79.8808	57	2008.22
79.9809	1	35.232
80.0811	10	352.32
80.1812	52	1832.06
80.2813	16	563.712
80.3813	45	1585.44
80.4814	60	2113.92
80.5815	43	1514.98
80.6816	8	281.856
80.7817	20	704.64
80.8818	9	317.088
80.9819	30	1056.96
81.0821	0	0
81.1822	0	0
81.2823	0	0
81.3824	1	35.232
81.4825	49	1726.37
81.5826	0	0
81.6827	7	246.624
81.7828	14	493.248
81.8829	0	0
81.983	7	246.624
82.083	22	775.104
82.1831	6	211.392
82.2832	24	845.568
82.3833	24	845.568
82.4834	10	352.32
82.5835	0	0
82.6835	24	845.568
82.7836	22	775.104
82.8837	4	140.928
82.9838	0	0
83.0839	25	880.8
83.184	25	880.8
83.2841	25	880.8
83.3842	25	880.8
83.4843	24	845.568
83.5843	2	70.464
83.6844	25	880.8
83.7846	25	880.8
83.8847	25	880.8
83.9848	8	281.856
84.0849	0	0
84.185	25	880.8
84.2851	15	528.48
84.3852	9	317.088
84.4853	0	0
84.5854	0	0
84.6855	20	704.64
84.7856	12	422.784
84.8857	32	1127.42
84.9857	3	105.696
85.0858	23	810.336
85.1858	36	1268.35
85.2859	34	1197.89
85.3861	34	1197.89
85.4861	41	1444.51
85.5862	0	0
85.6864	34	1197.89
85.7865	52	1832.06
85.8866	74	2607.17
85.9866	90	3170.88
86.0867	61	2149.15
86.1869	60	2113.92
86.287	13	458.016
86.3871	103	3628.9
86.4872	96	3382.27
86.5872	72	2536.7
86.6873	70	2466.24
86.7875	58	2043.46
86.8876	40	1409.28
86.9877	0	0
87.0877	161	5672.35
87.1878	61	2149.15
87.2879	73	2571.94
87.388	65	2290.08
87.4881	4	140.928
87.5882	0	0
87.6883	3	105.696
87.7886	69	2431.01
87.8886	82	2889.02
87.9887	66	2325.31
88.0887	36	1268.35
88.1888	83	2924.26
88.2888	40	1409.28
88.3889	66	2325.31
88.4889	90	3170.88
88.589	58	2043.46
88.6891	79	2783.33
88.7892	0	0
88.8893	14	493.248
88.9894	74	2607.17
89.0895	49	1726.37
89.1896	44	1550.21
89.2897	11	387.552
89.3898	39	1374.05
89.4899	21	739.872
89.59	18	634.176
89.6901	22	775.104
89.7902	40	1409.28
89.8902	45	1585.44
89.9904	0	0
90.0905	39	1374.05
90.1906	22	775.104
90.2907	31	1092.19
90.3908	0	0
90.4909	0	0
90.591	46	1620.67
90.6911	5	176.16
90.7912	17	598.944
90.8913	0	0
90.9914	7	246.624
91.0914	16	563.712
91.1915	21	739.872
91.2916	21	739.872
91.3917	22	775.104
91.4918	2	70.464
91.592	3	105.696
91.692	22	775.104
91.7921	23	810.336
91.8923	5	176.16
91.9924	0	0
92.0925	3	105.696
92.1926	23	810.336
92.2927	14	493.248
92.3928	11	387.552
92.4929	23	810.336
92.593	23	810.336
92.6931	14	493.248
92.7935	2	70.464
92.8936	12	422.784
92.9937	23	810.336
93.0938	5	176.16
93.1939	0	0
93.294	23	810.336
93.3941	12	422.784
93.4942	11	387.552
93.5943	5	176.16
93.6944	0	0
93.7945	19	669.408
93.8946	17	598.944
93.9947	22	775.104
94.0948	15	528.48
94.1949	23	810.336
94.295	5	176.16
94.3951	18	634.176
94.4952	8	281.856
94.5953	23	810.336
94.6954	9	317.088
94.7955	15	528.48
94.8956	16	563.712
94.9957	0	0
95.0958	23	810.336
95.1959	11	387.552
95.296	3	105.696
95.3961	23	810.336
95.4963	19	669.408
95.5964	5	176.16
95.6965	15	528.48
95.7965	7	246.624
95.8966	23	810.336
95.9967	0	0
96.0968	1	35.232
96.1969	31	1092.19
96.297	20	704.64
96.397	28	986.496
96.4972	10	352.32
96.5974	19	669.408
96.6978	9	317.088
96.7978	19	669.408
96.8979	16	563.712
96.9981	8	281.856
97.0982	11	387.552
97.1983	0	0
97.2984	0	0
97.3985	7	246.624
97.4986	0	0
97.5987	16	563.712
97.6987	12	422.784
97.7988	6	211.392
97.8989	6	211.392
97.999	15	528.48
98.0991	5	176.16
98.1992	1	35.232
98.2992	10	352.32
98.3993	21	739.872
98.4995	9	317.088
98.5996	0	0
98.6997	36	1268.35
98.7997	50	1761.6
98.8998	43	1514.98
98.9999	21	739.872
99.1	67	2360.54
99.2001	0	0
99.3002	3	105.696
99.4003	31	1092.19
99.5004	6	211.392
99.6008	41	1444.51
99.7009	22	775.104
99.801	0	0
99.9011	5	176.16
100.001	26	916.032
100.101	30	1056.96
100.201	0	0
100.302	42	1479.74
100.402	25	880.8
100.502	7	246.624
100.602	21	739.872
100.702	29	1021.73
100.802	11	387.552
100.902	28	986.496
101.002	29	1021.73
101.102	44	1550.21
101.202	0	0
101.303	30	1056.96
101.403	24	845.568
101.503	0	0
101.603	3	105.696
101.703	49	1726.37
101.803	17	598.944
101.903	50	1761.6
102.003	32	1127.42
102.103	25	880.8
102.203	10	352.32
102.303	25	880.8
102.403	12	422.784
102.504	0	0
102.604	45	1585.44
102.704	34	1197.89
102.804	24	845.568
102.904	0	0
103.004	0	0
103.104	50	1761.6
103.204	21	739.872
103.304	38	1338.82
103.405	0	0
103.505	50	1761.6
103.605	15	528.48
103.705	0	0
103.805	0	0
103.905	1	35.232
104.005	50	1761.6
104.105	13	458.016
104.205	20	704.64
104.306	3	105.696
104.406	0	0
104.506	22	775.104
104.606	23	810.336
104.706	24	845.568
104.806	5	176.16
104.906	0	0
105.006	0	0
105.106	21	739.872
105.207	24	845.568
105.307	0	0
105.407	0	0
105.507	3	105.696
105.607	9	317.088
105.707	25	880.8
105.807	8	281.856
105.907	20	704.64
106.007	22	775.104
106.107	0	0
106.208	15	528.48
106.308	25	880.8
106.408	21	739.872
106.508	5	176.16
106.608	24	845.568
106.708	12	422.784
106.808	25	880.8
106.908	7	246.624
107.008	25	880.8
107.108	16	563.712
107.208	25	880.8
107.309	6	211.392
107.409	4	140.928
107.509	24	845.568
107.609	22	775.104
107.709	25	880.8
107.809	1	35.232
107.909	25	880.8
108.009	24	845.568
108.109	25	880.8
108.21	15	528.48
108.31	10	352.32
108.41	0	0
108.51	25	880.8
108.61	14	493.248
108.71	15	528.48
108.81	16	563.712
108.91	0	0
109.01	0	0
109.11	0	0
109.211	23	810.336
109.311	3	105.696
109.411	19	669.408
109.511	26	916.032
109.611	7	246.624
109.711	0	0
109.811	1	35.232
109.911	27	951.264
110.011	15	528.48
110.111	1	35.232
110.212	0	0
110.312	17	598.944
110.412	14	493.248
110.512	8	281.856
110.612	2	70.464
110.712	20	704.64
110.813	8	281.856
110.913	0	0
111.013	8	281.856
111.113	25	880.8
111.213	17	598.944
111.313	13	458.016
111.413	15	528.48
111.513	0	0
111.613	0	0
111.713	30	1056.96
111.813	33	1162.66
111.914	40	1409.28
112.014	8	281.856
112.114	38	1338.82
112.214	0	0
112.314	0	0
112.414	44	1550.21
112.514	46	1620.67
112.614	27	951.264
112.714	22	775.104
112.814	45	1585.44
112.915	76	2677.63
113.015	56	1972.99
113.115	9	317.088
113.215	93	3276.58
113.315	0	0
113.45	2	70.464
113.55	84	2959.49
113.65	43	1514.98
113.75	48	1691.14
113.851	3	105.696
113.951	0	0
114.051	22	775.104
114.151	53	1867.3
114.251	38	1338.82
114.351	55	1937.76
114.451	56	1972.99
114.551	2	70.464
114.651	57	2008.22
114.752	4	140.928
114.852	52	1832.06
114.952	33	1162.66
115.052	3	105.696
115.152	0	0
115.252	57	2008.22
115.352	11	387.552
115.452	53	1867.3
115.552	22	775.104
115.652	57	2008.22
115.753	57	2008.22
115.853	1	35.232
115.953	1	35.232
116.053	56	1972.99
116.153	0	0
116.253	57	2008.22
116.353	17	598.944
116.453	28	986.496
116.553	54	1902.53
116.653	10	352.32
116.753	6	211.392
116.854	8	281.856
116.954	55	1937.76
117.054	17	598.944
117.154	0	0
117.254	0	0
117.354	13	458.016
117.454	16	563.712
117.554	26	916.032
117.654	27	951.264
117.754	28	986.496
117.854	21	739.872
117.954	28	986.496
118.054	28	986.496
118.154	27	951.264
118.255	27	951.264
118.355	28	986.496
118.455	28	986.496
118.555	26	916.032
118.655	28	986.496
118.755	27	951.264
118.855	28	986.496
118.955	27	951.264
119.055	23	810.336
119.156	26	916.032
119.256	28	986.496
119.356	15	528.48
119.456	26	916.032
119.556	28	986.496
119.656	28	986.496
119.756	1	35.232
119.856	26	916.032
119.956	12	422.784
120.056	16	563.712
120.157	11	387.552
120.257	19	669.408
120.357	28	986.496
120.457	40	1409.28
120.557	14	493.248
120.657	0	0
120.757	7	246.624
120.857	23	810.336
120.957	27	951.264
121.057	9	317.088
121.157	24	845.568
121.258	26	916.032
121.358	27	951.264
121.458	27	951.264
121.558	24	845.568
121.658	20	704.64
121.758	28	986.496
121.858	0	0
121.958	0	0
122.058	0	0
122.158	16	563.712
122.259	12	422.784
122.359	15	528.48
122.459	17	598.944
122.559	21	739.872
122.659	27	951.264
122.759	39	1374.05
122.859	37	1303.58
122.959	44	1550.21
123.059	63	2219.62
123.159	49	1726.37
123.259	68	2395.78
123.359	105	3699.36
123.459	98	3452.74
123.559	127	4474.46
123.659	65	2290.08
123.76	46	1620.67
123.86	78	2748.1
123.96	90	3170.88
124.06	64	2254.85
124.16	27	951.264
124.26	71	2501.47
124.36	74	2607.17
124.46	76	2677.63
124.56	52	1832.06
124.66	73	2571.94
124.76	79	2783.33
124.86	70	2466.24
124.961	70	2466.24
125.061	46	1620.67
125.161	67	2360.54
125.261	70	2466.24
125.361	79	2783.33
125.461	52	1832.06
125.562	77	2712.86
125.662	65	2290.08
125.762	54	1902.53
125.862	43	1514.98
125.962	79	2783.33
126.062	27	951.264
126.162	73	2571.94
126.262	79	2783.33
126.362	79	2783.33
126.462	79	2783.33
126.562	79	2783.33
126.663	79	2783.33
126.763	76	2677.63
126.863	79	2783.33
126.963	79	2783.33
127.063	79	2783.33
127.163	78	2748.1
127.263	74	2607.17
127.363	73	2571.94
127.463	78	2748.1
127.563	81	2853.79
127.663	84	2959.49
127.763	98	3452.74
127.864	80	2818.56
127.964	126	4439.23
128.064	142	5002.94
128.164	157	5531.42
128.264	173	6095.14
128.364	188	6623.62
128.464	203	7152.1
128.564	219	7715.81
128.664	192	6764.54
128.765	179	6306.53
128.865	237	8349.98
128.965	269	9477.41
129.065	284	10005.9
129.165	294	10358.2
129.265	298	10499.1
129.365	61	2149.15
129.465	197	6940.7
129.565	135	4756.32
129.665	100	3523.2
129.765	114	4016.45
129.866	131	4615.39
129.966	144	5073.41
130.066	153	5390.5
130.166	159	5601.89
130.266	162	5707.58
130.366	164	5778.05
130.466	166	5848.51
130.566	166	5848.51
130.666	167	5883.74
130.766	167	5883.74
130.866	167	5883.74
130.967	168	5918.98
131.067	168	5918.98
131.167	168	5918.98
131.267	36	1268.35
131.367	2	70.464
131.467	167	5883.74
131.567	3	105.696
131.667	0	0
131.767	62	2184.38
131.867	1	35.232
131.967	24	845.568
132.067	44	1550.21
132.168	29	1021.73
132.268	10	352.32
132.368	32	1127.42
132.468	22	775.104
132.568	20	704.64
132.668	33	1162.66
132.768	22	775.104
132.868	23	810.336
132.969	36	1268.35
133.069	26	916.032
133.169	17	598.944
133.269	3	105.696
133.369	35	1233.12
133.469	36	1268.35
133.569	7	246.624
133.669	0	0
133.769	36	1268.35
133.869	3	105.696
133.97	36	1268.35
134.07	5	176.16
134.17	36	1268.35
134.27	29	1021.73
134.37	11	387.552
134.47	36	1268.35
134.57	36	1268.35
134.67	7	246.624
134.77	34	1197.89
134.87	6	211.392
134.97	36	1268.35
135.07	12	422.784
135.171	27	951.264
135.271	35	1233.12
135.371	27	951.264
135.471	30	1056.96
135.571	13	458.016
135.671	0	0
135.771	23	810.336
135.871	14	493.248
135.971	16	563.712
136.071	4	140.928
136.171	16	563.712
136.271	4	140.928
136.371	14	493.248
136.472	16	563.712
136.572	18	634.176
136.672	18	634.176
136.772	11	387.552
136.872	18	634.176
136.972	18	634.176
137.072	1	35.232
137.172	18	634.176
137.272	3	105.696
137.372	0	0
137.473	0	0
137.573	18	634.176
137.673	14	493.248
137.773	16	563.712
137.873	10	352.32
137.973	23	810.336
138.073	23	810.336
138.173	13	458.016
138.273	42	1479.74
138.373	16	563.712
138.473	63	2219.62
138.573	5	176.16
138.673	1	35.232
138.774	78	2748.1
138.874	6	211.392
138.974	2	70.464
139.074	86	3029.95
139.174	11	387.552
139.274	1	35.232
139.374	110	3875.52
139.474	5	176.16
139.574	125	4404
139.674	2	70.464
139.774	9	317.088
139.875	136	4791.55
139.975	12	422.784
140.075	157	5531.42
140.175	5	176.16
140.275	0	0
140.375	0	0
140.475	0	0
140.575	52	1832.06
140.675	121	4263.07
140.775	3	105.696
140.875	69	2431.01
140.976	3	105.696
141.076	0	0
141.176	0	0
141.276	74	2607.17
141.376	3	105.696
141.476	1	35.232
141.576	78	2748.1
141.676	2	70.464
141.776	0	0
141.876	1	35.232
141.976	80	2818.56
142.076	9	317.088
142.177	0	0
142.277	72	2536.7
142.377	9	317.088
142.477	35	1233.12
142.577	3	105.696
142.677	36	1268.35
142.777	10	352.32
142.877	39	1374.05
142.977	40	1409.28
143.077	41	1444.51
143.178	41	1444.51
143.278	41	1444.51
143.378	41	1444.51
143.478	42	1479.74
143.578	42	1479.74
143.678	42	1479.74
143.778	35	1233.12
143.878	40	1409.28
143.978	42	1479.74
144.078	42	1479.74
144.179	42	1479.74
144.279	42	1479.74
144.379	42	1479.74
144.479	42	1479.74
144.579	42	1479.74
144.679	42	1479.74
144.779	42	1479.74
144.879	42	1479.74
144.98	42	1479.74
145.08	42	1479.74
145.18	42	1479.74
145.28	42	1479.74
145.38	42	1479.74
145.48	43	1514.98
145.58	45	1585.44
145.68	50	1761.6
145.78	57	2008.22
145.88	59	2078.69
145.98	77	2712.86
146.08	90	3170.88
146.18	106	3734.59
146.281	119	4192.61
146.381	138	4862.02
146.481	154	5425.73
146.581	170	5989.44
