time	pps	kbps
0.100179	2	70.464
0.200388	12	422.784
0.300562	48	1691.14
0.401209	160	5637.12
0.501334	226	7962.43
0.601985	368	12965.4
0.702859	120	4227.84
0.803259	212	7469.18
0.903361	172	6059.9
1.00342	128	4509.7
1.10363	152	5355.26
1.20383	162	5707.58
1.30652	146	5143.87
1.40712	154	5425.73
1.50752	156	5496.19
1.60775	160	5637.12
1.70787	188	6623.62
1.80801	192	6764.54
1.90874	196	6905.47
2.00883	208	7328.26
2.10897	220	7751.04
2.20909	214	7539.65
2.30936	226	7962.43
2.40951	234	8244.29
2.50975	252	8878.46
2.61057	240	8455.68
2.71074	226	7962.43
2.81093	212	7469.18
2.91177	216	7610.11
3.01185	112	3945.98
3.11198	62	2184.38
3.21208	82	2889.02
3.31292	94	3311.81
3.41325	102	3593.66
3.51343	110	3875.52
3.61351	90	3170.88
3.71381	112	3945.98
3.81396	112	3945.98
3.91405	134	4721.09
4.01415	144	5073.41
4.11428	148	5214.34
4.21442	158	5566.66
4.31515	142	5002.94
4.41628	162	5707.58
4.51657	170	5989.44
4.61671	184	6482.69
4.71756	190	6694.08
4.81774	206	7257.79
4.91812	194	6835.01
5.01819	200	7046.4
5.11824	212	7469.18
5.21839	228	8032.9
5.31855	230	8103.36
5.41866	246	8667.07
5.51874	250	8808
5.61893	256	9019.39
5.71909	246	8667.07
5.81926	254	8948.93
5.9194	268	9442.18
6.0197	278	9794.5
6.11977	274	9653.57
6.21993	286	10076.4
6.32074	288	10146.8
6.42093	304	10710.5
6.52109	308	10851.5
6.62242	322	11344.7
6.72247	344	12119.8
6.82256	316	11133.3
6.92269	328	11556.1
7.05438	278	9794.5
7.15447	124	4368.77
7.25455	124	4368.77
7.35465	180	6341.76
7.45505	180	6341.76
7.5552	192	6764.54
7.65531	214	7539.65
7.75544	222	7821.5
7.85636	230	8103.36
7.95651	220	7751.04
8.05664	224	7891.97
8.15671	236	8314.75
8.25696	236	8314.75
8.35704	252	8878.46
8.4572	262	9230.78
8.55738	276	9724.03
8.65744	278	9794.5
8.7575	294	10358.2
8.85773	270	9512.64
8.95838	294	10358.2
9.05846	300	10569.6
9.15885	308	10851.5
9.25893	320	11274.2
9.35927	304	10710.5
9.45942	298	10499.1
9.55951	336	11838
9.65975	304	10710.5
9.76029	254	8948.93
9.86046	264	9301.25
9.96053	276	9724.03
10.0606	182	6412.22
10.1607	186	6553.15
10.2608	194	6835.01
10.3609	202	7116.86
10.4613	208	7328.26
10.5615	170	5989.44
10.6617	100	3523.2
10.7638	104	3664.13
10.864	130	4580.16
10.9641	96	3382.27
11.065	66	2325.31
11.1651	68	2395.78
11.2653	86	3029.95
11.3662	68	2395.78
11.4664	100	3523.2
11.5665	108	3805.06
11.6666	116	4086.91
11.7668	112	3945.98
11.867	118	4157.38
11.9671	114	4016.45
12.0672	144	5073.41
12.1673	154	5425.73
12.2675	144	5073.41
12.3676	166	5848.51
12.4678	178	6271.3
12.569	164	5778.05
12.669	170	5989.44
12.7691	188	6623.62
12.8692	200	7046.4
12.9702	214	7539.65
13.0704	212	7469.18
13.1715	216	7610.11
13.2715	218	7680.58
13.3717	218	7680.58
13.4718	236	8314.75
13.5721	256	9019.39
13.6721	250	8808
13.7723	268	9442.18
13.8723	250	8808
13.9725	276	9724.03
14.0729	260	9160.32
14.173	214	7539.65
14.2731	282	9935.42
14.3732	156	5496.19
14.4732	138	4862.02
14.5733	160	5637.12
14.6737	172	6059.9
14.7739	168	5918.98
14.874	188	6623.62
14.9748	140	4932.48
15.075	190	6694.08
15.1767	192	6764.54
15.2802	158	5566.66
15.3803	172	6059.9
15.4804	162	5707.58
15.5806	76	2677.63
15.6808	122	4298.3
15.7808	110	3875.52
15.8819	130	4580.16
15.982	150	5284.8
16.0823	148	5214.34
16.1828	146	5143.87
16.2829	134	4721.09
16.3831	172	6059.9
16.484	174	6130.37
16.5841	186	6553.15
16.6849	184	6482.69
16.7851	196	6905.47
16.8852	210	7398.72
16.9855	210	7398.72
17.0858	208	7328.26
17.1859	228	8032.9
17.2859	236	8314.75
17.3867	228	8032.9
17.487	242	8526.14
17.5871	266	9371.71
17.6893	218	7680.58
17.7902	220	7751.04
17.8903	274	9653.57
17.9908	198	6975.94
18.091	146	5143.87
18.1912	166	5848.51
18.2913	174	6130.37
18.3922	140	4932.48
18.4923	166	5848.51
18.5932	112	3945.98
18.6934	194	6835.01
18.7935	126	4439.23
18.8937	166	5848.51
18.9939	200	7046.4
19.0944	170	5989.44
19.1954	230	8103.36
19.2955	212	7469.18
19.3956	198	6975.94
19.4957	148	5214.34
19.5959	170	5989.44
19.696	122	4298.3
19.796	134	4721.09
19.8962	142	5002.94
19.9963	154	5425.73
20.0964	164	5778.05
20.1965	150	5284.8
20.2967	174	6130.37
20.3969	176	6200.83
20.4977	156	5496.19
20.5978	140	4932.48
20.6987	184	6482.69
20.7988	114	4016.45
20.899	84	2959.49
20.9993	114	4016.45
21.0995	134	4721.09
21.1999	122	4298.3
21.3	142	5002.94
21.4004	142	5002.94
21.5004	158	5566.66
21.6005	166	5848.51
21.7006	164	5778.05
21.8008	184	6482.69
21.9009	192	6764.54
22.0015	182	6412.22
22.1023	186	6553.15
22.2025	196	6905.47
22.3026	208	7328.26
22.4027	222	7821.5
22.5036	238	8385.22
22.6045	246	8667.07
22.7047	242	8526.14
22.8047	240	8455.68
22.905	252	8878.46
23.0052	240	8455.68
23.1054	270	9512.64
23.2055	278	9794.5
23.3055	276	9724.03
23.4058	276	9724.03
23.5059	298	10499.1
23.6063	298	10499.1
23.7064	298	10499.1
23.8066	308	10851.5
23.9068	322	11344.7
24.0072	272	9583.1
24.1078	344	12119.8
24.208	244	8596.61
24.3081	186	6553.15
24.4082	198	6975.94
24.5084	206	7257.79
24.6098	192	6764.54
24.71	198	6975.94
24.8101	210	7398.72
24.9102	218	7680.58
25.0103	230	8103.36
25.1104	230	8103.36
25.2109	250	8808
25.3111	244	8596.61
25.4113	242	8526.14
25.5114	274	9653.57
25.6115	240	8455.68
25.7116	282	9935.42
25.8117	298	10499.1
25.9119	286	10076.4
26.0119	290	10217.3
26.1121	288	10146.8
26.2129	308	10851.5
26.313	322	11344.7
26.4132	308	10851.5
26.5138	340	11978.9
26.6139	332	11697
26.7139	288	10146.8
26.8149	314	11062.8
26.9154	248	8737.54
27.0156	300	10569.6
27.1163	246	8667.07
27.2163	182	6412.22
27.3164	192	6764.54
27.4165	206	7257.79
27.5169	220	7751.04
27.6175	182	6412.22
27.7176	190	6694.08
27.8177	178	6271.3
27.9178	130	4580.16
28.0179	138	4862.02
28.118	146	5143.87
28.2181	132	4650.62
28.3182	150	5284.8
28.4183	104	3664.13
28.5184	134	4721.09
28.6184	94	3311.81
28.7186	86	3029.95
28.8193	94	3311.81
28.9196	114	4016.45
29.0198	122	4298.3
29.1199	106	3734.59
29.22	124	4368.77
29.3206	134	4721.09
29.4208	138	4862.02
29.5209	154	5425.73
29.621	166	5848.51
29.7211	150	5284.8
29.8212	170	5989.44
29.922	174	6130.37
30.0222	176	6200.83
30.1223	200	7046.4
30.2233	182	6412.22
30.3234	192	6764.54
30.4235	220	7751.04
30.5239	214	7539.65
30.6249	234	8244.29
30.7255	228	8032.9
30.8256	238	8385.22
30.9265	222	7821.5
31.0266	234	8244.29
31.1277	250	8808
31.2278	256	9019.39
31.3279	280	9864.96
31.4286	242	8526.14
31.5289	236	8314.75
31.629	274	9653.57
31.7309	258	9089.86
31.8311	160	5637.12
31.9315	164	5778.05
32.0317	160	5637.12
32.1355	116	4086.91
32.2356	146	5143.87
32.3361	110	3875.52
32.4361	86	3029.95
32.5362	110	3875.52
32.6363	122	4298.3
32.7364	130	4580.16
32.8372	132	4650.62
32.9374	128	4509.7
33.0378	136	4791.55
33.138	144	5073.41
33.2387	158	5566.66
33.3389	168	5918.98
33.439	174	6130.37
33.54	190	6694.08
33.6401	190	6694.08
33.7402	184	6482.69
33.8404	134	4721.09
33.9412	176	6200.83
34.0413	130	4580.16
34.1415	106	3734.59
34.2423	114	4016.45
34.3424	134	4721.09
34.4425	128	4509.7
34.5426	150	5284.8
34.6435	156	5496.19
34.7437	166	5848.51
34.8438	174	6130.37
34.9451	160	5637.12
35.0452	172	6059.9
35.1456	178	6271.3
35.2456	192	6764.54
35.3465	200	7046.4
35.4468	212	7469.18
35.547	216	7610.11
35.6472	234	8244.29
35.7472	242	8526.14
35.8474	204	7187.33
35.9476	238	8385.22
36.0481	250	8808
36.1485	252	8878.46
36.2487	266	9371.71
36.3488	280	9864.96
36.449	278	9794.5
36.5492	282	9935.42
36.6495	284	10005.9
36.7498	308	10851.5
36.8499	306	10781
36.9506	312	10992.4
37.0508	324	11415.2
37.1508	324	11415.2
37.251	88	3100.42
37.3511	132	4650.62
37.4512	164	5778.05
37.5513	186	6553.15
37.6517	194	6835.01
37.7519	198	6975.94
37.852	184	6482.69
37.9531	198	6975.94
38.0532	202	7116.86
38.1533	214	7539.65
38.2543	190	6694.08
38.3544	184	6482.69
38.4547	164	5778.05
38.5556	130	4580.16
38.6558	142	5002.94
38.756	150	5284.8
38.8561	158	5566.66
38.9562	144	5073.41
39.0563	154	5425.73
39.1563	162	5707.58
39.2568	178	6271.3
39.3569	180	6341.76
39.457	202	7116.86
39.5572	210	7398.72
39.6574	208	7328.26
39.7582	200	7046.4
39.8583	210	7398.72
39.9584	222	7821.5
40.0585	238	8385.22
40.1587	246	8667.07
40.2589	260	9160.32
40.3591	256	9019.39
40.4591	270	9512.64
40.5593	262	9230.78
40.6599	280	9864.96
40.7601	282	9935.42
40.8608	288	10146.8
40.9609	296	10428.7
41.061	310	10921.9
41.1613	250	8808
41.2614	312	10992.4
41.3615	278	9794.5
41.4616	292	10287.7
41.5617	320	11274.2
41.6619	278	9794.5
41.762	348	12260.7
41.8621	338	11908.4
41.9622	348	12260.7
42.0624	372	13106.3
42.1626	378	13317.7
42.2627	366	12894.9
42.3632	336	11838
42.4633	348	12260.7
42.5635	376	13247.2
42.6635	368	12965.4
42.7641	362	12754
42.8642	322	11344.7
42.9643	370	13035.8
43.0648	302	10640.1
43.1651	224	7891.97
43.2651	232	8173.82
43.3653	254	8948.93
43.4654	258	9089.86
43.5655	256	9019.39
43.6656	246	8667.07
43.7657	266	9371.71
43.8659	270	9512.64
43.9659	276	9724.03
44.066	306	10781
44.1661	290	10217.3
44.2661	290	10217.3
44.3662	270	9512.64
44.4665	316	11133.3
44.5666	328	11556.1
44.6668	326	11485.6
44.7672	334	11767.5
44.8676	310	10921.9
44.9677	254	8948.93
45.0693	90	3170.88
45.17	50	1761.6
45.2702	178	6271.3
45.3703	162	5707.58
45.4705	190	6694.08
45.5706	202	7116.86
45.6707	210	7398.72
45.7708	218	7680.58
45.8713	216	7610.11
45.9714	234	8244.29
46.0715	242	8526.14
46.1719	250	8808
