time	pps	kbps
0.100108	0	0
0.200226	1	35.232
0.300311	2	70.464
0.400387	4	140.928
0.500508	8	281.856
0.600629	14	493.248
0.700694	10	352.32
0.800788	27	951.264
0.900909	10	352.32
1.00103	31	1092.19
1.10109	18	634.176
1.20116	19	669.408
1.30119	21	739.872
1.40124	4	140.928
1.50128	19	669.408
1.60135	22	775.104
1.70147	22	775.104
1.80153	23	810.336
1.90159	7	246.624
2.0017	16	563.712
2.10182	22	775.104
2.20193	14	493.248
2.30198	23	810.336
2.40206	22	775.104
2.50218	23	810.336
2.60228	10	352.32
2.70239	23	810.336
2.80244	21	739.872
2.90249	17	598.944
3.00256	22	775.104
3.10265	12	422.784
3.20275	23	810.336
3.3029	23	810.336
3.40311	17	598.944
3.50318	6	211.392
3.60325	23	810.336
3.70334	6	211.392
3.80346	9	317.088
3.90356	11	387.552
4.00363	19	669.408
4.10366	10	352.32
4.20373	10	352.32
4.3038	19	669.408
4.40387	16	563.712
4.50395	15	528.48
4.60407	16	563.712
4.7042	13	458.016
4.80433	16	563.712
4.90445	7	246.624
5.00457	17	598.944
5.10469	17	598.944
5.20479	17	598.944
5.30487	8	281.856
5.40495	9	317.088
5.505	17	598.944
5.60508	17	598.944
5.70516	17	598.944
5.80524	17	598.944
5.90537	17	598.944
6.00545	17	598.944
6.10556	0	0
6.20565	17	598.944
6.30577	0	0
6.40587	17	598.944
6.50597	3	105.696
6.60604	17	598.944
6.70615	2	70.464
6.80628	7	246.624
6.90634	7	246.624
7.00646	12	422.784
7.10654	14	493.248
7.20666	10	352.32
7.30682	7	246.624
7.40694	17	598.944
7.50707	14	493.248
7.60719	4	140.928
7.70731	22	775.104
7.80739	10	352.32
7.9075	8	281.856
8.00762	11	387.552
8.10774	5	176.16
8.2078	6	211.392
8.30785	3	105.696
8.40792	12	422.784
8.50804	16	563.712
8.60813	5	176.16
8.70825	16	563.712
8.80834	9	317.088
8.90846	16	563.712
9.00858	14	493.248
9.10869	6	211.392
9.20876	16	563.712
9.30887	11	387.552
9.40895	11	387.552
9.50901	12	422.784
9.60909	15	528.48
9.70915	2	70.464
9.80927	16	563.712
9.90939	16	563.712
10.0095	14	493.248
10.1095	11	387.552
10.2096	10	352.32
10.3097	7	246.624
10.4098	13	458.016
10.5099	7	246.624
10.61	14	493.248
10.7101	11	387.552
10.8101	16	563.712
10.9102	16	563.712
11.0103	11	387.552
11.1104	33	1162.66
11.2114	39	1374.05
11.3115	4	140.928
11.4116	0	0
11.5117	0	0
11.6118	0	0
11.7119	14	493.248
11.812	28	986.496
11.9121	22	775.104
12.0122	13	458.016
12.1123	26	916.032
12.2125	27	951.264
12.3125	28	986.496
12.4126	24	845.568
12.5127	17	598.944
12.6128	29	1021.73
12.7129	29	1021.73
12.8129	4	140.928
12.913	12	422.784
13.0131	0	0
13.1132	0	0
13.2133	14	493.248
13.3134	15	528.48
13.4135	14	493.248
13.5137	14	493.248
13.6138	14	493.248
13.7139	14	493.248
13.814	10	352.32
13.9141	8	281.856
14.0142	3	105.696
14.1144	0	0
14.2145	0	0
14.3146	0	0
14.4147	0	0
14.5148	14	493.248
14.6149	0	0
14.715	0	0
14.8151	14	493.248
14.9152	5	176.16
15.0153	10	352.32
15.1153	19	669.408
15.2154	11	387.552
15.3155	0	0
15.4156	0	0
15.5157	16	563.712
15.6157	0	0
15.7158	0	0
15.8159	35	1233.12
15.916	8	281.856
16.0161	41	1444.51
16.1162	48	1691.14
16.2162	5	176.16
16.3163	1	35.232
16.4164	0	0
16.5164	23	810.336
16.6165	15	528.48
16.7169	16	563.712
16.817	34	1197.89
16.9171	0	0
17.0172	22	775.104
17.1173	18	634.176
17.2174	0	0
17.3175	0	0
17.4176	0	0
17.5177	0	0
17.6178	27	951.264
17.7179	30	1056.96
17.818	7	246.624
17.9181	45	1585.44
18.0182	33	1162.66
18.1182	2	70.464
18.2183	47	1655.9
18.3183	65	2290.08
18.4184	63	2219.62
18.5185	37	1303.58
18.6186	0	0
18.7187	0	0
18.8188	0	0
18.9189	0	0
19.019	0	0
19.1192	92	3241.34
19.2192	48	1691.14
19.3193	2	70.464
19.4194	117	4122.14
19.5195	76	2677.63
19.6196	0	0
19.7197	0	0
19.8199	3	105.696
19.9204	30	1056.96
20.0204	70	2466.24
20.1205	13	458.016
20.2207	24	845.568
20.3208	15	528.48
20.4209	0	0
20.521	6	211.392
20.6211	21	739.872
20.7212	0	0
20.8213	0	0
20.9213	60	2113.92
21.0214	3	105.696
21.1215	2	70.464
21.2216	0	0
21.3224	37	1303.58
21.4224	37	1303.58
21.5225	0	0
21.6226	2	70.464
21.7227	0	0
21.8229	0	0
21.923	0	0
22.0231	13	458.016
22.1234	27	951.264
22.2234	0	0
22.3235	0	0
22.4236	0	0
22.5237	0	0
22.6238	11	387.552
22.7239	31	1092.19
22.824	1	35.232
22.9242	40	1409.28
23.0243	0	0
23.1244	2	70.464
23.2244	32	1127.42
23.3245	4	140.928
23.4246	4	140.928
23.5247	37	1303.58
23.6248	2	70.464
23.7249	0	0
23.825	0	0
23.9251	0	0
24.0252	3	105.696
24.1253	2	70.464
24.2254	5	176.16
24.3255	0	0
24.4256	0	0
24.5257	30	1056.96
24.6258	16	563.712
24.7259	1	35.232
24.826	10	352.32
24.9261	0	0
25.0262	0	0
25.1263	0	0
25.2265	33	1162.66
25.3265	7	246.624
25.4266	0	0
25.5267	2	70.464
25.6268	2	70.464
25.7269	0	0
25.827	7	246.624
25.9271	32	1127.42
26.0272	0	0
26.1273	14	493.248
26.2275	0	0
26.3276	0	0
26.4276	38	1338.82
26.5277	0	0
26.6279	0	0
26.728	0	0
26.8281	0	0
26.9282	11	387.552
27.0283	0	0
27.1284	41	1444.51
27.2285	32	1127.42
27.3286	37	1303.58
27.4287	8	281.856
27.5288	0	0
27.6289	2	70.464
27.729	0	0
27.8291	0	0
27.9292	11	387.552
28.0293	41	1444.51
28.1294	11	387.552
28.2295	0	0
28.3296	7	246.624
28.4297	20	704.64
28.5298	9	317.088
28.6299	17	598.944
28.73	0	0
28.8301	41	1444.51
28.9302	7	246.624
29.0303	6	211.392
29.1305	7	246.624
29.2306	0	0
29.3306	0	0
29.4307	0	0
29.5308	41	1444.51
29.631	2	70.464
29.7311	12	422.784
29.8312	0	0
29.9312	7	246.624
30.0313	41	1444.51
30.1314	15	528.48
30.2315	30	1056.96
30.3316	28	986.496
30.4317	3	105.696
30.5318	23	810.336
30.6319	26	916.032
30.7319	0	0
30.8321	0	0
30.9322	0	0
31.0323	0	0
31.1324	1	35.232
31.2325	1	35.232
31.3326	0	0
31.4327	0	0
31.5329	15	528.48
31.633	26	916.032
31.7331	18	634.176
31.8332	0	0
31.9333	0	0
32.0334	13	458.016
32.1335	12	422.784
32.2336	11	387.552
32.3337	8	281.856
32.4338	20	704.64
32.5339	9	317.088
32.634	20	704.64
32.7341	20	704.64
32.8342	12	422.784
32.9343	0	0
33.0344	20	704.64
33.1345	20	704.64
33.2347	10	352.32
33.3348	20	704.64
33.4349	2	70.464
33.535	0	0
33.6351	0	0
33.7352	7	246.624
33.8352	17	598.944
33.9353	0	0
34.0354	0	0
34.1355	16	563.712
34.2356	0	0
34.3357	0	0
34.4358	11	387.552
34.5359	14	493.248
34.6359	19	669.408
34.736	16	563.712
34.8361	20	704.64
34.9362	20	704.64
35.0363	20	704.64
35.1364	19	669.408
35.2365	11	387.552
35.3365	17	598.944
35.4366	20	704.64
35.5367	20	704.64
35.6368	17	598.944
35.7369	12	422.784
35.8371	3	105.696
35.9372	2	70.464
36.0373	18	634.176
36.1374	0	0
36.2375	14	493.248
36.3376	6	211.392
36.4377	13	458.016
36.5378	22	775.104
36.638	12	422.784
36.7381	16	563.712
36.8382	0	0
36.9383	17	598.944
37.0384	0	0
37.1385	6	211.392
37.2386	0	0
37.3387	2	70.464
37.4388	9	317.088
37.5389	30	1056.96
37.639	5	176.16
37.7391	15	528.48
37.8392	0	0
37.9394	6	211.392
38.0394	15	528.48
38.1396	22	775.104
38.2397	14	493.248
38.3398	3	105.696
38.4399	23	810.336
38.54	23	810.336
38.6401	12	422.784
38.7402	23	810.336
38.8403	18	634.176
38.9404	5	176.16
39.0405	0	0
39.1406	0	0
39.2409	17	598.944
39.3409	7	246.624
39.441	1	35.232
39.5411	15	528.48
39.6411	0	0
39.7412	18	634.176
39.8413	0	0
39.9414	24	845.568
40.0415	32	1127.42
40.1416	2	70.464
40.2417	9	317.088
40.3418	44	1550.21
40.4419	18	634.176
40.542	19	669.408
40.6421	0	0
40.7422	42	1479.74
40.8423	5	176.16
40.9425	0	0
41.0426	20	704.64
41.1426	11	387.552
41.2427	49	1726.37
41.3428	14	493.248
41.4429	26	916.032
41.543	16	563.712
41.6431	0	0
41.7432	0	0
41.8433	22	775.104
41.9434	0	0
42.0436	38	1338.82
42.1437	19	669.408
42.2438	14	493.248
42.3439	16	563.712
42.4441	0	0
42.5442	3	105.696
42.6443	39	1374.05
42.7443	13	458.016
42.8444	0	0
42.9445	40	1409.28
43.0446	4	140.928
43.1446	40	1409.28
43.2447	0	0
43.3448	0	0
43.445	0	0
43.5451	12	422.784
43.6453	40	1409.28
43.7453	30	1056.96
43.8454	40	1409.28
43.9455	38	1338.82
44.0456	15	528.48
44.1457	40	1409.28
44.2459	35	1233.12
44.346	1	35.232
44.4461	0	0
44.5462	1	35.232
44.6463	40	1409.28
44.7464	11	387.552
44.8465	40	1409.28
44.9465	40	1409.28
45.0467	14	493.248
45.1468	26	916.032
45.2469	40	1409.28
45.347	11	387.552
45.4471	40	1409.28
45.5473	31	1092.19
45.6474	2	70.464
45.7475	40	1409.28
45.8475	39	1374.05
45.9476	40	1409.28
46.0477	26	916.032
46.1478	26	916.032
46.2479	24	845.568
46.348	24	845.568
46.4481	0	0
46.5483	40	1409.28
46.6484	17	598.944
46.7485	18	634.176
46.8486	7	246.624
46.9486	0	0
47.0488	19	669.408
47.1488	6	211.392
47.2489	18	634.176
47.349	15	528.48
47.449	19	669.408
47.5492	20	704.64
47.6493	0	0
47.7493	20	704.64
47.8494	4	140.928
47.9496	20	704.64
48.0496	20	704.64
48.1497	0	0
48.2498	0	0
48.3499	20	704.64
48.45	0	0
48.5501	14	493.248
48.6502	10	352.32
48.7503	0	0
48.8504	0	0
48.9505	19	669.408
49.0507	8	281.856
49.1508	19	669.408
49.2509	0	0
49.3511	36	1268.35
49.4512	10	352.32
49.5513	0	0
49.6514	0	0
49.7515	1	35.232
49.8516	0	0
49.9517	2	70.464
50.0518	51	1796.83
50.1519	3	105.696
50.252	1	35.232
50.3521	0	0
50.4522	22	775.104
50.5523	24	845.568
50.6524	16	563.712
50.7524	18	634.176
50.8525	9	317.088
50.9526	14	493.248
51.0527	14	493.248
51.1528	0	0
51.2529	0	0
51.3531	0	0
51.4532	1	35.232
51.5533	1	35.232
51.6534	26	916.032
51.7534	0	0
51.8535	0	0
51.9536	5	176.16
52.0537	0	0
52.1538	3	105.696
52.2539	26	916.032
52.354	26	916.032
52.4541	0	0
52.5542	0	0
52.6542	0	0
52.7543	0	0
52.8549	2	70.464
52.9551	25	880.8
53.0552	6	211.392
53.1553	23	810.336
53.2554	24	845.568
53.3555	0	0
53.4556	26	916.032
53.5557	0	0
53.6558	0	0
53.756	26	916.032
53.8561	14	493.248
53.9562	1	35.232
54.0563	26	916.032
54.1564	26	916.032
54.2565	26	916.032
54.3566	5	176.16
54.4567	1	35.232
54.5569	0	0
54.657	26	916.032
54.7571	0	0
54.8572	0	0
54.9572	0	0
55.0573	0	0
55.1574	0	0
55.2575	26	916.032
55.3575	2	70.464
55.4577	2	70.464
55.5578	10	352.32
55.6579	1	35.232
55.7579	25	880.8
55.858	3	105.696
55.9581	0	0
56.0582	0	0
56.1583	0	0
56.2584	26	916.032
56.3585	10	352.32
56.4587	0	0
56.5588	0	0
56.6589	0	0
56.759	26	916.032
56.8591	2	70.464
56.9593	26	916.032
57.0594	0	0
57.1595	26	916.032
57.2595	6	211.392
57.3596	20	704.64
57.4597	26	916.032
57.5598	9	317.088
57.6599	0	0
57.76	1	35.232
57.8601	0	0
57.9602	28	986.496
58.0603	2	70.464
58.1604	2	70.464
58.2605	0	0
58.3606	0	0
58.4607	0	0
58.5608	32	1127.42
58.6609	23	810.336
58.7611	29	1021.73
58.8612	34	1197.89
58.9613	0	0
59.0614	0	0
59.1615	5	176.16
59.2616	2	70.464
59.3616	57	2008.22
59.4618	14	493.248
59.5619	1	35.232
59.662	0	0
59.7622	40	1409.28
59.8623	43	1514.98
59.9624	7	246.624
60.0625	0	0
60.1627	0	0
60.2628	0	0
60.3629	0	0
60.4629	19	669.408
60.5631	18	634.176
60.6631	21	739.872
60.7632	0	0
60.8634	0	0
60.9635	0	0
61.0636	2	70.464
61.1637	58	2043.46
61.2637	20	704.64
61.3638	40	1409.28
61.4639	8	281.856
61.564	46	1620.67
61.6642	5	176.16
61.7643	1	35.232
61.8644	49	1726.37
61.9645	5	176.16
62.0646	0	0
62.1647	25	880.8
62.2647	30	1056.96
62.3648	2	70.464
62.4649	1	35.232
62.565	0	0
62.6651	0	0
62.7652	0	0
62.8653	0	0
62.9654	52	1832.06
63.0655	52	1832.06
63.1657	17	598.944
63.2657	0	0
63.3659	0	0
63.466	0	0
63.5661	0	0
63.6662	53	1867.3
63.7663	11	387.552
63.8664	1	35.232
63.9665	0	0
64.0666	0	0
64.1668	0	0
64.2669	0	0
64.367	0	0
64.4671	0	0
64.5672	0	0
64.6673	0	0
64.7675	0	0
64.8676	0	0
64.9677	53	1867.3
65.0678	3	105.696
65.1679	0	0
65.268	22	775.104
65.3681	24	845.568
65.4681	16	563.712
65.5683	0	0
65.6684	25	880.8
65.7685	6	211.392
65.8686	23	810.336
65.9687	0	0
66.0689	26	916.032
66.169	3	105.696
66.2691	26	916.032
66.3692	2	70.464
66.4692	26	916.032
66.5693	4	140.928
66.6694	26	916.032
66.7695	3	105.696
66.8697	0	0
66.9698	26	916.032
67.0698	26	916.032
67.1699	19	669.408
67.27	19	669.408
67.3701	5	176.16
67.4702	26	916.032
67.5703	26	916.032
67.6705	7	246.624
67.7706	26	916.032
67.8706	26	916.032
67.9707	26	916.032
68.0709	15	528.48
68.171	24	845.568
68.2711	26	916.032
68.3712	8	281.856
68.4713	25	880.8
68.5714	4	140.928
68.6715	26	916.032
68.7716	4	140.928
68.8717	26	916.032
68.9718	1	35.232
69.0722	6	211.392
69.1723	22	775.104
69.2724	26	916.032
69.3725	10	352.32
69.4726	23	810.336
69.5727	25	880.8
69.6731	31	1092.19
69.7731	11	387.552
69.8732	0	0
69.9733	0	0
70.0733	40	1409.28
70.1734	1	35.232
70.2735	2	70.464
70.3736	0	0
70.4737	0	0
70.5738	0	0
70.6739	0	0
70.7741	0	0
70.8741	25	880.8
70.9742	4	140.928
71.0744	0	0
71.1745	33	1162.66
71.2745	16	563.712
71.3749	28	986.496
71.475	1	35.232
71.5751	0	0
71.6752	0	0
71.7753	41	1444.51
71.8754	4	140.928
71.9755	44	1550.21
72.0756	1	35.232
72.1757	0	0
72.2758	2	70.464
72.3759	50	1761.6
72.476	35	1233.12
72.5761	0	0
72.6762	2	70.464
72.7763	69	2431.01
72.8764	14	493.248
72.9765	0	0
73.0766	80	2818.56
73.1768	25	880.8
73.2768	89	3135.65
73.3769	2	70.464
73.477	0	0
73.5771	0	0
73.6772	0	0
73.7773	0	0
73.8774	0	0
73.9775	0	0
74.0776	0	0
74.1777	0	0
74.2778	1	35.232
74.378	111	3910.75
74.4781	47	1655.9
74.5782	8	281.856
74.6783	11	387.552
74.7783	44	1550.21
74.8784	2	70.464
74.9785	0	0
75.0786	0	0
75.1787	0	0
75.2788	0	0
75.3789	54	1902.53
75.4789	6	211.392
75.579	1	35.232
75.6791	56	1972.99
75.7791	3	105.696
75.8792	57	2008.22
75.9793	21	739.872
76.0794	40	1409.28
76.1795	0	0
76.2796	0	0
76.3797	0	0
76.4798	0	0
76.5798	0	0
76.6799	0	0
76.78	58	2043.46
76.8801	2	70.464
76.9802	2	70.464
77.0803	0	0
77.1804	58	2043.46
77.2805	2	70.464
77.3806	58	2043.46
77.4807	4	140.928
77.5808	0	0
77.6809	58	2043.46
77.781	6	211.392
77.8811	0	0
77.9811	58	2043.46
78.0812	4	140.928
78.1813	56	1972.99
78.2814	12	422.784
78.3815	58	2043.46
78.4815	13	458.016
78.5817	1	35.232
78.6817	51	1796.83
78.7818	11	387.552
78.8819	58	2043.46
78.982	25	880.8
79.0821	0	0
79.1821	0	0
79.2822	0	0
79.3823	0	0
79.4824	2	70.464
79.5825	56	1972.99
79.6826	2	70.464
79.7828	24	845.568
79.8829	24	845.568
79.9831	4	140.928
80.0831	0	0
80.1832	0	0
80.2833	1	35.232
80.3834	27	951.264
80.4835	3	105.696
80.5836	28	986.496
80.6837	28	986.496
80.7838	1	35.232
80.8838	0	0
80.984	28	986.496
81.084	29	1021.73
81.1841	6	211.392
81.2842	29	1021.73
81.3843	29	1021.73
81.4845	28	986.496
81.5846	5	176.16
81.6846	28	986.496
81.7847	5	176.16
81.8848	29	1021.73
81.9849	4	140.928
82.085	0	0
82.1851	29	1021.73
82.2852	5	176.16
82.3853	29	1021.73
82.4854	11	387.552
82.5855	2	70.464
82.6856	0	0
82.7857	0	0
82.8858	0	0
82.986	4	140.928
83.086	25	880.8
83.1861	14	493.248
83.2862	14	493.248
83.3863	0	0
83.4864	0	0
83.5865	0	0
83.6867	0	0
83.7868	0	0
83.8869	0	0
83.9871	0	0
84.0872	2	70.464
84.1873	0	0
84.2874	1	35.232
84.3875	14	493.248
84.4876	4	140.928
84.5877	14	493.248
84.6878	3	105.696
84.7879	14	493.248
84.888	14	493.248
84.9881	14	493.248
85.0882	13	458.016
85.1883	12	422.784
85.2885	4	140.928
85.3885	14	493.248
85.4887	14	493.248
85.5888	14	493.248
85.6888	6	211.392
85.7889	13	458.016
85.8891	14	493.248
85.9891	11	387.552
86.0892	13	458.016
86.1893	14	493.248
86.2894	5	176.16
86.3896	14	493.248
86.4897	13	458.016
86.5897	15	528.48
86.6898	10	352.32
86.7898	15	528.48
86.8899	26	916.032
86.9901	13	458.016
87.0902	3	105.696
87.1903	1	35.232
87.2904	0	0
87.3905	42	1479.74
87.4906	3	105.696
87.5907	18	634.176
87.6908	2	70.464
87.7909	19	669.408
87.8911	11	387.552
87.9912	12	422.784
88.0913	21	739.872
88.1914	12	422.784
88.2915	21	739.872
88.3916	21	739.872
88.4917	8	281.856
88.5918	20	704.64
88.6919	5	176.16
88.792	0	0
88.8921	0	0
88.9921	6	211.392
89.0922	15	528.48
89.1923	15	528.48
89.2924	17	598.944
89.3925	16	563.712
89.4926	5	176.16
89.5927	0	0
89.6928	0	0
89.7929	1	35.232
89.8931	29	1021.73
89.9932	42	1479.74
90.0933	4	140.928
90.1934	0	0
90.2935	0	0
90.3936	2	70.464
90.4938	57	2008.22
90.5939	5	176.16
90.694	2	70.464
90.7941	0	0
90.8942	0	0
90.9943	0	0
91.0944	0	0
91.1944	73	2571.94
91.2944	4	140.928
91.3945	9	317.088
91.4946	0	0
91.5947	1	35.232
91.6949	0	0
91.795	0	0
91.8951	0	0
91.9952	21	739.872
92.0953	69	2431.01
92.1954	2	70.464
92.2955	0	0
92.3956	99	3487.97
92.4957	8	281.856
92.5958	1	35.232
92.6959	0	0
92.7961	0	0
92.8961	34	1197.89
92.9961	80	2818.56
93.0963	2	70.464
93.1963	117	4122.14
93.2964	3	105.696
93.3965	0	0
93.4966	0	0
93.5967	0	0
93.6968	0	0
93.7968	0	0
93.8969	0	0
93.9971	0	0
94.0972	1	35.232
94.1973	129	4544.93
94.2974	21	739.872
94.3975	3	105.696
94.4975	0	0
94.5976	60	2113.92
94.6977	4	140.928
94.7978	0	0
94.8979	0	0
94.998	1	35.232
95.0981	0	0
95.1982	66	2325.31
95.2983	5	176.16
95.3984	63	2219.62
95.4984	3	105.696
95.5986	0	0
95.6987	0	0
95.7988	0	0
95.8989	0	0
95.999	0	0
96.0991	0	0
96.1992	0	0
96.2993	1	35.232
96.3995	63	2219.62
96.4996	2	70.464
96.5997	63	2219.62
96.6998	8	281.856
96.7999	28	986.496
96.9	9	317.088
97.0001	2	70.464
97.1002	0	0
97.2002	22	775.104
97.3003	8	281.856
97.4004	15	528.48
97.5005	12	422.784
97.6006	15	528.48
97.7008	15	528.48
97.8009	16	563.712
97.901	11	387.552
98.0013	13	458.016
98.1014	13	458.016
98.2015	13	458.016
98.3015	0	0
98.4017	0	0
98.5018	0	0
98.6019	0	0
98.702	0	0
98.8021	0	0
98.9022	0	0
99.0024	0	0
99.1024	16	563.712
99.2025	1	35.232
99.3027	0	0
99.4028	0	0
99.503	0	0
99.6031	0	0
99.7032	0	0
99.8032	0	0
99.9033	2	70.464
100.003	13	458.016
100.104	16	563.712
100.204	20	704.64
100.304	16	563.712
100.404	18	634.176
100.504	25	880.8
100.604	0	0
100.704	0	0
100.804	1	35.232
100.904	50	1761.6
101.004	0	0
101.105	0	0
101.205	2	70.464
101.305	0	0
101.405	0	0
101.505	0	0
101.605	0	0
101.705	62	2184.38
101.805	4	140.928
101.905	0	0
102.005	0	0
102.106	0	0
102.206	0	0
102.306	0	0
102.406	0	0
102.506	77	2712.86
102.606	22	775.104
102.706	21	739.872
102.806	0	0
102.906	0	0
103.006	35	1233.12
103.106	3	105.696
103.206	2	70.464
103.307	37	1303.58
103.407	4	140.928
103.507	0	0
103.607	38	1338.82
103.707	10	352.32
103.807	0	0
103.907	38	1338.82
104.007	39	1374.05
104.107	22	775.104
104.207	39	1374.05
104.308	25	880.8
104.408	34	1197.89
104.508	37	1303.58
104.608	7	246.624
104.708	1	35.232
104.808	39	1374.05
104.908	3	105.696
105.008	39	1374.05
105.108	3	105.696
105.208	39	1374.05
105.309	8	281.856
105.409	2	70.464
105.509	39	1374.05
105.609	31	1092.19
105.709	13	458.016
105.809	39	1374.05
105.909	10	352.32
106.009	0	0
106.109	39	1374.05
106.21	5	176.16
106.31	1	35.232
106.41	38	1338.82
106.51	11	387.552
106.61	1	35.232
106.71	39	1374.05
106.81	39	1374.05
106.91	8	281.856
107.01	38	1338.82
107.11	3	105.696
107.21	39	1374.05
107.31	6	211.392
107.411	39	1374.05
107.511	6	211.392
107.611	2	70.464
107.711	0	0
107.811	39	1374.05
107.911	5	176.16
108.011	14	493.248
108.111	2	70.464
108.211	18	634.176
108.311	6	211.392
108.411	0	0
108.512	0	0
108.612	19	669.408
108.712	11	387.552
108.812	19	669.408
108.912	19	669.408
109.012	15	528.48
109.112	18	634.176
109.212	6	211.392
109.312	1	35.232
109.413	0	0
109.513	19	669.408
109.613	5	176.16
109.713	16	563.712
109.813	19	669.408
109.913	5	176.16
110.014	18	634.176
110.114	15	528.48
110.214	19	669.408
110.314	12	422.784
110.414	18	634.176
110.514	16	563.712
110.614	12	422.784
110.714	16	563.712
110.814	17	598.944
110.914	19	669.408
111.014	13	458.016
111.114	7	246.624
111.215	19	669.408
111.315	4	140.928
111.415	14	493.248
111.515	16	563.712
111.615	22	775.104
111.715	28	986.496
111.815	3	105.696
111.915	1	35.232
112.015	43	1514.98
112.115	7	246.624
112.216	0	0
112.316	19	669.408
112.416	4	140.928
112.516	20	704.64
112.616	18	634.176
112.716	0	0
112.816	0	0
112.916	21	739.872
113.016	4	140.928
113.116	0	0
113.216	21	739.872
113.317	21	739.872
113.417	10	352.32
113.517	12	422.784
113.617	21	739.872
113.717	15	528.48
113.817	0	0
113.917	0	0
114.017	21	739.872
114.117	6	211.392
114.217	13	458.016
114.317	14	493.248
114.418	2	70.464
114.518	0	0
114.618	0	0
114.718	23	810.336
114.818	8	281.856
114.918	0	0
115.018	0	0
115.118	0	0
115.218	0	0
115.318	0	0
115.419	0	0
115.519	0	0
115.619	35	1233.12
115.719	15	528.48
115.819	16	563.712
115.919	0	0
116.019	0	0
116.119	0	0
116.219	0	0
116.319	0	0
116.42	16	563.712
116.52	17	598.944
116.62	5	176.16
116.72	2	70.464
116.82	17	598.944
116.92	5	176.16
117.02	17	598.944
117.12	7	246.624
117.22	17	598.944
117.321	0	0
117.421	2	70.464
117.521	17	598.944
117.621	2	70.464
117.721	2	70.464
117.821	0	0
117.921	17	598.944
118.021	3	105.696
118.121	17	598.944
118.221	9	317.088
118.321	10	352.32
118.422	13	458.016
118.522	15	528.48
118.622	4	140.928
118.722	0	0
118.822	0	0
118.922	17	598.944
119.022	9	317.088
119.122	2	70.464
119.222	16	563.712
119.322	17	598.944
119.423	16	563.712
119.523	14	493.248
119.623	16	563.712
119.723	15	528.48
119.823	2	70.464
119.923	17	598.944
120.023	1	35.232
120.123	17	598.944
120.224	17	598.944
120.324	18	634.176
120.424	8	281.856
120.524	0	0
120.624	0	0
120.724	0	0
120.824	0	0
120.924	0	0
121.024	0	0
121.124	0	0
121.224	0	0
121.325	0	0
121.425	0	0
121.525	21	739.872
121.625	0	0
121.725	2	70.464
121.825	16	563.712
121.925	1	35.232
122.025	20	704.64
122.125	21	739.872
122.225	5	176.16
122.326	0	0
122.426	0	0
122.526	31	1092.19
122.626	2	70.464
122.726	0	0
122.826	0	0
122.926	32	1127.42
123.026	4	140.928
123.126	2	70.464
123.226	32	1127.42
123.327	1	35.232
123.427	0	0
123.527	0	0
123.627	0	0
123.727	0	0
123.827	0	0
123.927	0	0
124.027	2	70.464
124.127	0	0
124.228	0	0
124.328	0	0
124.428	0	0
124.528	0	0
124.628	0	0
124.728	0	0
124.828	37	1303.58
124.928	9	317.088
125.028	1	35.232
125.129	0	0
125.229	0	0
125.329	0	0
125.429	0	0
125.529	0	0
125.629	0	0
125.729	0	0
125.829	27	951.264
125.929	2	70.464
126.029	35	1233.12
126.13	5	176.16
126.23	0	0
126.33	43	1514.98
126.43	3	105.696
126.53	45	1585.44
126.63	6	211.392
126.73	0	0
126.83	0	0
126.93	0	0
127.03	1	35.232
127.13	48	1691.14
127.23	0	0
127.331	2	70.464
127.431	28	986.496
127.531	25	880.8
127.631	3	105.696
127.731	0	0
127.831	1	35.232
127.931	0	0
128.031	54	1902.53
128.131	16	563.712
128.231	57	2008.22
128.331	17	598.944
128.432	0	0
128.532	2	70.464
128.632	0	0
128.732	0	0
128.832	0	0
128.932	0	0
129.032	0	0
129.132	4	140.928
129.232	81	2853.79
129.332	13	458.016
129.432	0	0
129.533	0	0
129.633	0	0
129.733	0	0
129.833	20	704.64
129.933	0	0
130.033	0	0
130.133	0	0
130.233	0	0
130.333	0	0
130.434	0	0
130.534	0	0
130.634	0	0
130.734	0	0
130.834	0	0
130.934	16	563.712
131.034	28	986.496
131.134	39	1374.05
131.234	5	176.16
131.334	2	70.464
131.434	0	0
131.535	0	0
131.635	1	35.232
131.735	0	0
131.835	42	1479.74
131.935	3	105.696
132.035	0	0
132.135	0	0
132.235	0	0
132.335	0	0
132.436	43	1514.98
132.536	10	352.32
132.636	2	70.464
132.736	0	0
132.836	43	1514.98
132.936	8	281.856
133.036	0	0
133.136	0	0
133.236	0	0
133.336	0	0
133.437	0	0
133.537	0	0
133.637	0	0
133.737	0	0
133.837	0	0
133.937	0	0
134.037	0	0
134.137	0	0
134.237	0	0
134.338	44	1550.21
134.438	3	105.696
134.538	0	0
134.638	19	669.408
134.738	15	528.48
134.838	8	281.856
134.938	2	70.464
135.038	21	739.872
135.138	2	70.464
135.239	2	70.464
135.339	0	0
135.439	21	739.872
135.539	4	140.928
135.639	22	775.104
135.739	1	35.232
135.839	0	0
135.939	2	70.464
136.039	22	775.104
136.139	8	281.856
136.239	14	493.248
136.34	2	70.464
136.44	0	0
136.54	0	0
136.64	22	775.104
136.74	22	775.104
136.84	6	211.392
136.94	0	0
137.04	4	140.928
137.141	22	775.104
137.241	3	105.696
137.341	0	0
137.441	0	0
137.541	22	775.104
137.641	3	105.696
137.741	22	775.104
137.841	22	775.104
137.941	4	140.928
138.041	22	775.104
138.142	22	775.104
138.242	6	211.392
138.342	22	775.104
138.442	0	0
138.542	0	0
138.642	0	0
138.742	0	0
138.842	2	70.464
138.942	20	704.64
139.042	15	528.48
139.142	17	598.944
139.243	16	563.712
139.343	27	951.264
139.443	6	211.392
139.543	2	70.464
139.643	4	140.928
139.743	42	1479.74
139.843	52	1832.06
139.943	4	140.928
140.043	1	35.232
140.143	64	2254.85
140.244	3	105.696
140.344	78	2748.1
140.444	7	246.624
140.544	0	0
140.644	0	0
140.744	0	0
140.844	0	0
140.944	0	0
141.044	0	0
141.144	0	0
141.245	0	0
141.345	0	0
141.445	0	0
141.545	0	0
141.645	1	35.232
141.745	1	35.232
141.845	2	70.464
141.945	71	2501.47
142.045	37	1303.58
142.146	13	458.016
142.246	0	0
142.346	0	0
142.446	0	0
142.546	0	0
142.646	0	0
142.746	0	0
142.846	43	1514.98
142.946	2	70.464
143.046	0	0
143.147	0	0
143.247	0	0
143.347	0	0
143.447	46	1620.67
143.547	9	317.088
143.647	6	211.392
143.747	0	0
143.847	0	0
143.947	0	0
144.047	47	1655.9
144.148	6	211.392
144.248	0	0
144.348	0	0
144.448	0	0
144.548	0	0
144.648	0	0
144.748	0	0
144.848	0	0
144.948	0	0
145.048	38	1338.82
145.149	0	0
145.249	12	422.784
145.349	0	0
145.449	0	0
145.549	0	0
145.649	0	0
145.749	49	1726.37
145.849	3	105.696
145.949	0	0
146.049	46	1620.67
146.15	0	0
146.25	0	0
146.35	0	0
146.45	3	105.696
146.55	49	1726.37
146.65	5	176.16
146.75	0	0
146.85	0	0
146.95	0	0
147.05	0	0
147.151	0	0
147.251	49	1726.37
147.351	5	176.16
147.451	1	35.232
147.551	49	1726.37
147.651	4	140.928
147.751	0	0
147.851	0	0
147.951	46	1620.67
148.051	3	105.696
148.152	0	0
148.252	1	35.232
148.352	37	1303.58
148.452	0	0
148.552	0	0
148.652	10	352.32
148.752	2	70.464
148.852	0	0
148.952	0	0
149.052	0	0
149.152	0	0
149.252	0	0
149.353	0	0
149.453	46	1620.67
149.553	5	176.16
149.653	21	739.872
149.753	7	246.624
149.853	0	0
149.953	0	0
150.053	22	775.104
150.153	5	176.16
150.253	21	739.872
150.353	24	845.568
150.454	14	493.248
150.554	22	775.104
150.654	6	211.392
150.754	0	0
150.854	24	845.568
150.954	3	105.696
151.055	24	845.568
151.155	3	105.696
151.255	23	810.336
151.355	24	845.568
151.455	7	246.624
151.555	21	739.872
151.656	5	176.16
151.756	24	845.568
151.856	2	70.464
151.956	24	845.568
152.056	11	387.552
152.156	18	634.176
152.256	24	845.568
152.356	20	704.64
152.456	10	352.32
152.556	23	810.336
152.656	24	845.568
152.757	24	845.568
152.857	24	845.568
152.957	24	845.568
153.057	24	845.568
153.157	24	845.568
153.257	19	669.408
153.357	22	775.104
153.458	24	845.568
153.558	1	35.232
153.658	0	0
153.758	0	0
153.858	0	0
153.958	0	0
154.058	4	140.928
154.158	21	739.872
154.258	15	528.48
154.359	17	598.944
154.459	19	669.408
154.559	21	739.872
154.659	22	775.104
154.759	24	845.568
154.859	26	916.032
154.959	30	1056.96
155.059	32	1127.42
155.159	0	0
155.259	26	916.032
155.359	37	1303.58
155.459	19	669.408
155.56	2	70.464
155.66	38	1338.82
155.76	11	387.552
155.86	46	1620.67
155.96	0	0
156.06	0	0
156.16	0	0
156.26	17	598.944
156.36	28	986.496
156.46	16	563.712
156.561	10	352.32
156.661	25	880.8
156.761	7	246.624
156.861	0	0
156.961	2	70.464
157.061	26	916.032
157.161	0	0
157.261	0	0
157.361	2	70.464
157.461	0	0
157.562	0	0
157.662	0	0
157.762	0	0
157.862	2	70.464
157.962	27	951.264
158.062	14	493.248
158.162	2	70.464
158.262	0	0
158.362	0	0
158.462	14	493.248
158.563	14	493.248
158.663	14	493.248
158.763	9	317.088
158.863	14	493.248
158.963	3	105.696
159.063	0	0
159.163	0	0
159.263	14	493.248
159.364	14	493.248
159.464	14	493.248
159.564	7	246.624
159.664	0	0
159.764	0	0
159.864	14	493.248
159.964	2	70.464
160.064	14	493.248
160.165	5	176.16
160.265	14	493.248
160.365	2	70.464
160.465	0	0
160.565	0	0
160.665	0	0
160.765	8	281.856
160.865	6	211.392
160.966	14	493.248
161.066	15	528.48
161.166	8	281.856
161.266	0	0
161.366	0	0
161.466	1	35.232
161.566	21	739.872
161.666	2	70.464
161.766	0	0
161.866	1	35.232
161.966	28	986.496
162.067	3	105.696
162.167	0	0
162.267	0	0
162.367	2	70.464
162.467	0	0
162.567	0	0
162.667	43	1514.98
162.767	2	70.464
162.867	2	70.464
162.967	0	0
163.068	0	0
163.168	1	35.232
163.268	57	2008.22
163.368	72	2536.7
163.468	2	70.464
163.569	1	35.232
163.669	0	0
163.769	0	0
163.869	0	0
163.969	0	0
164.069	0	0
164.169	0	0
164.269	0	0
164.369	0	0
164.47	87	3065.18
164.57	0	0
164.67	0	0
164.77	2	70.464
164.87	0	0
164.97	0	0
165.07	0	0
165.17	0	0
165.27	0	0
165.37	100	3523.2
165.47	5	176.16
165.571	1	35.232
165.671	0	0
165.771	106	3734.59
165.871	3	105.696
165.971	2	70.464
166.071	0	0
166.171	0	0
166.271	0	0
166.371	45	1585.44
166.471	80	2818.56
166.571	60	2113.92
166.672	2	70.464
166.772	0	0
166.872	0	0
166.972	0	0
167.072	0	0
167.172	0	0
167.272	0	0
167.372	0	0
167.472	0	0
167.572	0	0
167.673	68	2395.78
167.773	74	2607.17
167.873	12	422.784
167.973	0	0
168.073	0	0
168.173	0	0
168.273	0	0
168.373	1	35.232
168.473	1	35.232
168.573	0	0
168.674	0	0
168.774	0	0
168.874	0	0
168.974	0	0
169.074	0	0
169.174	0	0
169.274	0	0
169.374	0	0
169.474	0	0
169.574	0	0
169.675	0	0
169.775	0	0
169.875	0	0
169.975	0	0
170.075	62	2184.38
170.175	6	211.392
170.275	0	0
170.375	0	0
170.475	1	35.232
170.576	68	2395.78
170.676	6	211.392
170.776	62	2184.38
170.876	5	176.16
170.976	0	0
171.076	1	35.232
171.176	24	845.568
171.276	43	1514.98
171.376	0	0
171.476	0	0
171.576	1	35.232
171.677	0	0
171.777	0	0
171.877	65	2290.08
171.977	2	70.464
172.077	0	0
172.177	0	0
172.277	0	0
172.377	0	0
172.477	0	0
172.578	0	0
172.678	66	2325.31
172.778	1	35.232
172.878	0	0
172.978	0	0
173.078	2	70.464
173.178	0	0
173.278	0	0
173.378	0	0
173.478	0	0
173.579	0	0
173.679	34	1197.89
173.779	34	1197.89
173.879	0	0
173.979	0	0
174.079	0	0
174.179	0	0
174.279	0	0
174.379	2	70.464
174.48	0	0
174.58	7	246.624
174.68	58	2043.46
174.78	36	1268.35
174.88	13	458.016
174.98	0	0
175.08	0	0
175.18	0	0
175.28	0	0
175.38	0	0
175.481	2	70.464
175.581	34	1197.89
175.681	35	1233.12
175.781	4	140.928
175.881	2	70.464
175.981	2	70.464
176.081	35	1233.12
176.181	0	0
176.281	2	70.464
176.382	37	1303.58
176.482	30	1056.96
176.582	19	669.408
176.682	2	70.464
176.782	29	1021.73
176.882	12	422.784
176.982	0	0
177.082	37	1303.58
177.183	11	387.552
177.283	30	1056.96
177.383	36	1268.35
177.483	38	1338.82
177.583	9	317.088
177.683	6	211.392
177.783	15	528.48
177.883	25	880.8
177.983	38	1338.82
178.083	1	35.232
178.183	0	0
178.284	10	352.32
178.384	0	0
178.484	38	1338.82
178.584	26	916.032
178.684	17	598.944
178.784	7	246.624
178.884	0	0
178.984	0	0
179.085	0	0
179.185	0	0
179.285	0	0
179.385	0	0
179.485	38	1338.82
179.585	16	563.712
179.685	8	281.856
179.785	17	598.944
179.885	0	0
179.986	18	634.176
180.086	9	317.088
180.186	0	0
180.286	0	0
180.386	2	70.464
180.486	16	563.712
180.586	9	317.088
180.686	2	70.464
180.786	0	0
180.887	0	0
180.987	0	0
181.087	0	0
181.187	0	0
181.287	18	634.176
181.387	7	246.624
181.487	16	563.712
181.587	18	634.176
181.688	7	246.624
181.788	0	0
181.888	18	634.176
181.988	1	35.232
182.088	0	0
182.188	13	458.016
182.288	11	387.552
182.388	2	70.464
182.488	0	0
182.588	0	0
182.689	0	0
182.789	19	669.408
182.889	19	669.408
182.989	13	458.016
183.089	13	458.016
183.189	18	634.176
183.289	19	669.408
183.389	9	317.088
183.49	0	0
183.59	2	70.464
183.69	18	634.176
183.79	2	70.464
183.89	19	669.408
183.99	6	211.392
184.091	16	563.712
184.191	17	598.944
184.291	13	458.016
184.391	8	281.856
184.491	18	634.176
184.591	2	70.464
184.691	2	70.464
184.791	0	0
184.891	0	0
184.992	0	0
185.092	0	0
185.192	0	0
185.292	19	669.408
185.392	2	70.464
185.492	12	422.784
185.592	0	0
185.692	0	0
185.792	16	563.712
185.893	20	704.64
185.993	4	140.928
186.093	25	880.8
186.193	16	563.712
186.293	26	916.032
186.393	19	669.408
186.493	6	211.392
186.594	25	880.8
186.694	3	105.696
186.794	0	0
186.894	0	0
186.994	0	0
187.094	7	246.624
187.195	49	1726.37
187.295	0	0
187.395	0	0
187.495	9	317.088
187.595	7	246.624
187.695	0	0
187.795	9	317.088
187.895	1	35.232
187.995	0	0
188.096	0	0
188.196	0	0
188.296	1	35.232
188.396	0	0
188.496	23	810.336
188.596	4	140.928
188.696	0	0
188.796	23	810.336
188.896	2	70.464
188.997	0	0
189.097	0	0
189.197	0	0
189.297	0	0
189.397	9	317.088
189.497	15	528.48
189.597	2	70.464
189.697	3	105.696
189.797	13	458.016
189.897	0	0
189.998	20	704.64
190.098	11	387.552
190.198	10	352.32
190.298	0	0
190.398	0	0
190.498	0	0
190.598	0	0
190.698	37	1303.58
190.798	5	176.16
190.898	0	0
190.999	18	634.176
191.099	20	704.64
191.199	1	35.232
191.299	0	0
191.399	0	0
191.499	0	0
191.599	0	0
191.699	10	352.32
191.799	0	0
191.9	0	0
192	1	35.232
192.1	12	422.784
192.2	27	951.264
192.3	2	70.464
192.4	0	0
192.5	0	0
192.6	12	422.784
192.7	0	0
192.8	0	0
192.901	2	70.464
193.001	0	0
193.101	7	246.624
193.201	12	422.784
193.301	2	70.464
193.401	0	0
193.501	0	0
193.601	0	0
193.701	0	0
193.801	15	528.48
193.902	17	598.944
194.002	2	70.464
194.102	39	1374.05
194.202	34	1197.89
194.302	9	317.088
194.402	1	35.232
194.502	29	1021.73
194.602	9	317.088
194.703	2	70.464
194.803	13	458.016
194.903	22	775.104
195.003	3	105.696
195.103	21	739.872
195.203	4	140.928
195.303	29	1021.73
195.403	13	458.016
195.503	2	70.464
195.604	39	1374.05
195.704	8	281.856
195.804	0	0
195.904	39	1374.05
196.004	0	0
196.104	0	0
196.204	0	0
196.304	2	70.464
196.404	0	0
196.504	39	1374.05
196.604	2	70.464
196.705	2	70.464
196.805	37	1303.58
196.905	0	0
197.005	2	70.464
197.105	39	1374.05
197.205	3	105.696
197.305	39	1374.05
197.405	1	35.232
197.505	2	70.464
197.605	0	0
197.705	0	0
197.806	39	1374.05
197.906	0	0
198.006	0	0
198.106	0	0
198.206	0	0
198.306	0	0
198.406	2	70.464
198.506	0	0
198.606	39	1374.05
198.707	10	352.32
198.807	0	0
198.907	1	35.232
199.007	0	0
199.107	0	0
199.207	18	634.176
199.307	3	105.696
199.407	0	0
199.507	18	634.176
199.608	0	0
199.708	0	0
199.808	19	669.408
199.908	5	176.16
200.008	2	70.464
200.108	0	0
200.208	0	0
200.308	0	0
200.408	1	35.232
200.509	19	669.408
200.609	14	493.248
200.709	9	317.088
200.809	0	0
200.909	0	0
201.009	0	0
201.109	1	35.232
201.209	19	669.408
201.309	19	669.408
201.409	2	70.464
201.51	1	35.232
201.61	18	634.176
201.71	0	0
201.81	0	0
201.91	0	0
202.01	19	669.408
202.11	10	352.32
202.21	10	352.32
202.31	0	0
202.411	0	0
202.511	0	0
202.611	2	70.464
202.711	19	669.408
202.811	8	281.856
202.911	11	387.552
203.011	0	0
203.111	0	0
203.211	0	0
203.312	0	0
203.412	2	70.464
203.512	4	140.928
203.612	0	0
203.712	0	0
203.812	0	0
203.912	19	669.408
204.012	5	176.16
204.112	3	105.696
204.213	19	669.408
204.313	2	70.464
204.413	0	0
204.513	0	0
204.613	0	0
204.713	0	0
204.813	0	0
204.913	0	0
205.014	2	70.464
205.114	18	634.176
205.214	5	176.16
205.314	19	669.408
205.414	17	598.944
205.514	12	422.784
205.614	12	422.784
205.714	9	317.088
205.814	0	0
205.915	19	669.408
206.015	14	493.248
206.115	12	422.784
206.215	13	458.016
206.315	3	105.696
206.415	0	0
206.515	0	0
206.615	0	0
206.715	0	0
206.815	0	0
206.916	0	0
207.016	6	211.392
207.116	13	458.016
207.216	4	140.928
207.316	8	281.856
207.416	9	317.088
207.516	10	352.32
207.616	20	704.64
207.716	17	598.944
207.817	6	211.392
207.917	0	0
208.017	1	35.232
208.117	10	352.32
208.217	25	880.8
208.317	10	352.32
208.417	1	35.232
208.517	1	35.232
208.617	0	0
208.717	0	0
208.818	0	0
208.918	0	0
209.018	0	0
209.118	0	0
209.218	0	0
209.318	0	0
209.418	4	140.928
209.518	0	0
209.618	0	0
209.718	0	0
209.818	0	0
209.919	0	0
210.019	2	70.464
210.119	24	845.568
210.219	29	1021.73
210.319	16	563.712
210.419	10	352.32
210.519	7	246.624
210.619	2	70.464
210.719	4	140.928
210.82	22	775.104
210.92	0	0
211.02	0	0
211.12	0	0
211.22	0	0
211.32	0	0
211.42	0	0
211.52	0	0
211.62	0	0
211.72	26	916.032
211.821	0	0
211.921	2	70.464
212.021	7	246.624
212.121	22	775.104
212.221	8	281.856
212.321	27	951.264
212.421	15	528.48
212.521	9	317.088
212.621	0	0
212.721	2	70.464
212.822	0	0
212.922	0	0
213.022	0	0
213.122	1	35.232
213.222	26	916.032
213.322	0	0
213.422	2	70.464
213.522	0	0
213.623	0	0
213.723	0	0
213.823	0	0
213.923	20	704.64
214.023	0	0
214.123	0	0
214.223	2	70.464
214.323	0	0
214.423	18	634.176
214.524	24	845.568
214.624	22	775.104
214.724	7	246.624
214.824	0	0
214.924	23	810.336
215.024	0	0
215.124	17	598.944
215.224	0	0
215.324	4	140.928
215.425	14	493.248
215.525	2	70.464
215.625	9	317.088
215.725	0	0
215.825	27	951.264
215.925	8	281.856
216.025	0	0
216.125	2	70.464
216.225	27	951.264
216.326	1	35.232
216.426	0	0
216.526	0	0
216.626	2	70.464
216.726	27	951.264
216.826	8	281.856
216.926	7	246.624
217.026	10	352.32
217.126	3	105.696
217.227	1	35.232
217.327	2	70.464
217.427	13	458.016
217.527	2	70.464
217.627	2	70.464
217.727	4	140.928
217.827	27	951.264
217.927	9	317.088
218.027	7	246.624
218.127	0	0
218.228	0	0
218.328	0	0
218.428	0	0
218.528	14	493.248
218.628	17	598.944
218.728	1	35.232
218.828	0	0
218.928	0	0
219.029	0	0
219.129	1	35.232
219.229	13	458.016
219.329	7	246.624
219.429	8	281.856
219.529	9	317.088
219.629	7	246.624
219.729	0	0
219.829	0	0
219.929	0	0
220.03	0	0
220.13	21	739.872
220.23	7	246.624
220.33	2	70.464
220.43	0	0
220.53	0	0
220.63	19	669.408
220.73	0	0
220.83	7	246.624
220.931	22	775.104
221.031	8	281.856
221.131	1	35.232
221.231	0	0
221.331	0	0
221.431	0	0
221.531	0	0
221.631	0	0
221.731	0	0
221.832	0	0
221.932	0	0
222.032	0	0
222.132	0	0
222.232	1	35.232
222.332	19	669.408
222.432	9	317.088
222.532	0	0
222.632	0	0
222.733	0	0
222.833	0	0
222.933	0	0
223.033	0	0
223.133	0	0
223.233	0	0
223.333	2	70.464
223.433	0	0
223.533	0	0
223.634	16	563.712
223.734	1	35.232
223.834	1	35.232
223.934	8	281.856
224.034	0	0
224.134	0	0
224.234	0	0
224.334	14	493.248
224.434	0	0
224.535	0	0
224.635	13	458.016
224.735	4	140.928
224.835	4	140.928
224.935	20	704.64
225.035	1	35.232
225.135	0	0
225.235	0	0
225.336	0	0
225.436	0	0
225.536	1	35.232
225.636	0	0
225.736	0	0
225.836	1	35.232
225.936	3	105.696
226.036	23	810.336
226.136	5	176.16
226.237	1	35.232
226.337	0	0
226.437	0	0
226.537	0	0
226.637	0	0
226.737	10	352.32
226.837	0	0
226.937	0	0
227.037	0	0
227.138	6	211.392
227.238	21	739.872
227.338	6	211.392
227.438	0	0
227.538	14	493.248
227.638	3	105.696
227.738	2	70.464
227.838	5	176.16
227.939	0	0
228.039	1	35.232
228.139	18	634.176
228.239	0	0
228.339	2	70.464
228.439	11	387.552
228.539	0	0
228.639	5	176.16
228.74	28	986.496
228.84	0	0
228.94	4	140.928
229.04	5	176.16
229.14	0	0
229.24	0	0
229.34	0	0
229.44	0	0
229.54	0	0
229.641	0	0
229.741	33	1162.66
229.841	16	563.712
229.941	1	35.232
230.041	3	105.696
230.141	0	0
230.241	14	493.248
230.341	2	70.464
230.441	0	0
230.542	7	246.624
230.642	0	0
230.742	4	140.928
230.842	16	563.712
230.942	0	0
231.042	9	317.088
231.142	7	246.624
231.242	23	810.336
231.342	0	0
231.443	0	0
231.543	0	0
231.643	0	0
231.743	2	70.464
231.844	25	880.8
231.944	16	563.712
232.044	0	0
232.144	1	35.232
232.244	7	246.624
232.344	13	458.016
232.444	9	317.088
232.544	0	0
232.644	0	0
232.744	0	0
232.845	0	0
232.945	2	70.464
233.045	22	775.104
233.145	0	0
233.245	0	0
233.345	2	70.464
233.445	4	140.928
233.545	0	0
233.645	0	0
233.746	0	0
233.846	5	176.16
233.946	9	317.088
234.046	7	246.624
234.146	40	1409.28
234.246	0	0
234.346	6	211.392
234.446	0	0
234.547	11	387.552
234.647	2	70.464
234.747	11	387.552
234.847	15	528.48
234.947	0	0
235.047	0	0
235.147	0	0
235.247	0	0
235.348	13	458.016
235.448	0	0
235.548	1	35.232
235.648	33	1162.66
235.748	3	105.696
235.848	24	845.568
235.948	6	211.392
236.048	2	70.464
236.149	15	528.48
236.249	6	211.392
236.349	1	35.232
236.449	0	0
236.549	7	246.624
236.649	11	387.552
236.749	15	528.48
236.849	12	422.784
236.949	37	1303.58
237.049	32	1127.42
237.15	37	1303.58
237.25	1	35.232
237.35	0	0
237.45	0	0
237.55	0	0
237.65	31	1092.19
237.75	24	845.568
237.85	37	1303.58
237.95	26	916.032
238.051	38	1338.82
238.151	21	739.872
238.251	38	1338.82
238.351	28	986.496
238.451	14	493.248
238.551	38	1338.82
238.651	25	880.8
238.752	2	70.464
238.852	36	1268.35
238.952	38	1338.82
239.052	38	1338.82
239.152	28	986.496
239.252	0	0
239.352	0	0
239.452	0	0
239.552	38	1338.82
239.652	16	563.712
239.753	17	598.944
239.853	9	317.088
239.953	18	634.176
240.053	7	246.624
240.153	18	634.176
240.253	14	493.248
240.353	17	598.944
240.454	16	563.712
240.554	16	563.712
240.654	18	634.176
240.754	19	669.408
240.854	18	634.176
240.954	19	669.408
241.054	0	0
241.154	0	0
241.254	0	0
241.354	0	0
241.455	0	0
241.555	9	317.088
241.655	10	352.32
241.755	14	493.248
241.855	16	563.712
241.955	20	704.64
242.055	27	951.264
242.155	38	1338.82
242.255	9	317.088
242.355	0	0
242.456	0	0
242.556	0	0
242.656	0	0
242.756	0	0
242.856	0	0
242.956	54	1902.53
243.056	11	387.552
243.156	19	669.408
243.256	22	775.104
243.356	23	810.336
243.457	4	140.928
243.557	0	0
243.657	0	0
243.757	0	0
243.857	2	70.464
243.957	26	916.032
244.057	24	845.568
244.157	0	0
244.257	27	951.264
244.358	27	951.264
244.458	27	951.264
244.558	26	916.032
244.658	0	0
244.758	0	0
244.858	0	0
244.958	3	105.696
245.058	27	951.264
245.158	27	951.264
245.258	26	916.032
245.359	0	0
245.459	0	0
245.559	0	0
245.659	0	0
245.759	21	739.872
245.859	23	810.336
245.959	24	845.568
246.059	20	704.64
246.159	14	493.248
246.26	27	951.264
246.36	27	951.264
246.46	27	951.264
246.56	27	951.264
246.66	27	951.264
246.76	27	951.264
246.86	27	951.264
246.96	7	246.624
247.06	22	775.104
247.16	10	352.32
247.261	27	951.264
247.361	27	951.264
247.461	27	951.264
247.561	28	986.496
247.661	9	317.088
247.761	33	1162.66
247.861	27	951.264
247.961	46	1620.67
248.061	8	281.856
248.161	0	0
248.262	0	0
248.362	0	0
248.462	56	1972.99
248.562	21	739.872
248.662	19	669.408
248.762	0	0
248.862	28	986.496
248.962	29	1021.73
249.062	30	1056.96
249.162	30	1056.96
249.262	27	951.264
249.363	11	387.552
249.463	30	1056.96
249.563	2	70.464
249.663	0	0
249.763	31	1092.19
249.863	31	1092.19
249.963	31	1092.19
250.063	29	1021.73
250.164	31	1092.19
250.264	17	598.944
250.364	0	0
250.464	30	1056.96
250.564	0	0
250.664	0	0
250.764	0	0
250.864	11	387.552
250.964	20	704.64
251.065	14	493.248
251.165	15	528.48
251.265	15	528.48
251.365	15	528.48
251.465	15	528.48
251.565	15	528.48
251.665	15	528.48
251.765	15	528.48
251.865	2	70.464
251.966	0	0
252.066	0	0
252.166	15	528.48
252.266	13	458.016
252.366	15	528.48
252.466	9	317.088
252.566	0	0
252.666	21	739.872
252.766	19	669.408
252.867	23	810.336
252.967	0	0
253.067	6	211.392
253.167	42	1479.74
253.267	50	1761.6
253.367	30	1056.96
253.467	42	1479.74
253.567	0	0
253.667	23	810.336
253.768	75	2642.4
253.868	15	528.48
253.968	0	0
254.068	92	3241.34
254.168	58	2043.46
254.268	86	3029.95
254.368	116	4086.91
254.468	129	4544.93
254.568	74	2607.17
254.668	78	2748.1
254.768	0	0
254.868	0	0
254.968	0	0
255.069	0	0
255.169	37	1303.58
255.269	70	2466.24
255.369	52	1832.06
255.469	35	1233.12
255.569	22	775.104
255.669	6	211.392
255.769	75	2642.4
255.869	77	2712.86
255.969	62	2184.38
256.07	41	1444.51
256.17	83	2924.26
256.27	56	1972.99
256.37	37	1303.58
256.47	23	810.336
256.57	12	422.784
256.67	0	0
256.77	87	3065.18
256.87	17	598.944
256.97	0	0
257.07	0	0
257.171	0	0
257.271	0	0
257.371	0	0
257.471	0	0
257.571	0	0
257.671	0	0
257.771	0	0
257.871	0	0
257.971	0	0
258.072	0	0
258.172	0	0
258.272	0	0
258.372	0	0
258.472	0	0
258.572	0	0
258.672	0	0
258.772	0	0
258.873	0	0
258.973	0	0
259.073	0	0
259.173	0	0
259.273	0	0
259.373	0	0
259.473	0	0
259.573	0	0
259.673	0	0
259.773	20	704.64
259.873	52	1832.06
259.974	20	704.64
260.074	4	140.928
260.174	1	35.232
260.274	21	739.872
260.374	10	352.32
260.474	22	775.104
260.574	25	880.8
260.674	2	70.464
260.774	0	0
260.874	41	1444.51
260.975	5	176.16
261.075	0	0
261.175	0	0
261.275	1	35.232
261.375	41	1444.51
261.475	10	352.32
261.575	20	704.64
261.675	23	810.336
261.776	10	352.32
261.876	43	1514.98
261.976	2	70.464
262.076	1	35.232
262.176	0	0
262.276	0	0
262.376	0	0
262.476	0	0
262.576	43	1514.98
262.677	3	105.696
262.777	0	0
262.877	43	1514.98
262.977	7	246.624
263.077	0	0
263.177	0	0
263.277	0	0
263.377	0	0
263.477	0	0
263.577	0	0
263.678	1	35.232
263.778	44	1550.21
263.878	43	1514.98
263.978	4	140.928
264.078	28	986.496
264.178	23	810.336
264.278	38	1338.82
264.378	12	422.784
264.478	0	0
264.578	0	0
264.678	0	0
264.779	0	0
264.879	0	0
264.979	0	0
265.079	44	1550.21
265.179	7	246.624
265.279	44	1550.21
265.379	1	35.232
265.479	0	0
265.579	2	70.464
265.679	12	422.784
265.78	32	1127.42
265.88	0	0
265.98	2	70.464
266.08	30	1056.96
266.18	31	1092.19
266.28	2	70.464
266.38	0	0
266.48	0	0
266.58	0	0
266.68	0	0
266.781	0	0
266.881	0	0
266.981	27	951.264
267.081	0	0
267.181	41	1444.51
267.281	8	281.856
267.381	16	563.712
267.481	12	422.784
267.581	0	0
267.682	2	70.464
267.782	20	704.64
267.882	21	739.872
267.982	14	493.248
268.082	20	704.64
268.182	0	0
268.282	0	0
268.382	0	0
268.482	10	352.32
268.582	17	598.944
268.683	20	704.64
268.783	2	70.464
268.883	0	0
268.983	0	0
269.083	0	0
269.183	0	0
269.283	0	0
269.383	2	70.464
269.483	0	0
269.584	21	739.872
269.684	15	528.48
269.784	8	281.856
269.884	0	0
269.984	0	0
270.084	0	0
270.184	0	0
270.284	0	0
270.384	2	70.464
270.485	12	422.784
270.585	0	0
270.685	0	0
270.786	10	352.32
270.886	24	845.568
270.986	12	422.784
271.086	4	140.928
271.186	33	1162.66
271.286	11	387.552
271.386	0	0
271.486	1	35.232
271.587	0	0
271.687	57	2008.22
271.787	0	0
271.887	12	422.784
271.987	0	0
272.087	21	739.872
272.187	50	1761.6
272.287	42	1479.74
272.388	0	0
272.488	46	1620.67
272.588	0	0
272.688	0	0
272.788	0	0
272.888	0	0
272.988	0	0
273.088	0	0
273.188	0	0
273.288	2	70.464
273.389	0	0
273.489	0	0
273.589	2	70.464
273.689	4	140.928
273.789	0	0
273.889	0	0
273.989	0	0
274.089	95	3347.04
274.19	0	0
274.29	2	70.464
274.39	0	0
274.49	0	0
274.59	0	0
274.69	0	0
274.79	0	0
274.89	0	0
274.99	11	387.552
275.09	33	1162.66
275.19	2	70.464
275.291	26	916.032
275.391	0	0
275.491	22	775.104
275.591	2	70.464
275.691	48	1691.14
275.791	8	281.856
275.891	49	1726.37
275.991	6	211.392
276.091	1	35.232
276.192	50	1761.6
276.292	23	810.336
276.392	2	70.464
276.492	0	0
276.592	0	0
276.692	0	0
276.792	0	0
276.892	1	35.232
276.992	0	0
277.092	51	1796.83
277.193	2	70.464
277.293	1	35.232
277.393	51	1796.83
277.493	3	105.696
277.593	0	0
277.693	0	0
277.793	0	0
277.893	0	0
277.993	0	0
278.093	0	0
278.194	0	0
278.294	0	0
278.394	1	35.232
278.494	51	1796.83
278.594	51	1796.83
278.694	24	845.568
278.794	2	70.464
278.894	29	1021.73
278.994	29	1021.73
279.094	24	845.568
279.195	0	0
279.295	0	0
279.395	1	35.232
279.495	0	0
279.595	51	1796.83
279.695	5	176.16
279.795	0	0
279.895	51	1796.83
279.996	3	105.696
280.096	0	0
280.196	0	0
280.296	0	0
280.396	0	0
280.496	0	0
280.596	0	0
280.696	0	0
280.797	8	281.856
280.897	49	1726.37
280.997	21	739.872
281.097	11	387.552
281.197	23	810.336
281.297	6	211.392
281.397	2	70.464
281.497	24	845.568
281.597	9	317.088
281.697	17	598.944
281.798	25	880.8
281.898	25	880.8
281.998	12	422.784
282.098	22	775.104
282.198	2	70.464
282.299	0	0
282.399	0	0
282.499	0	0
282.599	0	0
282.699	25	880.8
282.799	6	211.392
282.899	4	140.928
282.999	7	246.624
283.099	12	422.784
283.2	0	0
283.3	0	0
283.4	22	775.104
283.5	15	528.48
283.6	0	0
283.7	0	0
283.8	2	70.464
283.9	33	1162.66
284.001	12	422.784
284.101	0	0
284.201	0	0
284.301	0	0
284.401	41	1444.51
284.501	22	775.104
284.601	2	70.464
284.701	7	246.624
284.801	2	70.464
284.901	0	0
285.002	0	0
285.102	0	0
285.202	9	317.088
285.302	66	2325.31
285.402	16	563.712
285.502	0	0
285.602	0	0
285.702	0	0
285.802	0	0
285.903	0	0
286.003	1	35.232
286.103	0	0
286.203	90	3170.88
286.303	58	2043.46
286.403	52	1832.06
286.503	51	1796.83
286.603	47	1655.9
286.703	19	669.408
286.804	18	634.176
286.904	34	1197.89
287.004	39	1374.05
287.104	19	669.408
287.204	0	0
287.304	49	1726.37
287.404	79	2783.33
287.504	103	3628.9
287.604	54	1902.53
287.704	79	2783.33
287.804	1	35.232
287.905	48	1691.14
288.005	68	2395.78
288.105	10	352.32
288.205	105	3699.36
288.305	2	70.464
288.405	0	0
288.505	71	2501.47
288.606	28	986.496
288.706	74	2607.17
288.806	35	1233.12
288.906	70	2466.24
289.006	37	1303.58
289.106	34	1197.89
289.206	56	1972.99
289.306	63	2219.62
289.406	45	1585.44
289.506	0	0
289.607	29	1021.73
289.707	41	1444.51
289.807	79	2783.33
289.907	34	1197.89
290.007	18	634.176
290.107	0	0
290.207	0	0
290.307	0	0
290.407	54	1902.53
290.507	113	3981.22
290.608	21	739.872
290.708	1	35.232
290.808	31	1092.19
290.908	17	598.944
291.008	0	0
291.108	0	0
291.208	56	1972.99
291.308	1	35.232
291.408	23	810.336
291.508	91	3206.11
291.609	48	1691.14
291.709	82	2889.02
291.809	25	880.8
291.909	0	0
292.009	0	0
292.109	0	0
292.209	3	105.696
292.309	2	70.464
292.41	0	0
292.51	0	0
292.61	66	2325.31
292.71	0	0
292.81	0	0
292.91	0	0
293.01	0	0
293.11	0	0
293.21	0	0
293.311	2	70.464
