time	pps	kbps
0.100102	0	0
0.20022	1	35.232
0.300341	2	70.464
0.400464	4	140.928
0.500587	8	281.856
0.600708	8	281.856
0.700832	13	458.016
0.800914	3	105.696
0.901053	7	246.624
1.00111	25	880.8
1.10115	11	387.552
1.20127	12	422.784
1.30135	16	563.712
1.40143	19	669.408
1.50155	20	704.64
1.60167	15	528.48
1.7018	3	105.696
1.80187	22	775.104
1.90194	14	493.248
2.00204	0	0
2.10212	6	211.392
2.20225	15	528.48
2.30236	2	70.464
2.40251	9	317.088
2.50259	7	246.624
2.6027	5	176.16
2.70278	10	352.32
2.80289	9	317.088
2.90298	13	458.016
3.00308	5	176.16
3.1032	14	493.248
3.2033	3	105.696
3.30365	15	528.48
3.40374	6	211.392
3.50386	13	458.016
3.60396	3	105.696
3.70405	18	634.176
3.80417	3	105.696
3.90429	17	598.944
4.00434	5	176.16
4.10446	12	422.784
4.20457	10	352.32
4.30469	15	528.48
4.40481	22	775.104
4.50489	23	810.336
4.60492	23	810.336
4.70499	4	140.928
4.80511	25	880.8
4.90523	9	317.088
5.00535	12	422.784
5.10543	17	598.944
5.20549	14	493.248
5.3056	15	528.48
5.40565	3	105.696
5.50575	16	563.712
5.6058	5	176.16
5.70588	14	493.248
5.80596	17	598.944
5.90602	12	422.784
6.00613	16	563.712
6.10621	4	140.928
6.20633	11	387.552
6.30647	8	281.856
6.40659	14	493.248
6.50671	1	35.232
6.60683	12	422.784
6.70696	9	317.088
6.80702	12	422.784
6.90713	14	493.248
7.00723	16	563.712
7.10735	17	598.944
7.20743	4	140.928
7.3075	8	281.856
7.40763	18	634.176
7.50775	9	317.088
7.60787	16	563.712
7.70793	4	140.928
7.80799	14	493.248
7.90811	10	352.32
8.00823	13	458.016
8.10834	14	493.248
8.20845	21	739.872
8.30854	10	352.32
8.40867	22	775.104
8.50879	20	704.64
8.6089	14	493.248
8.70901	13	458.016
8.80913	21	739.872
8.90919	24	845.568
9.00929	17	598.944
9.10938	17	598.944
9.20947	1	35.232
9.30956	9	317.088
9.40964	28	986.496
9.50969	13	458.016
9.60978	5	176.16
9.7099	2	70.464
9.80998	12	422.784
9.91003	19	669.408
10.0101	15	528.48
10.1102	12	422.784
10.2103	15	528.48
10.3105	14	493.248
10.4106	14	493.248
10.5107	8	281.856
10.6108	18	634.176
10.7109	24	845.568
10.811	9	317.088
10.9111	19	669.408
11.0112	13	458.016
11.1113	6	211.392
11.2113	11	387.552
11.3114	6	211.392
11.4115	11	387.552
11.5116	6	211.392
11.6117	14	493.248
11.7118	15	528.48
11.8119	11	387.552
11.912	11	387.552
12.0121	2	70.464
12.1122	19	669.408
12.2123	4	140.928
12.3124	17	598.944
12.4125	20	704.64
12.5126	0	0
12.6127	0	0
12.7128	2	70.464
12.8129	20	704.64
12.913	2	70.464
13.0131	13	458.016
13.1137	3	105.696
13.2138	0	0
13.3139	0	0
13.414	0	0
13.5141	0	0
13.6142	14	493.248
13.7143	9	317.088
13.8145	4	140.928
13.9146	9	317.088
14.0147	4	140.928
14.1148	11	387.552
14.2149	3	105.696
14.315	3	105.696
14.415	13	458.016
14.5151	1	35.232
14.6153	0	0
14.7154	0	0
14.8155	14	493.248
14.9155	8	281.856
15.0157	9	317.088
15.1158	5	176.16
15.2159	1	35.232
15.316	10	352.32
15.4161	12	422.784
15.5162	0	0
15.6163	13	458.016
15.7164	14	493.248
15.8164	7	246.624
15.9165	12	422.784
16.0166	14	493.248
16.1167	16	563.712
16.2168	8	281.856
16.3168	18	634.176
16.417	2	70.464
16.517	19	669.408
16.6171	19	669.408
16.7172	19	669.408
16.8173	12	422.784
16.9174	0	0
17.0175	0	0
17.1176	12	422.784
17.2178	11	387.552
17.3179	0	0
17.418	0	0
17.5181	0	0
17.6182	2	70.464
17.7183	12	422.784
17.8184	14	493.248
17.9185	1	35.232
18.0187	0	0
18.1188	15	528.48
18.2188	9	317.088
18.3189	10	352.32
18.419	1	35.232
18.5191	11	387.552
18.6192	2	70.464
18.7194	0	0
18.8195	0	0
18.9196	0	0
19.0197	0	0
19.1198	12	422.784
19.2199	8	281.856
19.32	4	140.928
19.4201	9	317.088
19.5202	10	352.32
19.6202	10	352.32
19.7204	10	352.32
19.8204	13	458.016
19.9205	14	493.248
20.0206	15	528.48
20.1207	7	246.624
20.2208	0	0
20.3208	0	0
20.421	16	563.712
20.5211	4	140.928
20.6212	7	246.624
20.7213	2	70.464
20.8214	9	317.088
20.9215	7	246.624
21.0216	3	105.696
21.1217	0	0
21.2218	0	0
21.3219	0	0
21.422	0	0
21.5221	0	0
21.6222	1	35.232
21.7223	7	246.624
21.8224	6	211.392
21.9225	7	246.624
22.0227	2	70.464
22.1227	0	0
22.2228	0	0
22.3229	0	0
22.423	0	0
22.5231	8	281.856
22.6232	5	176.16
22.7233	6	211.392
22.8234	4	140.928
22.9236	0	0
23.0237	0	0
23.1237	0	0
23.2238	8	281.856
23.3239	9	317.088
23.424	2	70.464
23.5241	10	352.32
23.6242	3	105.696
23.7243	0	0
23.8244	0	0
23.9245	9	317.088
24.0246	3	105.696
24.1247	1	35.232
24.2248	0	0
24.3249	0	0
24.425	0	0
24.5251	0	0
24.6252	0	0
24.7253	11	387.552
24.8254	2	70.464
24.9255	6	211.392
25.0256	0	0
25.1257	9	317.088
25.2257	10	352.32
25.3258	4	140.928
25.4259	0	0
25.526	11	387.552
25.6261	9	317.088
25.7262	0	0
25.8263	13	458.016
25.9265	14	493.248
26.0266	1	35.232
26.1267	0	0
26.2268	15	528.48
26.3269	2	70.464
26.427	15	528.48
26.5271	0	0
26.6272	0	0
26.7273	0	0
26.8274	0	0
26.9275	5	176.16
27.0276	0	0
27.1278	0	0
27.2279	0	0
27.3279	0	0
27.428	0	0
27.5281	0	0
27.6282	12	422.784
27.7284	0	0
27.8291	3	105.696
27.9292	7	246.624
28.0293	11	387.552
28.1294	7	246.624
28.2295	13	458.016
28.3296	9	317.088
28.4297	8	281.856
28.5299	0	0
28.63	0	0
28.7301	0	0
28.8302	0	0
28.9303	0	0
29.0304	0	0
29.1305	15	528.48
29.2306	1	35.232
29.3307	0	0
29.4308	0	0
29.5309	0	0
29.6311	0	0
29.7312	0	0
29.8313	0	0
29.9314	0	0
30.0315	0	0
30.1316	0	0
30.2317	0	0
30.3318	9	317.088
30.4318	1	35.232
30.5319	5	176.16
30.632	7	246.624
30.7321	2	70.464
30.8322	8	281.856
30.9323	1	35.232
31.0324	9	317.088
31.1326	9	317.088
31.2327	2	70.464
31.3328	0	0
31.4329	0	0
31.533	11	387.552
31.6331	4	140.928
31.7332	12	422.784
31.8333	2	70.464
31.9334	0	0
32.0335	4	140.928
32.1337	14	493.248
32.2338	0	0
32.3339	15	528.48
32.434	16	563.712
32.5341	5	176.16
32.6342	16	563.712
32.7343	14	493.248
32.8344	13	458.016
32.9348	12	422.784
33.0348	12	422.784
33.1349	20	704.64
33.235	8	281.856
33.3351	0	0
33.4352	0	0
33.5353	0	0
33.6354	22	775.104
33.7356	5	176.16
33.8357	13	458.016
33.9358	1	35.232
34.0359	0	0
34.136	4	140.928
34.2361	4	140.928
34.3363	0	0
34.4363	5	176.16
34.5364	0	0
34.6366	0	0
34.7367	8	281.856
34.8368	9	317.088
34.9369	10	352.32
35.037	11	387.552
35.1372	9	317.088
35.2373	7	246.624
35.3374	12	422.784
35.4375	11	387.552
35.5376	13	458.016
35.6378	9	317.088
35.7379	12	422.784
35.8383	2	70.464
35.9384	16	563.712
36.0385	6	211.392
36.1386	0	0
36.2388	0	0
36.3388	10	352.32
36.4389	6	211.392
36.539	0	0
36.6391	0	0
36.7392	11	387.552
36.8394	0	0
36.9395	2	70.464
37.0396	0	0
37.1397	8	281.856
37.2398	6	211.392
37.3399	4	140.928
37.44	1	35.232
37.5401	1	35.232
37.6402	10	352.32
37.7404	5	176.16
37.8404	0	0
37.9406	11	387.552
38.0407	12	422.784
38.1408	1	35.232
38.2409	13	458.016
38.3411	2	70.464
38.4412	0	0
38.5413	0	0
38.6414	14	493.248
38.7415	0	0
38.8417	15	528.48
38.9418	3	105.696
39.0419	14	493.248
39.142	0	0
39.2421	2	70.464
39.3422	17	598.944
39.4423	16	563.712
39.5424	2	70.464
39.6426	0	0
39.7427	19	669.408
39.8428	20	704.64
39.9429	18	634.176
40.043	6	211.392
40.1431	20	704.64
40.2432	7	246.624
40.3433	23	810.336
40.4435	15	528.48
40.5436	14	493.248
40.6436	15	528.48
40.7437	18	634.176
40.8439	6	211.392
40.944	0	0
41.0441	19	669.408
41.1442	0	0
41.2443	15	528.48
41.3444	16	563.712
41.4445	14	493.248
41.5446	16	563.712
41.6447	0	0
41.7448	18	634.176
41.8449	3	105.696
41.9449	19	669.408
42.045	12	422.784
42.1452	12	422.784
42.2453	19	669.408
42.3454	12	422.784
42.4455	9	317.088
42.5456	16	563.712
42.6457	24	845.568
42.7457	20	704.64
42.8458	5	176.16
42.9459	0	0
43.0459	26	916.032
43.1461	0	0
43.2462	1	35.232
43.3463	0	0
43.4464	0	0
43.5465	1	35.232
43.6466	14	493.248
43.7467	9	317.088
43.8469	10	352.32
43.9469	1	35.232
44.047	0	0
44.1471	11	387.552
44.2472	12	422.784
44.3473	0	0
44.4474	0	0
44.5475	13	458.016
44.6476	14	493.248
44.7478	5	176.16
44.8478	14	493.248
44.9479	16	563.712
45.048	17	598.944
45.1481	7	246.624
45.2483	1	35.232
45.3483	17	598.944
45.4484	19	669.408
45.5485	6	211.392
45.6486	7	246.624
45.7487	17	598.944
45.8488	22	775.104
45.9489	8	281.856
46.0489	23	810.336
46.149	15	528.48
46.2491	18	634.176
46.3492	5	176.16
46.4494	26	916.032
46.5495	2	70.464
46.6496	14	493.248
46.7497	13	458.016
46.8498	16	563.712
46.95	0	0
47.0501	0	0
47.1502	17	598.944
47.2502	10	352.32
47.3504	4	140.928
47.4505	9	317.088
47.5507	12	422.784
47.6508	7	246.624
47.7508	0	0
47.8509	14	493.248
47.951	15	528.48
48.0511	4	140.928
48.1512	11	387.552
48.2513	5	176.16
48.3514	17	598.944
48.4515	1	35.232
48.5516	12	422.784
48.6517	5	176.16
48.7519	19	669.408
48.852	5	176.16
48.9521	0	0
49.0522	6	211.392
49.1522	14	493.248
49.2523	0	0
49.3524	10	352.32
49.4525	16	563.712
49.5526	18	634.176
49.6527	12	422.784
49.7528	12	422.784
49.8529	0	0
49.953	2	70.464
50.0531	23	810.336
50.1532	7	246.624
50.2533	3	105.696
50.3534	0	0
50.4536	0	0
50.5536	6	211.392
50.6537	26	916.032
50.7538	9	317.088
50.854	18	634.176
50.954	0	0
51.0542	14	493.248
51.1542	28	986.496
51.2543	5	176.16
51.3545	7	246.624
51.4546	0	0
51.5547	30	1056.96
51.6548	4	140.928
51.7549	0	0
51.8549	0	0
51.955	23	810.336
52.0552	7	246.624
52.1553	1	35.232
52.2554	14	493.248
52.3555	23	810.336
52.4556	11	387.552
52.5557	18	634.176
52.6559	19	669.408
52.756	29	1021.73
52.856	2	70.464
52.9561	16	563.712
53.0562	21	739.872
53.1562	27	951.264
53.2563	12	422.784
53.3564	37	1303.58
53.4565	17	598.944
53.5566	14	493.248
53.6567	0	0
53.7568	9	317.088
53.8569	16	563.712
53.957	2	70.464
54.057	0	0
54.1572	0	0
54.2573	0	0
54.3574	27	951.264
54.4575	12	422.784
54.5576	22	775.104
54.6577	4	140.928
54.7578	0	0
54.8579	8	281.856
54.958	0	0
55.0581	0	0
55.1582	0	0
55.2583	18	634.176
55.3585	8	281.856
55.4586	3	105.696
55.5587	10	352.32
55.6588	0	0
55.7589	25	880.8
55.859	4	140.928
55.9591	25	880.8
56.0593	4	140.928
56.1593	3	105.696
56.2594	9	317.088
56.3596	21	739.872
56.4597	6	211.392
56.5598	0	0
56.6599	0	0
56.76	22	775.104
56.86	10	352.32
56.9602	11	387.552
57.0602	0	0
57.1603	3	105.696
57.2604	26	916.032
57.3605	1	35.232
57.4606	0	0
57.5607	10	352.32
57.6609	0	0
57.7613	2	70.464
57.8614	15	528.48
57.9615	0	0
58.0616	7	246.624
58.1617	0	0
58.2618	14	493.248
58.3619	0	0
58.462	0	0
58.5621	17	598.944
58.6622	7	246.624
58.7623	6	211.392
58.8625	1	35.232
58.9626	0	0
59.0627	0	0
59.1628	1	35.232
59.2629	0	0
59.363	0	0
59.4631	7	246.624
59.5632	16	563.712
59.6633	7	246.624
59.7634	0	0
59.8635	0	0
59.9636	20	704.64
60.0636	11	387.552
60.1638	0	0
60.2639	0	0
60.364	22	775.104
60.4641	7	246.624
60.5642	13	458.016
60.6643	12	422.784
60.7644	0	0
60.8645	0	0
60.9646	0	0
61.0647	24	845.568
61.1648	3	105.696
61.2649	0	0
61.365	0	0
61.4651	0	0
61.5652	0	0
61.6653	9	317.088
61.7654	8	281.856
61.8655	3	105.696
61.9656	9	317.088
62.0657	0	0
62.1658	0	0
62.2659	0	0
62.366	11	387.552
62.4661	6	211.392
62.5662	0	0
62.6663	20	704.64
62.7663	9	317.088
62.8665	0	0
62.9666	0	0
63.0667	0	0
63.1667	9	317.088
63.2668	7	246.624
63.3669	0	0
63.467	21	739.872
63.5672	10	352.32
63.6673	0	0
63.7674	3	105.696
63.8675	0	0
63.9676	4	140.928
64.0677	27	951.264
64.168	8	281.856
64.2681	8	281.856
64.3682	22	775.104
64.4683	0	0
64.5684	2	70.464
64.6685	26	916.032
64.7686	3	105.696
64.8687	0	0
64.9689	0	0
65.069	2	70.464
65.1691	10	352.32
65.2692	6	211.392
65.3693	0	0
65.4694	6	211.392
65.5695	0	0
65.6696	4	140.928
65.7697	20	704.64
65.8698	18	634.176
65.9699	0	0
66.07	0	0
66.1702	2	70.464
66.2703	19	669.408
66.3703	20	704.64
66.4704	16	563.712
66.5705	8	281.856
66.6706	0	0
66.7707	22	775.104
66.8708	1	35.232
66.9709	8	281.856
67.071	17	598.944
67.1711	7	246.624
67.2713	21	739.872
67.3714	6	211.392
67.4715	17	598.944
67.5716	10	352.32
67.6717	19	669.408
67.7717	26	916.032
67.8718	16	563.712
67.972	5	176.16
68.0721	25	880.8
68.1722	8	281.856
68.2723	19	669.408
68.3724	16	563.712
68.4728	4	140.928
68.5729	30	1056.96
68.673	9	317.088
68.7731	26	916.032
68.8732	2	70.464
68.9733	0	0
69.0734	0	0
69.1735	0	0
69.2736	0	0
69.3737	0	0
69.4738	14	493.248
69.5739	16	563.712
69.674	7	246.624
69.774	1	35.232
69.8741	19	669.408
69.9743	5	176.16
70.0743	13	458.016
70.1744	0	0
70.2745	2	70.464
70.3746	21	739.872
70.4747	2	70.464
70.5748	12	422.784
70.6749	2	70.464
70.775	0	0
70.8751	13	458.016
70.9752	14	493.248
71.0753	1	35.232
71.1753	0	0
71.2754	0	0
71.3755	2	70.464
71.4756	8	281.856
71.5757	3	105.696
71.6759	0	0
71.776	0	0
71.8761	4	140.928
71.9762	9	317.088
72.0763	5	176.16
72.1764	4	140.928
72.2765	8	281.856
72.3766	11	387.552
72.4766	1	35.232
72.5767	2	70.464
72.6768	5	176.16
72.7769	0	0
72.8771	13	458.016
72.9772	2	70.464
73.0773	0	0
73.1773	0	0
73.2775	0	0
73.3776	2	70.464
73.4777	14	493.248
73.5778	0	0
73.6779	1	35.232
73.778	14	493.248
73.8781	16	563.712
73.9782	0	0
74.0784	0	0
74.1785	0	0
74.2786	0	0
74.3787	0	0
74.4788	16	563.712
74.5789	3	105.696
74.6791	0	0
74.7791	2	70.464
74.8792	10	352.32
74.9793	18	634.176
75.0795	2	70.464
75.1796	0	0
75.2797	0	0
75.3798	0	0
75.4798	6	211.392
75.5799	7	246.624
75.68	0	0
75.78	0	0
75.8802	0	0
75.9802	13	458.016
76.0803	11	387.552
76.1804	0	0
76.2805	12	422.784
76.3806	13	458.016
76.4807	14	493.248
76.5808	10	352.32
76.6809	13	458.016
76.781	11	387.552
76.8811	11	387.552
76.9812	2	70.464
77.0813	9	317.088
77.1813	13	458.016
77.2815	19	669.408
77.3816	4	140.928
77.4817	19	669.408
77.5818	6	211.392
77.6818	10	352.32
77.7819	17	598.944
77.882	5	176.16
77.982	20	704.64
78.0821	16	563.712
78.1823	18	634.176
78.2823	19	669.408
78.3824	11	387.552
78.4825	6	211.392
78.5826	10	352.32
78.6828	15	528.48
78.7829	12	422.784
78.883	15	528.48
78.9831	6	211.392
79.0832	2	70.464
79.1833	1	35.232
79.2834	17	598.944
79.3835	3	105.696
79.4837	10	352.32
79.5838	10	352.32
79.6839	8	281.856
79.784	13	458.016
79.8841	10	352.32
79.9842	3	105.696
80.0843	15	528.48
80.1844	2	70.464
80.2845	2	70.464
80.3846	14	493.248
80.4847	8	281.856
80.5848	9	317.088
80.6849	11	387.552
80.785	12	422.784
80.8851	0	0
80.9852	0	0
81.0853	0	0
81.1854	13	458.016
81.2855	8	281.856
81.3857	11	387.552
81.4858	12	422.784
81.5859	10	352.32
81.6864	14	493.248
81.7864	4	140.928
81.8866	14	493.248
81.9867	8	281.856
82.0868	5	176.16
82.1869	16	563.712
82.2871	8	281.856
82.3872	16	563.712
82.4873	2	70.464
82.5874	6	211.392
82.6875	0	0
82.7876	19	669.408
82.8878	7	246.624
82.9878	5	176.16
83.0879	11	387.552
83.188	13	458.016
83.2881	5	176.16
83.3882	10	352.32
83.4883	11	387.552
83.5884	0	0
83.6886	16	563.712
83.7887	3	105.696
83.8887	5	176.16
83.9889	0	0
84.089	0	0
84.1891	2	70.464
84.2892	8	281.856
84.3894	7	246.624
84.4895	0	0
84.5896	0	0
84.6897	8	281.856
84.7897	9	317.088
84.8898	1	35.232
84.9899	9	317.088
85.09	11	387.552
85.1901	5	176.16
85.2903	8	281.856
85.3904	0	0
85.4905	0	0
85.5906	13	458.016
85.6907	1	35.232
85.7908	8	281.856
85.8909	8	281.856
85.991	10	352.32
86.0911	11	387.552
86.1912	12	422.784
86.2913	1	35.232
86.3914	0	0
86.4915	0	0
86.5916	13	458.016
86.6917	2	70.464
86.7918	6	211.392
86.8919	9	317.088
86.992	3	105.696
87.0921	10	352.32
87.1922	4	140.928
87.2922	8	281.856
87.3923	5	176.16
87.4924	7	246.624
87.5925	6	211.392
87.6926	0	0
87.7927	0	0
87.8928	0	0
87.9929	1	35.232
88.0929	8	281.856
88.1931	2	70.464
88.2932	6	211.392
88.3932	5	176.16
88.4933	2	70.464
88.5935	7	246.624
88.6936	8	281.856
88.7938	0	0
88.8938	0	0
88.9939	0	0
89.0941	1	35.232
89.1942	9	317.088
89.2942	7	246.624
89.3943	4	140.928
89.4945	5	176.16
89.5946	1	35.232
89.6947	8	281.856
89.7948	6	211.392
89.895	7	246.624
89.9951	8	281.856
90.0952	1	35.232
90.1953	9	317.088
90.2954	3	105.696
90.3955	9	317.088
90.4957	4	140.928
90.5958	0	0
90.6959	0	0
90.796	0	0
90.8961	0	0
90.9962	1	35.232
91.0963	10	352.32
91.1964	7	246.624
91.2965	8	281.856
91.3966	9	317.088
91.4967	2	70.464
91.5968	0	0
91.697	0	0
91.7971	0	0
91.8972	10	352.32
91.9973	7	246.624
92.0974	8	281.856
92.1975	0	0
92.2976	0	0
92.3976	0	0
92.4978	0	0
92.5979	0	0
92.698	0	0
92.7981	9	317.088
92.8982	2	70.464
92.9985	6	211.392
93.0986	6	211.392
93.1987	8	281.856
93.2987	8	281.856
93.3988	6	211.392
93.499	1	35.232
93.5991	10	352.32
93.6992	10	352.32
93.7992	1	35.232
93.8993	0	0
93.9995	0	0
94.0996	0	0
94.1997	0	0
94.2998	12	422.784
94.3999	0	0
94.5001	1	35.232
94.6001	0	0
94.7002	8	281.856
94.8003	1	35.232
94.9004	0	0
95.0006	0	0
95.1007	2	70.464
95.2009	8	281.856
95.301	9	317.088
95.4011	10	352.32
95.5012	7	246.624
95.6013	1	35.232
95.7014	0	0
95.8015	2	70.464
95.9017	13	458.016
96.0018	12	422.784
96.1019	12	422.784
96.202	5	176.16
96.3021	0	0
96.4022	16	563.712
96.5024	4	140.928
96.6025	16	563.712
96.7026	4	140.928
96.8027	15	528.48
96.9028	6	211.392
97.003	2	70.464
97.1031	12	422.784
97.2032	0	0
97.3033	0	0
97.4034	2	70.464
97.5035	18	634.176
97.6036	8	281.856
97.7037	9	317.088
97.8038	11	387.552
97.9038	13	458.016
98.0039	5	176.16
98.104	15	528.48
98.2041	13	458.016
98.3042	11	387.552
98.4042	6	211.392
98.5044	0	0
98.6045	0	0
98.7046	18	634.176
98.8047	7	246.624
98.9048	6	211.392
99.0049	11	387.552
99.1055	12	422.784
99.2056	0	0
99.3058	13	458.016
99.4059	14	493.248
99.506	6	211.392
99.6061	14	493.248
99.7062	1	35.232
99.8063	2	70.464
99.9065	17	598.944
100.007	5	176.16
100.107	16	563.712
100.207	19	669.408
100.307	10	352.32
100.407	19	669.408
100.507	7	246.624
100.607	0	0
100.707	4	140.928
100.807	19	669.408
100.908	3	105.696
101.008	9	317.088
101.108	3	105.696
101.208	0	0
101.308	0	0
101.408	0	0
101.508	0	0
101.608	0	0
101.708	2	70.464
101.809	12	422.784
101.909	3	105.696
102.009	2	70.464
102.109	0	0
102.209	9	317.088
102.309	10	352.32
102.409	2	70.464
102.509	2	70.464
102.609	5	176.16
102.71	8	281.856
102.81	0	0
102.91	0	0
103.01	0	0
103.11	1	35.232
103.21	11	387.552
103.31	9	317.088
103.41	6	211.392
103.51	14	493.248
103.61	3	105.696
103.71	16	563.712
103.811	17	598.944
103.911	14	493.248
104.011	14	493.248
104.111	13	458.016
104.211	7	246.624
104.311	19	669.408
104.411	17	598.944
104.511	13	458.016
104.611	4	140.928
104.711	7	246.624
104.811	6	211.392
104.912	22	775.104
105.012	1	35.232
105.112	2	70.464
105.212	13	458.016
105.312	10	352.32
105.412	8	281.856
105.512	11	387.552
105.612	9	317.088
105.713	11	387.552
105.813	17	598.944
105.913	3	105.696
106.013	6	211.392
106.113	16	563.712
106.213	7	246.624
106.313	3	105.696
106.413	17	598.944
106.513	15	528.48
106.613	4	140.928
106.713	22	775.104
106.813	4	140.928
106.914	9	317.088
107.014	9	317.088
107.114	9	317.088
107.215	19	669.408
107.315	12	422.784
107.415	1	35.232
107.515	20	704.64
107.616	2	70.464
107.716	2	70.464
107.816	7	246.624
107.916	26	916.032
108.016	10	352.32
108.116	5	176.16
108.216	11	387.552
108.316	19	669.408
108.416	0	0
108.517	2	70.464
108.617	12	422.784
108.717	5	176.16
108.817	14	493.248
108.917	19	669.408
109.017	1	35.232
109.117	7	246.624
109.217	24	845.568
109.318	10	352.32
109.418	1	35.232
109.518	7	246.624
109.618	1	35.232
109.718	2	70.464
109.818	10	352.32
109.918	15	528.48
110.018	5	176.16
110.118	9	317.088
110.218	15	528.48
110.319	8	281.856
110.419	18	634.176
110.519	4	140.928
110.619	8	281.856
110.719	21	739.872
110.819	6	211.392
110.919	7	246.624
111.019	21	739.872
111.119	2	70.464
111.22	0	0
111.32	0	0
111.42	1	35.232
111.52	1	35.232
111.62	18	634.176
111.72	7	246.624
111.82	2	70.464
111.92	13	458.016
112.02	7	246.624
112.121	11	387.552
112.221	0	0
112.321	15	528.48
112.421	5	176.16
112.521	17	598.944
112.621	6	211.392
112.721	7	246.624
112.821	11	387.552
112.921	2	70.464
113.021	19	669.408
113.121	5	176.16
113.222	0	0
113.322	12	422.784
113.422	6	211.392
113.522	0	0
113.622	5	176.16
113.722	7	246.624
113.822	0	0
113.922	0	0
114.022	0	0
114.122	0	0
114.223	0	0
114.323	0	0
114.423	6	211.392
114.523	4	140.928
114.623	8	281.856
114.723	6	211.392
114.823	3	105.696
114.923	1	35.232
115.023	7	246.624
115.123	8	281.856
115.223	6	211.392
115.324	3	105.696
115.424	0	0
115.524	0	0
115.624	0	0
115.724	1	35.232
115.824	6	211.392
115.924	0	0
116.024	0	0
116.124	7	246.624
116.224	4	140.928
116.325	8	281.856
116.425	7	246.624
116.525	9	317.088
116.625	9	317.088
116.725	7	246.624
116.825	12	422.784
116.925	0	0
117.026	0	0
117.126	13	458.016
117.226	7	246.624
117.326	2	70.464
117.426	0	0
117.526	0	0
117.626	0	0
117.726	0	0
117.826	0	0
117.926	9	317.088
118.027	1	35.232
118.127	2	70.464
118.227	6	211.392
118.327	4	140.928
118.427	4	140.928
118.527	0	0
118.627	0	0
118.727	0	0
118.827	0	0
118.927	8	281.856
119.028	0	0
119.128	0	0
119.228	0	0
119.328	0	0
119.428	6	211.392
119.528	2	70.464
119.628	7	246.624
119.728	4	140.928
119.828	7	246.624
119.928	2	70.464
120.029	8	281.856
120.129	0	0
120.229	10	352.32
120.329	7	246.624
120.429	11	387.552
120.529	0	0
120.629	3	105.696
120.73	13	458.016
120.83	11	387.552
120.93	6	211.392
121.03	2	70.464
121.13	13	458.016
121.23	8	281.856
121.33	11	387.552
121.43	0	0
121.531	0	0
121.631	0	0
121.731	0	0
121.831	0	0
121.931	0	0
122.031	5	176.16
122.131	12	422.784
122.231	3	105.696
122.331	0	0
122.431	0	0
122.531	9	317.088
122.631	2	70.464
122.732	8	281.856
122.832	9	317.088
122.932	9	317.088
123.032	3	105.696
123.132	0	0
123.232	0	0
123.332	5	176.16
123.432	0	0
123.532	0	0
123.632	2	70.464
123.733	0	0
123.833	0	0
123.933	12	422.784
124.033	4	140.928
124.133	0	0
124.233	9	317.088
124.333	7	246.624
124.433	0	0
124.533	11	387.552
124.633	8	281.856
124.734	0	0
124.834	2	70.464
124.934	11	387.552
125.034	3	105.696
125.134	7	246.624
125.234	0	0
125.334	2	70.464
125.434	14	493.248
125.534	10	352.32
125.635	1	35.232
125.735	0	0
125.835	2	70.464
125.935	0	0
126.035	2	70.464
126.135	14	493.248
126.235	2	70.464
126.335	0	0
126.435	0	0
126.535	0	0
126.636	4	140.928
126.736	15	528.48
126.836	0	0
126.936	0	0
127.036	0	0
127.136	0	0
127.236	8	281.856
127.336	10	352.32
127.436	0	0
127.536	2	70.464
127.637	13	458.016
127.737	0	0
127.837	0	0
127.937	0	0
128.037	0	0
128.137	0	0
128.237	0	0
128.337	0	0
128.437	1	35.232
128.537	7	246.624
128.638	13	458.016
128.738	1	35.232
128.838	12	422.784
128.938	2	70.464
129.038	0	0
129.138	13	458.016
129.238	6	211.392
129.338	8	281.856
129.438	2	70.464
129.539	0	0
129.639	0	0
129.739	0	0
129.839	7	246.624
129.939	1	35.232
130.039	15	528.48
130.139	7	246.624
130.239	17	598.944
130.339	11	387.552
130.439	14	493.248
130.54	10	352.32
130.64	0	0
130.74	0	0
130.84	0	0
130.94	0	0
131.04	0	0
131.14	0	0
131.24	0	0
131.34	0	0
131.44	5	176.16
131.541	0	0
131.641	0	0
131.741	0	0
131.841	8	281.856
131.941	10	352.32
132.041	0	0
132.141	0	0
132.241	0	0
132.341	0	0
132.442	2	70.464
132.542	11	387.552
132.642	9	317.088
132.742	1	35.232
132.842	13	458.016
132.942	2	70.464
133.042	13	458.016
133.142	15	528.48
133.242	2	70.464
133.343	0	0
133.443	1	35.232
133.543	15	528.48
133.643	17	598.944
133.743	17	598.944
133.843	5	176.16
133.943	1	35.232
134.043	0	0
134.144	0	0
134.244	0	0
134.344	0	0
134.444	0	0
134.544	0	0
134.644	0	0
134.744	15	528.48
134.844	5	176.16
134.944	6	211.392
135.044	11	387.552
135.144	5	176.16
135.245	8	281.856
135.345	12	422.784
135.445	5	176.16
135.545	12	422.784
135.645	15	528.48
135.745	0	0
135.845	10	352.32
135.945	14	493.248
136.045	5	176.16
136.145	17	598.944
136.246	2	70.464
136.346	4	140.928
136.446	2	70.464
136.546	0	0
136.646	20	704.64
136.746	6	211.392
136.846	6	211.392
136.946	2	70.464
137.046	13	458.016
137.146	14	493.248
137.247	4	140.928
137.347	1	35.232
137.447	15	528.48
137.547	11	387.552
137.647	9	317.088
137.747	1	35.232
137.847	16	563.712
137.947	7	246.624
138.047	17	598.944
138.147	15	528.48
138.248	11	387.552
138.348	10	352.32
138.448	0	0
138.548	14	493.248
138.648	10	352.32
138.748	0	0
138.848	10	352.32
138.949	10	352.32
139.049	12	422.784
139.149	9	317.088
139.249	11	387.552
139.349	16	563.712
139.449	6	211.392
139.549	9	317.088
139.649	6	211.392
139.749	16	563.712
139.849	6	211.392
139.95	5	176.16
140.05	3	105.696
140.15	0	0
140.25	1	35.232
140.35	1	35.232
140.45	7	246.624
140.55	4	140.928
140.65	0	0
140.75	11	387.552
140.85	12	422.784
140.951	5	176.16
141.051	10	352.32
141.151	0	0
141.251	1	35.232
141.351	13	458.016
141.451	5	176.16
141.551	8	281.856
141.651	1	35.232
141.751	0	0
141.852	0	0
141.952	0	0
142.052	8	281.856
142.152	0	0
142.252	6	211.392
142.352	7	246.624
142.452	8	281.856
142.552	4	140.928
142.652	8	281.856
142.752	0	0
142.853	1	35.232
142.953	10	352.32
143.053	0	0
143.153	0	0
143.253	2	70.464
143.353	0	0
143.453	0	0
143.553	6	211.392
143.653	5	176.16
143.753	7	246.624
143.854	6	211.392
143.954	0	0
144.054	0	0
144.154	0	0
144.254	0	0
144.354	9	317.088
144.454	6	211.392
144.554	7	246.624
144.654	1	35.232
144.754	8	281.856
144.855	1	35.232
144.955	9	317.088
145.055	4	140.928
145.155	0	0
145.255	10	352.32
145.355	0	0
145.455	0	0
145.555	0	0
145.655	0	0
145.755	6	211.392
145.856	6	211.392
145.956	6	211.392
146.056	2	70.464
146.156	0	0
146.256	0	0
146.356	0	0
146.456	8	281.856
146.556	0	0
146.656	6	211.392
146.757	1	35.232
146.857	6	211.392
146.957	2	70.464
147.057	8	281.856
147.157	0	0
147.257	0	0
147.357	9	317.088
147.457	3	105.696
147.557	8	281.856
147.657	6	211.392
147.758	8	281.856
147.858	6	211.392
147.958	7	246.624
148.058	9	317.088
148.158	4	140.928
148.258	13	458.016
148.358	3	105.696
148.458	0	0
148.558	0	0
148.658	12	422.784
148.758	3	105.696
148.859	9	317.088
148.959	4	140.928
149.059	0	0
149.159	0	0
149.259	10	352.32
149.359	5	176.16
149.459	7	246.624
149.559	7	246.624
149.659	5	176.16
149.76	1	35.232
149.86	10	352.32
149.96	3	105.696
150.06	0	0
150.16	0	0
150.26	1	35.232
150.36	10	352.32
150.46	7	246.624
150.56	3	105.696
150.66	8	281.856
150.761	3	105.696
150.861	10	352.32
150.961	11	387.552
151.061	12	422.784
151.161	7	246.624
151.261	8	281.856
151.361	9	317.088
151.462	10	352.32
151.562	9	317.088
151.662	5	176.16
151.762	8	281.856
151.862	16	563.712
151.962	11	387.552
152.062	11	387.552
152.162	10	352.32
152.262	7	246.624
152.362	20	704.64
152.463	4	140.928
152.563	3	105.696
152.663	21	739.872
152.763	17	598.944
152.863	12	422.784
152.963	20	704.64
153.063	13	458.016
153.163	15	528.48
153.263	7	246.624
153.363	12	422.784
153.464	6	211.392
153.564	4	140.928
153.664	2	70.464
153.764	0	0
153.864	16	563.712
153.964	5	176.16
154.065	14	493.248
154.165	1	35.232
154.265	0	0
154.365	0	0
154.465	0	0
154.565	3	105.696
154.665	13	458.016
154.765	5	176.16
154.865	9	317.088
154.965	6	211.392
155.066	5	176.16
155.166	0	0
155.266	0	0
155.366	0	0
155.466	2	70.464
155.566	5	176.16
155.666	0	0
155.766	7	246.624
155.866	4	140.928
155.966	0	0
156.067	0	0
156.167	0	0
156.267	6	211.392
156.367	3	105.696
156.467	8	281.856
156.567	3	105.696
156.667	9	317.088
156.767	2	70.464
156.867	11	387.552
156.967	6	211.392
157.067	1	35.232
157.168	13	458.016
157.268	14	493.248
157.368	1	35.232
157.468	2	70.464
157.568	4	140.928
157.668	0	0
157.768	0	0
157.868	2	70.464
157.968	13	458.016
158.069	3	105.696
158.169	2	70.464
158.269	10	352.32
158.369	5	176.16
158.469	11	387.552
158.569	8	281.856
158.669	5	176.16
158.769	5	176.16
158.869	5	176.16
158.969	2	70.464
159.07	14	493.248
159.17	3	105.696
159.27	0	0
159.37	15	528.48
159.47	6	211.392
159.57	8	281.856
159.67	0	0
159.77	0	0
159.87	12	422.784
159.971	0	0
160.071	2	70.464
160.171	16	563.712
160.271	4	140.928
160.371	0	0
160.471	0	0
160.571	0	0
160.671	11	387.552
160.771	3	105.696
160.871	11	387.552
160.972	13	458.016
161.072	6	211.392
161.172	9	317.088
161.272	2	70.464
161.372	9	317.088
161.472	0	0
161.572	0	0
161.672	2	70.464
161.772	3	105.696
161.872	13	458.016
161.973	10	352.32
162.073	3	105.696
162.173	0	0
162.273	0	0
162.373	8	281.856
162.473	3	105.696
162.573	0	0
162.673	2	70.464
162.773	6	211.392
162.873	0	0
162.974	0	0
163.074	0	0
163.174	0	0
163.274	6	211.392
163.374	9	317.088
163.474	8	281.856
163.575	8	281.856
163.675	0	0
163.775	0	0
163.875	0	0
163.975	15	528.48
164.075	13	458.016
164.175	0	0
164.275	8	281.856
164.375	11	387.552
164.476	8	281.856
164.576	6	211.392
164.676	7	246.624
164.776	13	458.016
164.876	0	0
164.976	6	211.392
165.076	18	634.176
165.176	6	211.392
165.276	0	0
165.377	0	0
165.477	1	35.232
165.577	7	246.624
165.677	10	352.32
165.777	22	775.104
165.877	15	528.48
165.977	4	140.928
166.077	16	563.712
166.177	8	281.856
166.277	4	140.928
166.378	0	0
166.478	0	0
166.578	0	0
166.678	0	0
166.778	0	0
166.878	9	317.088
166.978	16	563.712
167.079	1	35.232
167.179	6	211.392
167.279	0	0
167.379	7	246.624
167.479	0	0
167.579	15	528.48
167.679	5	176.16
167.779	16	563.712
167.879	1	35.232
167.98	0	0
168.08	4	140.928
168.18	18	634.176
168.28	7	246.624
168.38	0	0
168.48	0	0
168.58	12	422.784
168.68	16	563.712
168.78	1	35.232
168.881	13	458.016
168.981	4	140.928
169.081	1	35.232
169.181	11	387.552
169.281	0	0
169.381	0	0
169.481	0	0
169.581	0	0
169.682	0	0
169.782	0	0
169.882	0	0
169.982	0	0
170.082	14	493.248
170.182	10	352.32
170.282	3	105.696
170.382	5	176.16
170.482	6	211.392
170.583	14	493.248
170.683	10	352.32
170.783	6	211.392
170.883	2	70.464
170.983	7	246.624
171.083	13	458.016
171.183	7	246.624
171.283	11	387.552
171.383	6	211.392
171.483	9	317.088
171.584	4	140.928
171.684	10	352.32
171.784	7	246.624
171.884	20	704.64
171.984	5	176.16
172.084	1	35.232
172.184	7	246.624
172.284	0	0
172.384	0	0
172.484	2	70.464
172.585	20	704.64
172.685	6	211.392
172.785	6	211.392
172.885	2	70.464
172.985	14	493.248
173.085	14	493.248
173.185	0	0
173.285	0	0
173.386	16	563.712
173.486	10	352.32
173.586	11	387.552
173.686	4	140.928
173.786	2	70.464
173.886	0	0
173.986	10	352.32
174.086	0	0
174.186	0	0
174.287	16	563.712
174.387	5	176.16
174.487	10	352.32
174.587	0	0
174.687	12	422.784
174.787	5	176.16
174.887	13	458.016
174.987	10	352.32
175.087	11	387.552
175.188	2	70.464
175.288	1	35.232
175.388	14	493.248
175.488	9	317.088
175.588	3	105.696
175.688	11	387.552
175.788	12	422.784
175.888	4	140.928
175.988	17	598.944
176.088	5	176.16
176.189	1	35.232
176.289	0	0
176.389	0	0
176.489	0	0
176.589	8	281.856
176.689	12	422.784
176.789	2	70.464
176.889	3	105.696
176.99	0	0
177.09	0	0
177.19	0	0
177.29	0	0
177.39	10	352.32
177.49	2	70.464
177.59	8	281.856
177.69	5	176.16
177.79	0	0
177.89	2	70.464
177.99	8	281.856
178.091	0	0
178.191	0	0
178.291	10	352.32
178.391	2	70.464
178.491	0	0
178.591	0	0
178.691	0	0
178.791	0	0
178.891	0	0
178.992	0	0
179.092	0	0
179.192	0	0
179.292	0	0
179.392	0	0
179.492	11	387.552
179.592	6	211.392
179.692	3	105.696
179.792	7	246.624
179.892	8	281.856
179.993	10	352.32
180.093	2	70.464
180.193	0	0
180.293	8	281.856
180.393	4	140.928
180.493	6	211.392
180.593	10	352.32
180.693	2	70.464
180.794	14	493.248
180.894	4	140.928
180.994	0	0
181.094	0	0
181.194	0	0
181.294	2	70.464
181.394	13	458.016
181.494	9	317.088
181.594	6	211.392
181.695	0	0
181.795	11	387.552
181.895	6	211.392
181.995	0	0
182.095	4	140.928
182.195	0	0
182.295	0	0
182.395	0	0
182.496	9	317.088
182.596	4	140.928
182.696	7	246.624
182.796	9	317.088
182.896	6	211.392
182.996	5	176.16
183.096	0	0
183.196	11	387.552
183.296	10	352.32
183.396	2	70.464
183.497	2	70.464
183.597	13	458.016
183.697	13	458.016
183.797	3	105.696
183.897	0	0
183.997	0	0
184.097	0	0
184.197	0	0
184.297	0	0
184.398	0	0
184.498	15	528.48
184.598	1	35.232
184.698	1	35.232
184.798	1	35.232
184.898	8	281.856
184.998	2	70.464
185.098	8	281.856
185.199	11	387.552
185.299	4	140.928
185.399	12	422.784
185.499	3	105.696
185.599	0	0
185.699	0	0
185.799	0	0
185.899	0	0
186	0	0
186.1	12	422.784
186.2	2	70.464
186.3	2	70.464
186.4	9	317.088
186.5	10	352.32
186.6	1	35.232
186.7	11	387.552
186.8	2	70.464
186.9	7	246.624
187	9	317.088
187.101	2	70.464
187.201	0	0
187.301	0	0
187.401	0	0
187.501	4	140.928
187.601	9	317.088
187.701	0	0
187.801	0	0
187.901	8	281.856
188.001	7	246.624
188.102	0	0
188.202	7	246.624
188.302	3	105.696
188.402	0	0
188.502	0	0
188.602	4	140.928
188.702	0	0
188.802	0	0
188.902	4	140.928
189.003	1	35.232
189.103	1	35.232
189.203	4	140.928
189.303	4	140.928
189.404	5	176.16
189.504	5	176.16
189.604	8	281.856
189.704	0	0
189.804	0	0
189.904	0	0
190.004	0	0
190.104	10	352.32
190.204	0	0
190.304	0	0
190.405	11	387.552
190.505	12	422.784
190.605	1	35.232
190.705	13	458.016
190.805	1	35.232
190.905	13	458.016
191.005	1	35.232
191.105	2	70.464
191.205	1	35.232
191.306	15	528.48
191.406	12	422.784
191.506	1	35.232
191.606	1	35.232
191.706	0	0
191.806	0	0
191.906	0	0
192.006	1	35.232
192.106	0	0
192.207	4	140.928
192.307	12	422.784
192.407	10	352.32
192.507	3	105.696
192.607	9	317.088
192.707	0	0
192.807	7	246.624
192.907	5	176.16
193.007	1	35.232
193.107	11	387.552
193.208	4	140.928
193.308	0	0
193.408	13	458.016
193.508	3	105.696
193.608	9	317.088
193.708	10	352.32
193.808	15	528.48
193.908	6	211.392
194.008	6	211.392
194.109	16	563.712
194.209	8	281.856
194.309	16	563.712
194.409	4	140.928
194.509	8	281.856
194.609	10	352.32
194.709	16	563.712
194.809	3	105.696
194.909	3	105.696
195.009	17	598.944
195.109	12	422.784
195.21	5	176.16
195.31	14	493.248
195.41	12	422.784
195.51	1	35.232
195.61	21	739.872
195.71	11	387.552
195.81	1	35.232
195.91	0	0
196.011	0	0
196.111	10	352.32
196.211	16	563.712
196.311	3	105.696
196.411	0	0
196.511	0	0
196.611	2	70.464
196.711	8	281.856
196.811	2	70.464
196.911	14	493.248
197.012	0	0
197.112	9	317.088
197.212	6	211.392
197.312	9	317.088
197.412	11	387.552
197.512	7	246.624
197.612	4	140.928
197.712	8	281.856
197.812	2	70.464
197.912	14	493.248
198.012	7	246.624
198.113	16	563.712
198.213	10	352.32
198.313	14	493.248
198.413	0	0
198.513	0	0
198.613	0	0
198.713	2	70.464
198.813	0	0
198.913	0	0
199.014	12	422.784
199.114	0	0
199.214	0	0
199.314	10	352.32
199.414	3	105.696
199.514	0	0
199.614	0	0
199.714	0	0
199.814	0	0
199.914	11	387.552
200.015	0	0
200.115	0	0
200.215	0	0
200.315	2	70.464
200.415	5	176.16
200.515	0	0
200.615	7	246.624
200.715	5	176.16
200.815	1	35.232
200.915	0	0
201.016	6	211.392
201.116	5	176.16
201.216	6	211.392
201.316	9	317.088
201.416	1	35.232
201.516	12	422.784
201.616	1	35.232
201.716	0	0
201.816	0	0
201.917	8	281.856
202.017	7	246.624
202.117	12	422.784
202.217	9	317.088
202.317	0	0
202.417	2	70.464
202.517	16	563.712
202.617	2	70.464
202.717	1	35.232
202.818	17	598.944
202.918	2	70.464
203.018	3	105.696
203.118	16	563.712
203.218	0	0
203.318	2	70.464
203.418	17	598.944
203.518	1	35.232
203.618	0	0
203.719	0	0
203.819	0	0
203.919	20	704.64
204.019	3	105.696
204.119	9	317.088
204.219	9	317.088
204.319	2	70.464
204.419	8	281.856
204.519	11	387.552
204.619	5	176.16
204.719	0	0
204.82	0	0
204.92	0	0
205.02	0	0
205.12	1	35.232
205.22	13	458.016
205.32	2	70.464
205.42	8	281.856
205.52	10	352.32
205.62	10	352.32
205.72	6	211.392
205.821	2	70.464
205.921	0	0
206.021	0	0
206.121	0	0
206.221	0	0
206.321	0	0
206.421	0	0
206.521	0	0
206.621	0	0
206.722	0	0
206.822	0	0
206.922	0	0
207.022	12	422.784
207.122	1	35.232
207.222	6	211.392
207.322	4	140.928
207.422	7	246.624
207.523	6	211.392
207.623	5	176.16
207.723	7	246.624
207.823	2	70.464
207.923	2	70.464
208.023	8	281.856
208.123	7	246.624
208.223	4	140.928
208.323	3	105.696
208.424	10	352.32
208.524	4	140.928
208.624	0	0
208.724	12	422.784
208.824	13	458.016
208.924	8	281.856
209.024	13	458.016
209.124	9	317.088
209.224	10	352.32
209.325	8	281.856
209.425	0	0
209.525	2	70.464
209.625	0	0
209.725	0	0
209.825	0	0
209.925	0	0
210.025	1	35.232
210.125	5	176.16
210.226	11	387.552
210.326	10	352.32
210.426	11	387.552
210.526	4	140.928
210.626	1	35.232
210.726	0	0
210.826	0	0
210.926	0	0
211.026	4	140.928
211.127	0	0
211.227	8	281.856
211.327	8	281.856
211.427	6	211.392
211.527	5	176.16
211.627	0	0
211.727	0	0
211.828	0	0
211.928	0	0
212.028	0	0
212.128	0	0
212.228	0	0
212.328	0	0
212.428	0	0
212.528	0	0
212.628	10	352.32
212.728	1	35.232
212.828	0	0
212.929	6	211.392
213.029	7	246.624
213.129	4	140.928
213.229	2	70.464
213.329	0	0
213.429	6	211.392
213.529	1	35.232
213.629	0	0
213.73	0	0
213.83	0	0
213.93	0	0
214.03	6	211.392
214.13	3	105.696
214.23	3	105.696
214.33	4	140.928
214.43	0	0
214.53	0	0
214.63	7	246.624
214.731	0	0
214.831	0	0
214.931	0	0
215.031	2	70.464
215.131	0	0
215.231	0	0
215.331	0	0
215.431	1	35.232
215.531	2	70.464
215.631	0	0
215.732	0	0
215.832	0	0
215.932	0	0
216.032	0	0
216.132	0	0
216.232	0	0
216.332	3	105.696
216.432	0	0
216.532	4	140.928
216.633	5	176.16
216.733	4	140.928
216.833	4	140.928
216.933	6	211.392
217.033	7	246.624
217.133	5	176.16
217.233	2	70.464
217.333	10	352.32
217.434	1	35.232
217.534	2	70.464
217.634	10	352.32
217.734	3	105.696
217.834	0	0
217.934	0	0
218.034	0	0
218.134	0	0
218.234	0	0
218.334	0	0
218.435	0	0
218.535	12	422.784
218.635	5	176.16
218.735	1	35.232
218.835	0	0
218.935	0	0
219.035	0	0
219.135	4	140.928
219.236	5	176.16
219.336	1	35.232
219.436	3	105.696
219.536	3	105.696
219.636	4	140.928
219.736	0	0
219.836	0	0
219.936	0	0
220.036	0	0
220.136	3	105.696
220.237	5	176.16
220.337	5	176.16
220.437	0	0
220.537	2	70.464
220.637	5	176.16
220.737	2	70.464
220.837	2	70.464
220.937	7	246.624
221.038	7	246.624
221.138	3	105.696
221.238	5	176.16
221.338	6	211.392
221.438	4	140.928
221.538	0	0
221.638	11	387.552
221.738	10	352.32
221.838	6	211.392
221.939	10	352.32
222.039	9	317.088
222.139	0	0
222.239	0	0
222.339	11	387.552
222.439	10	352.32
222.539	2	70.464
222.639	1	35.232
222.739	15	528.48
222.84	1	35.232
222.94	0	0
223.04	2	70.464
223.14	16	563.712
223.24	8	281.856
223.34	8	281.856
223.44	2	70.464
223.54	13	458.016
223.64	0	0
223.741	2	70.464
223.841	10	352.32
223.941	12	422.784
224.041	0	0
224.141	0	0
224.241	0	0
224.341	14	493.248
224.441	11	387.552
224.541	0	0
224.642	6	211.392
224.742	8	281.856
224.842	5	176.16
224.942	15	528.48
225.042	2	70.464
225.142	1	35.232
225.242	14	493.248
225.342	0	0
225.443	0	0
225.543	14	493.248
225.643	0	0
225.743	0	0
225.843	0	0
225.943	0	0
226.043	0	0
226.143	0	0
226.243	0	0
226.343	3	105.696
226.444	0	0
226.544	4	140.928
226.644	18	634.176
226.744	4	140.928
226.844	0	0
226.944	0	0
227.044	0	0
227.144	7	246.624
227.245	7	246.624
227.345	6	211.392
227.445	4	140.928
227.545	12	422.784
227.645	4	140.928
227.745	3	105.696
227.845	8	281.856
227.945	0	0
228.045	0	0
228.146	0	0
228.246	0	0
228.346	0	0
228.446	0	0
228.546	0	0
228.646	0	0
228.746	1	35.232
228.846	1	35.232
228.946	0	0
229.047	0	0
229.147	0	0
229.247	0	0
229.347	0	0
229.447	0	0
229.547	0	0
229.647	0	0
229.747	16	563.712
229.847	0	0
229.948	0	0
230.048	0	0
230.148	0	0
230.248	0	0
230.348	0	0
230.448	0	0
230.548	0	0
230.648	0	0
230.748	0	0
230.849	0	0
230.949	0	0
231.049	0	0
231.149	0	0
231.249	0	0
231.349	2	70.464
231.449	0	0
231.549	0	0
231.649	0	0
231.75	0	0
231.85	0	0
231.95	0	0
232.05	11	387.552
232.15	0	0
232.25	0	0
232.35	0	0
232.45	0	0
232.55	0	0
232.651	12	422.784
232.751	4	140.928
232.851	1	35.232
232.951	1	35.232
233.051	0	0
233.151	0	0
233.251	8	281.856
233.351	0	0
233.451	0	0
233.552	7	246.624
233.652	0	0
233.752	1	35.232
233.852	0	0
233.952	0	0
234.052	0	0
234.152	0	0
234.252	10	352.32
234.352	5	176.16
234.452	1	35.232
234.553	0	0
234.653	0	0
234.753	0	0
234.853	0	0
234.953	0	0
235.053	0	0
235.153	0	0
235.253	0	0
235.353	13	458.016
235.454	0	0
235.554	0	0
235.654	0	0
235.754	16	563.712
235.854	2	70.464
235.954	2	70.464
236.054	6	211.392
236.154	5	176.16
236.254	7	246.624
236.355	5	176.16
236.455	1	35.232
236.555	7	246.624
236.655	7	246.624
236.755	12	422.784
236.855	9	317.088
236.955	15	528.48
237.055	14	493.248
237.155	11	387.552
237.256	6	211.392
237.356	17	598.944
237.456	14	493.248
237.556	0	0
237.656	0	0
237.756	8	281.856
237.856	19	669.408
237.957	11	387.552
238.057	6	211.392
238.157	17	598.944
238.257	6	211.392
238.357	10	352.32
238.457	7	246.624
238.557	9	317.088
238.657	10	352.32
238.757	0	0
238.857	4	140.928
238.957	16	563.712
239.058	17	598.944
239.158	5	176.16
239.258	0	0
239.358	0	0
239.458	0	0
239.558	29	1021.73
239.658	2	70.464
239.758	10	352.32
239.858	6	211.392
239.958	4	140.928
240.059	17	598.944
240.159	4	140.928
240.259	8	281.856
240.359	21	739.872
240.459	8	281.856
240.559	5	176.16
240.659	12	422.784
240.759	29	1021.73
240.859	9	317.088
240.96	8	281.856
241.06	1	35.232
241.16	0	0
241.26	0	0
241.36	0	0
241.46	0	0
241.56	3	105.696
241.66	31	1092.19
241.76	7	246.624
241.861	15	528.48
241.961	10	352.32
242.061	11	387.552
242.161	16	563.712
242.261	0	0
242.361	0	0
242.461	0	0
242.561	0	0
242.661	0	0
242.762	0	0
242.862	0	0
242.962	17	598.944
243.062	2	70.464
243.162	12	422.784
243.262	10	352.32
243.362	13	458.016
243.462	0	0
243.562	0	0
243.662	0	0
243.763	15	528.48
243.863	2	70.464
243.963	10	352.32
244.063	0	0
244.163	0	0
244.263	0	0
244.363	0	0
244.463	12	422.784
244.563	6	211.392
244.664	0	0
244.764	0	0
244.864	0	0
244.964	4	140.928
245.064	14	493.248
245.164	4	140.928
245.264	8	281.856
245.364	1	35.232
245.464	0	0
245.565	0	0
245.665	0	0
245.765	12	422.784
245.865	2	70.464
245.965	15	528.48
246.065	2	70.464
246.165	8	281.856
246.265	8	281.856
246.365	2	70.464
246.465	5	176.16
246.566	15	528.48
246.666	12	422.784
246.766	1	35.232
246.866	1	35.232
246.966	8	281.856
247.066	18	634.176
247.166	6	211.392
247.266	3	105.696
247.367	2	70.464
247.467	24	845.568
247.567	11	387.552
247.667	7	246.624
247.767	26	916.032
247.867	9	317.088
247.967	23	810.336
248.067	2	70.464
248.168	0	0
248.268	0	0
248.368	0	0
248.468	13	458.016
248.568	3	105.696
248.668	1	35.232
248.768	0	0
248.869	0	0
248.969	0	0
249.069	7	246.624
249.169	22	775.104
249.269	11	387.552
249.369	5	176.16
249.469	3	105.696
249.569	0	0
249.67	0	0
249.77	0	0
249.87	0	0
249.97	17	598.944
250.07	4	140.928
250.17	16	563.712
250.27	8	281.856
250.37	0	0
250.47	14	493.248
250.571	0	0
250.671	0	0
250.771	0	0
250.871	6	211.392
250.971	14	493.248
251.071	11	387.552
251.171	5	176.16
251.271	1	35.232
251.371	0	0
251.472	11	387.552
251.572	0	0
251.672	9	317.088
251.772	0	0
251.872	0	0
251.972	0	0
252.072	0	0
252.172	2	70.464
252.273	13	458.016
252.373	22	775.104
252.473	3	105.696
252.573	0	0
252.673	5	176.16
252.773	4	140.928
252.873	17	598.944
252.973	0	0
253.073	1	35.232
253.173	0	0
253.273	0	0
253.374	6	211.392
253.474	2	70.464
253.574	0	0
253.674	0	0
253.774	0	0
253.874	0	0
253.974	0	0
254.074	0	0
254.174	0	0
254.274	0	0
254.375	0	0
254.475	0	0
254.575	2	70.464
254.675	7	246.624
254.775	0	0
254.875	0	0
254.975	0	0
255.075	0	0
255.175	17	598.944
255.275	0	0
255.376	1	35.232
255.476	11	387.552
255.576	2	70.464
255.676	1	35.232
255.776	0	0
255.876	0	0
255.976	0	0
256.076	0	0
256.176	2	70.464
256.276	9	317.088
256.377	2	70.464
256.477	4	140.928
256.577	1	35.232
256.677	0	0
256.777	12	422.784
256.877	13	458.016
256.977	4	140.928
257.077	17	598.944
257.177	8	281.856
257.278	0	0
257.378	1	35.232
257.478	10	352.32
257.578	12	422.784
257.678	0	0
257.778	0	0
257.878	1	35.232
257.978	1	35.232
258.078	0	0
258.179	16	563.712
258.279	0	0
258.379	2	70.464
258.479	21	739.872
258.579	3	105.696
258.679	0	0
258.779	0	0
258.879	0	0
258.979	1	35.232
259.08	1	35.232
259.18	0	0
259.28	17	598.944
259.38	12	422.784
259.48	18	634.176
259.58	10	352.32
259.681	3	105.696
259.781	3	105.696
259.881	11	387.552
259.981	13	458.016
260.081	3	105.696
260.181	15	528.48
260.281	7	246.624
260.382	2	70.464
260.482	8	281.856
260.582	1	35.232
260.682	4	140.928
260.782	9	317.088
260.882	12	422.784
260.982	14	493.248
261.082	3	105.696
261.182	0	0
261.282	6	211.392
261.383	15	528.48
261.483	1	35.232
261.583	6	211.392
261.683	20	704.64
261.783	7	246.624
261.883	12	422.784
261.983	7	246.624
262.083	1	35.232
262.183	0	0
262.284	0	0
262.384	0	0
262.484	0	0
262.584	28	986.496
262.684	4	140.928
262.784	0	0
262.884	2	70.464
262.984	9	317.088
263.084	9	317.088
263.184	0	0
263.285	1	35.232
263.385	18	634.176
263.485	3	105.696
263.585	2	70.464
263.685	0	0
263.785	0	0
263.885	0	0
263.985	15	528.48
264.085	4	140.928
264.185	0	0
264.285	0	0
264.386	0	0
264.486	0	0
264.586	0	0
264.686	0	0
264.786	0	0
264.886	0	0
264.986	0	0
265.086	0	0
265.186	2	70.464
265.286	14	493.248
265.387	6	211.392
265.487	12	422.784
265.587	7	246.624
265.687	6	211.392
265.787	3	105.696
265.887	0	0
265.987	1	35.232
266.087	0	0
266.187	0	0
266.287	0	0
266.387	10	352.32
266.488	5	176.16
266.588	0	0
266.688	0	0
266.788	0	0
266.888	0	0
266.988	2	70.464
267.088	0	0
267.188	0	0
267.288	0	0
267.389	0	0
267.489	2	70.464
267.589	11	387.552
267.689	12	422.784
267.789	4	140.928
267.889	0	0
267.989	13	458.016
268.089	5	176.16
268.189	0	0
268.29	0	0
268.39	11	387.552
268.49	8	281.856
268.59	4	140.928
268.69	5	176.16
268.79	0	0
268.89	5	176.16
268.99	9	317.088
269.091	0	0
269.191	2	70.464
269.291	12	422.784
269.391	1	35.232
269.491	0	0
269.591	19	669.408
269.691	7	246.624
269.791	4	140.928
269.892	11	387.552
269.992	16	563.712
270.092	2	70.464
270.192	0	0
270.292	12	422.784
270.392	2	70.464
270.492	0	0
270.592	0	0
270.693	0	0
270.793	1	35.232
270.893	10	352.32
270.993	9	317.088
271.093	7	246.624
271.193	6	211.392
271.293	4	140.928
271.393	11	387.552
271.493	9	317.088
271.593	0	0
271.694	0	0
271.794	0	0
271.894	0	0
271.994	0	0
272.094	0	0
272.194	0	0
272.294	0	0
272.394	0	0
272.494	1	35.232
272.595	0	0
272.695	4	140.928
272.795	0	0
272.895	0	0
272.995	0	0
273.095	0	0
273.195	0	0
273.295	12	422.784
273.395	0	0
273.496	10	352.32
273.596	1	35.232
273.696	4	140.928
273.796	10	352.32
273.896	9	317.088
273.996	8	281.856
274.096	0	0
274.196	0	0
274.296	0	0
274.396	13	458.016
274.497	8	281.856
274.597	10	352.32
274.697	7	246.624
274.797	0	0
274.897	5	176.16
274.997	13	458.016
275.097	7	246.624
275.197	17	598.944
275.297	3	105.696
275.398	0	0
275.498	6	211.392
275.598	0	0
275.698	0	0
275.798	0	0
275.898	0	0
275.998	0	0
276.098	0	0
276.198	0	0
276.299	0	0
276.399	0	0
276.499	17	598.944
276.599	1	35.232
276.699	1	35.232
276.799	0	0
276.899	3	105.696
276.999	0	0
277.099	0	0
277.2	0	0
277.3	0	0
277.4	0	0
277.5	0	0
277.6	11	387.552
277.7	0	0
277.8	4	140.928
277.9	1	35.232
278	0	0
278.101	0	0
278.201	0	0
278.301	8	281.856
278.401	4	140.928
278.501	8	281.856
278.601	7	246.624
278.701	2	70.464
278.801	0	0
278.901	3	105.696
279.001	2	70.464
279.102	5	176.16
279.202	1	35.232
279.302	0	0
279.402	0	0
279.502	0	0
279.602	0	0
279.702	0	0
279.802	0	0
279.903	0	0
280.003	9	317.088
280.103	0	0
280.203	3	105.696
280.303	2	70.464
280.403	0	0
280.503	0	0
280.603	0	0
280.703	0	0
280.804	5	176.16
280.904	5	176.16
281.004	8	281.856
281.104	8	281.856
281.204	6	211.392
281.304	1	35.232
281.404	2	70.464
281.504	0	0
281.604	0	0
281.704	0	0
281.805	0	0
281.905	0	0
282.005	0	0
282.105	0	0
282.205	8	281.856
282.305	8	281.856
282.405	7	246.624
282.505	0	0
282.605	2	70.464
282.706	0	0
282.806	6	211.392
282.906	7	246.624
283.006	1	35.232
283.106	3	105.696
283.206	0	0
283.306	14	493.248
283.406	0	0
283.506	0	0
283.607	0	0
283.707	0	0
283.807	0	0
283.907	16	563.712
284.007	9	317.088
284.107	0	0
284.207	0	0
284.307	0	0
284.407	0	0
284.507	4	140.928
284.608	14	493.248
284.708	5	176.16
284.808	1	35.232
284.908	0	0
285.008	0	0
285.108	0	0
285.208	9	317.088
285.308	0	0
285.408	0	0
285.508	0	0
285.609	1	35.232
285.709	0	0
285.809	0	0
285.909	0	0
286.009	0	0
286.109	0	0
286.209	0	0
286.309	0	0
286.409	3	105.696
286.509	16	563.712
286.61	0	0
286.71	0	0
286.81	3	105.696
286.91	8	281.856
287.01	1	35.232
287.11	1	35.232
287.21	0	0
287.31	12	422.784
287.41	2	70.464
287.51	12	422.784
287.61	7	246.624
287.711	6	211.392
287.811	0	0
287.911	3	105.696
288.011	7	246.624
288.111	3	105.696
288.211	3	105.696
288.311	2	70.464
288.411	0	0
288.511	2	70.464
288.611	9	317.088
288.712	3	105.696
288.812	2	70.464
288.912	0	0
289.012	5	176.16
289.112	9	317.088
289.212	1	35.232
289.312	2	70.464
289.412	2	70.464
289.512	0	0
289.612	2	70.464
289.713	7	246.624
289.813	9	317.088
289.913	4	140.928
290.013	7	246.624
290.113	0	0
290.213	0	0
290.313	0	0
290.413	8	281.856
290.513	6	211.392
290.613	2	70.464
290.713	0	0
290.814	15	528.48
290.914	1	35.232
291.014	0	0
291.114	0	0
291.214	7	246.624
291.314	0	0
291.414	2	70.464
291.514	0	0
291.614	0	0
291.714	0	0
291.815	0	0
291.915	0	0
292.015	0	0
292.115	0	0
292.215	1	35.232
292.315	5	176.16
292.415	0	0
292.515	0	0
292.615	3	105.696
292.716	0	0
292.816	0	0
292.916	0	0
293.016	0	0
293.116	0	0
293.216	0	0
293.316	0	0
293.416	13	458.016
293.517	5	176.16
293.617	8	281.856
293.717	9	317.088
293.817	7	246.624
293.917	7	246.624
294.017	1	35.232
294.117	14	493.248
294.217	3	105.696
294.318	3	105.696
294.418	1	35.232
294.518	0	0
294.618	0	0
294.718	0	0
294.818	0	0
294.918	0	0
295.018	17	598.944
295.118	3	105.696
295.218	8	281.856
295.319	14	493.248
295.419	7	246.624
295.519	2	70.464
295.619	4	140.928
295.719	12	422.784
295.819	6	211.392
295.919	2	70.464
296.019	11	387.552
296.12	10	352.32
296.22	1	35.232
296.32	17	598.944
296.42	7	246.624
296.52	4	140.928
296.62	4	140.928
296.72	21	739.872
296.82	9	317.088
296.92	9	317.088
297.02	9	317.088
297.121	16	563.712
297.221	7	246.624
297.321	9	317.088
297.421	2	70.464
297.521	21	739.872
297.621	7	246.624
297.721	0	0
297.821	1	35.232
297.921	13	458.016
298.021	13	458.016
298.122	3	105.696
298.222	11	387.552
298.322	4	140.928
298.422	0	0
298.522	1	35.232
298.622	26	916.032
298.722	5	176.16
298.822	0	0
298.923	1	35.232
299.023	18	634.176
299.123	1	35.232
299.223	0	0
299.323	3	105.696
299.423	12	422.784
299.523	12	422.784
299.623	0	0
299.723	3	105.696
299.823	0	0
299.923	0	0
300.024	2	70.464
300.124	4	140.928
300.224	13	458.016
300.324	2	70.464
300.424	0	0
300.524	1	35.232
300.624	0	0
300.724	15	528.48
300.824	15	528.48
300.924	14	493.248
301.024	0	0
301.125	1	35.232
301.225	2	70.464
301.325	6	211.392
301.425	20	704.64
301.525	3	105.696
301.625	6	211.392
301.725	9	317.088
301.825	0	0
301.926	0	0
302.026	0	0
302.126	12	422.784
302.226	11	387.552
302.326	12	422.784
302.426	2	70.464
302.526	7	246.624
302.626	14	493.248
302.726	15	528.48
302.826	0	0
302.927	0	0
303.027	0	0
303.127	0	0
303.227	13	458.016
303.327	12	422.784
303.427	22	775.104
303.527	2	70.464
303.627	1	35.232
303.727	25	880.8
303.827	5	176.16
303.928	1	35.232
304.028	2	70.464
304.128	18	634.176
304.228	7	246.624
304.328	0	0
304.428	0	0
304.528	1	35.232
304.628	1	35.232
304.728	1	35.232
304.829	20	704.64
304.929	10	352.32
305.029	0	0
305.129	14	493.248
305.229	0	0
305.329	2	70.464
305.429	2	70.464
305.529	0	0
305.629	0	0
305.729	0	0
305.829	18	634.176
305.93	6	211.392
306.03	2	70.464
306.13	0	0
306.23	0	0
306.33	0	0
306.43	0	0
306.53	32	1127.42
306.63	4	140.928
306.731	17	598.944
306.831	11	387.552
306.931	12	422.784
307.031	0	0
307.131	0	0
307.231	0	0
307.331	0	0
307.432	4	140.928
307.532	20	704.64
307.632	13	458.016
307.732	4	140.928
307.832	21	739.872
307.932	20	704.64
308.032	7	246.624
308.132	15	528.48
308.233	10	352.32
308.333	0	0
308.433	1	35.232
308.533	0	0
308.633	0	0
308.733	20	704.64
308.833	7	246.624
308.933	0	0
309.033	0	0
309.133	23	810.336
309.234	4	140.928
309.334	0	0
309.434	0	0
309.534	4	140.928
309.634	23	810.336
309.734	8	281.856
309.834	0	0
309.934	20	704.64
310.034	11	387.552
310.134	14	493.248
310.235	0	0
310.335	0	0
310.435	13	458.016
310.535	12	422.784
310.635	4	140.928
310.735	2	70.464
310.835	0	0
310.935	10	352.32
311.035	22	775.104
311.136	1	35.232
311.236	1	35.232
311.336	4	140.928
311.436	17	598.944
311.536	12	422.784
311.636	2	70.464
311.736	1	35.232
311.836	0	0
311.936	0	0
312.036	11	387.552
312.137	11	387.552
312.237	14	493.248
312.337	5	176.16
312.437	23	810.336
312.537	24	845.568
312.637	1	35.232
312.737	17	598.944
312.837	11	387.552
312.937	1	35.232
313.038	0	0
313.138	0	0
313.238	12	422.784
313.338	7	246.624
313.438	0	0
313.538	22	775.104
313.638	6	211.392
313.738	0	0
313.838	12	422.784
313.938	6	211.392
314.039	18	634.176
314.139	11	387.552
314.239	0	0
314.339	0	0
314.439	29	1021.73
314.54	14	493.248
314.64	0	0
314.74	0	0
314.84	40	1409.28
314.94	2	70.464
315.04	0	0
315.14	7	246.624
315.24	22	775.104
315.34	11	387.552
315.44	2	70.464
315.541	5	176.16
315.641	0	0
315.741	0	0
315.841	0	0
315.941	17	598.944
316.041	23	810.336
316.141	2	70.464
316.241	3	105.696
316.341	0	0
316.441	0	0
316.542	2	70.464
316.642	5	176.16
316.742	18	634.176
316.842	24	845.568
316.942	12	422.784
317.042	19	669.408
317.142	1	35.232
317.243	14	493.248
317.343	24	845.568
317.443	2	70.464
317.543	1	35.232
317.643	12	422.784
317.743	11	387.552
317.843	0	0
317.943	2	70.464
318.043	11	387.552
318.144	2	70.464
318.244	14	493.248
318.344	30	1056.96
318.444	10	352.32
318.544	0	0
318.644	1	35.232
318.744	7	246.624
318.844	23	810.336
318.944	2	70.464
319.044	0	0
319.145	8	281.856
319.245	2	70.464
319.345	14	493.248
319.445	15	528.48
319.545	0	0
319.645	1	35.232
319.745	0	0
319.845	4	140.928
319.945	23	810.336
320.045	9	317.088
320.145	21	739.872
320.246	4	140.928
320.346	2	70.464
320.446	0	0
320.546	15	528.48
320.646	2	70.464
320.746	2	70.464
320.846	0	0
320.946	10	352.32
321.046	16	563.712
321.147	0	0
321.247	0	0
321.347	0	0
321.447	0	0
321.547	16	563.712
321.647	8	281.856
321.747	9	317.088
321.847	3	105.696
321.947	0	0
322.047	13	458.016
322.148	14	493.248
322.248	2	70.464
322.348	20	704.64
322.448	11	387.552
322.548	4	140.928
322.648	0	0
322.748	14	493.248
322.848	12	422.784
322.948	1	35.232
323.048	0	0
323.149	2	70.464
323.249	0	0
323.349	13	458.016
323.449	0	0
323.549	0	0
323.649	0	0
323.749	0	0
323.849	0	0
323.949	0	0
324.049	12	422.784
324.149	13	458.016
324.25	14	493.248
324.35	5	176.16
324.45	2	70.464
324.55	0	0
324.65	0	0
324.75	15	528.48
324.851	0	0
324.951	0	0
325.051	0	0
325.151	16	563.712
325.251	11	387.552
325.351	7	246.624
325.451	2	70.464
325.551	18	634.176
325.651	4	140.928
325.752	11	387.552
325.852	14	493.248
325.952	17	598.944
326.052	15	528.48
326.152	0	0
326.252	1	35.232
326.352	1	35.232
326.453	22	775.104
326.553	0	0
326.653	20	704.64
326.753	5	176.16
326.853	0	0
326.953	0	0
327.053	0	0
327.153	0	0
327.253	4	140.928
327.354	0	0
327.454	2	70.464
327.554	22	775.104
327.654	5	176.16
327.754	13	458.016
327.854	2	70.464
327.954	0	0
328.054	0	0
328.155	10	352.32
328.255	10	352.32
328.355	11	387.552
328.455	0	0
328.555	2	70.464
328.655	8	281.856
328.755	13	458.016
328.855	12	422.784
328.955	12	422.784
329.055	8	281.856
329.156	0	0
329.256	0	0
329.356	6	211.392
329.456	19	669.408
329.556	19	669.408
329.656	3	105.696
329.756	2	70.464
329.856	1	35.232
329.957	4	140.928
330.057	7	246.624
330.157	1	35.232
330.257	1	35.232
330.357	12	422.784
330.457	3	105.696
330.557	4	140.928
330.657	12	422.784
330.757	1	35.232
330.857	0	0
330.958	0	0
331.058	0	0
331.158	0	0
331.258	14	493.248
331.358	15	528.48
331.458	10	352.32
331.558	0	0
331.658	9	317.088
331.758	0	0
331.859	0	0
331.959	2	70.464
332.059	0	0
332.159	10	352.32
332.259	26	916.032
332.359	20	704.64
332.459	14	493.248
332.559	4	140.928
332.659	17	598.944
332.76	7	246.624
332.86	1	35.232
332.96	4	140.928
333.06	18	634.176
333.16	14	493.248
333.26	2	70.464
333.36	1	35.232
333.46	20	704.64
333.561	15	528.48
333.661	4	140.928
333.761	16	563.712
333.861	17	598.944
333.961	13	458.016
334.062	33	1162.66
334.162	8	281.856
334.262	7	246.624
334.362	4	140.928
334.462	2	70.464
334.562	0	0
334.662	0	0
334.762	27	951.264
334.862	16	563.712
334.963	9	317.088
335.063	9	317.088
335.163	11	387.552
335.263	15	528.48
335.363	12	422.784
335.463	18	634.176
335.563	0	0
335.663	13	458.016
335.763	0	0
335.864	11	387.552
335.964	22	775.104
336.064	10	352.32
336.164	23	810.336
336.264	7	246.624
336.364	20	704.64
336.464	20	704.64
336.564	20	704.64
336.664	13	458.016
336.765	2	70.464
336.865	9	317.088
336.965	5	176.16
337.065	15	528.48
337.165	15	528.48
337.265	12	422.784
337.365	9	317.088
337.465	17	598.944
337.565	9	317.088
337.666	16	563.712
337.766	11	387.552
337.866	1	35.232
337.966	4	140.928
338.066	18	634.176
338.166	0	0
338.266	0	0
338.366	0	0
338.466	0	0
338.567	4	140.928
338.667	18	634.176
338.767	8	281.856
338.867	3	105.696
338.967	8	281.856
339.067	7	246.624
339.167	13	458.016
339.267	4	140.928
339.367	0	0
339.468	16	563.712
339.568	3	105.696
339.668	8	281.856
339.768	2	70.464
339.868	12	422.784
339.968	0	0
340.068	0	0
340.168	0	0
340.268	0	0
340.368	13	458.016
340.469	7	246.624
340.569	9	317.088
340.669	12	422.784
340.769	9	317.088
340.869	4	140.928
340.969	1	35.232
341.069	14	493.248
341.169	2	70.464
341.269	11	387.552
341.369	4	140.928
341.47	4	140.928
341.57	14	493.248
341.67	17	598.944
341.77	8	281.856
341.87	18	634.176
341.97	9	317.088
342.07	17	598.944
342.17	6	211.392
342.27	11	387.552
342.371	14	493.248
342.471	2	70.464
342.571	4	140.928
342.671	5	176.16
342.771	0	0
342.871	0	0
342.971	10	352.32
343.071	0	0
343.172	0	0
343.272	0	0
343.372	7	246.624
343.472	6	211.392
343.573	11	387.552
343.673	9	317.088
343.773	6	211.392
343.873	0	0
343.973	5	176.16
344.073	4	140.928
344.173	3	105.696
344.274	9	317.088
344.374	0	0
344.474	0	0
344.574	0	0
344.674	0	0
344.774	9	317.088
344.874	10	352.32
344.974	0	0
345.074	4	140.928
345.174	0	0
345.275	1	35.232
345.375	10	352.32
345.475	12	422.784
345.575	13	458.016
345.675	2	70.464
345.775	14	493.248
345.875	5	176.16
345.975	8	281.856
346.075	5	176.16
346.175	0	0
346.276	8	281.856
346.376	11	387.552
346.476	16	563.712
346.576	7	246.624
346.676	19	669.408
346.776	12	422.784
346.876	16	563.712
346.976	0	0
347.077	0	0
347.177	0	0
347.277	0	0
347.377	0	0
347.477	5	176.16
347.577	16	563.712
347.677	12	422.784
347.777	5	176.16
347.877	11	387.552
347.978	14	493.248
348.078	1	35.232
348.178	0	0
348.278	0	0
348.378	15	528.48
348.478	1	35.232
348.578	2	70.464
348.678	10	352.32
348.779	11	387.552
348.879	7	246.624
348.979	6	211.392
349.079	0	0
349.179	0	0
349.279	0	0
349.379	13	458.016
349.479	8	281.856
349.579	12	422.784
349.679	1	35.232
349.78	4	140.928
349.88	11	387.552
349.98	11	387.552
350.08	2	70.464
350.18	17	598.944
350.28	1	35.232
350.38	1	35.232
350.48	1	35.232
350.58	18	634.176
350.681	6	211.392
350.781	6	211.392
350.881	1	35.232
350.981	20	704.64
351.081	8	281.856
351.181	0	0
351.281	0	0
351.381	0	0
351.481	0	0
351.582	0	0
351.682	0	0
351.782	18	634.176
351.882	7	246.624
351.982	2	70.464
352.082	5	176.16
352.182	10	352.32
352.282	14	493.248
352.382	9	317.088
352.483	12	422.784
352.583	1	35.232
352.683	2	70.464
352.783	15	528.48
352.883	7	246.624
352.983	12	422.784
353.083	8	281.856
353.183	0	0
353.283	0	0
353.384	11	387.552
353.484	0	0
353.584	5	176.16
353.684	0	0
353.784	0	0
353.885	2	70.464
353.985	12	422.784
354.085	11	387.552
354.185	11	387.552
354.285	8	281.856
354.385	0	0
354.485	2	70.464
354.586	14	493.248
354.686	13	458.016
354.786	0	0
354.886	2	70.464
354.987	16	563.712
355.087	2	70.464
355.187	1	35.232
355.287	17	598.944
355.387	9	317.088
355.487	2	70.464
355.587	0	0
355.687	0	0
355.787	17	598.944
355.887	4	140.928
355.988	2	70.464
356.088	17	598.944
356.188	9	317.088
356.288	0	0
356.388	10	352.32
356.488	4	140.928
356.588	4	140.928
356.688	0	0
356.788	3	105.696
356.889	14	493.248
356.989	1	35.232
357.089	9	317.088
357.189	8	281.856
357.289	2	70.464
357.389	2	70.464
357.489	14	493.248
357.59	2	70.464
357.69	7	246.624
357.79	4	140.928
357.89	0	0
357.99	7	246.624
358.09	11	387.552
358.19	2	70.464
358.29	16	563.712
358.391	4	140.928
358.491	14	493.248
358.591	0	0
358.691	0	0
358.791	3	105.696
358.891	17	598.944
358.991	8	281.856
359.091	0	0
359.191	2	70.464
359.292	20	704.64
359.392	2	70.464
359.492	11	387.552
359.592	10	352.32
359.692	2	70.464
359.792	0	0
359.892	7	246.624
359.992	0	0
360.092	20	704.64
360.193	4	140.928
360.293	0	0
360.393	9	317.088
360.493	17	598.944
360.593	11	387.552
360.693	2	70.464
360.793	13	458.016
360.893	10	352.32
360.993	0	0
361.094	3	105.696
361.194	5	176.16
361.294	0	0
361.394	0	0
361.494	2	70.464
361.594	22	775.104
361.694	0	0
361.794	15	528.48
361.894	3	105.696
361.995	15	528.48
362.095	9	317.088
362.195	8	281.856
362.295	7	246.624
362.395	15	528.48
362.495	7	246.624
362.595	0	0
362.695	0	0
362.796	0	0
362.896	4	140.928
362.996	18	634.176
363.096	8	281.856
363.196	17	598.944
363.296	11	387.552
363.396	17	598.944
363.496	10	352.32
363.596	0	0
363.696	10	352.32
363.797	6	211.392
363.897	3	105.696
363.997	0	0
364.097	0	0
364.197	0	0
364.297	0	0
364.397	24	845.568
364.497	3	105.696
364.597	0	0
364.698	8	281.856
364.798	2	70.464
364.898	4	140.928
364.998	0	0
365.098	0	0
365.198	0	0
365.298	0	0
365.398	2	70.464
365.499	4	140.928
365.599	14	493.248
365.699	3	105.696
365.799	2	70.464
365.899	16	563.712
365.999	2	70.464
366.099	0	0
366.199	0	0
366.299	0	0
366.4	5	176.16
366.5	0	0
366.6	11	387.552
366.7	10	352.32
366.8	19	669.408
366.9	5	176.16
367	5	176.16
367.1	3	105.696
367.201	19	669.408
367.301	5	176.16
367.401	0	0
367.501	1	35.232
367.601	1	35.232
367.701	0	0
367.801	13	458.016
367.901	0	0
368.001	0	0
368.102	11	387.552
368.202	0	0
368.302	7	246.624
368.402	9	317.088
368.502	0	0
368.602	2	70.464
368.703	5	176.16
368.803	5	176.16
368.903	0	0
369.003	4	140.928
369.103	0	0
369.203	7	246.624
369.303	12	422.784
369.403	2	70.464
369.504	2	70.464
369.604	24	845.568
369.704	0	0
369.804	2	70.464
369.904	2	70.464
370.004	4	140.928
370.104	16	563.712
370.204	10	352.32
370.305	0	0
370.405	1	35.232
370.505	21	739.872
370.605	18	634.176
370.705	14	493.248
370.805	15	528.48
370.905	2	70.464
371.005	9	317.088
371.105	22	775.104
371.206	18	634.176
371.306	15	528.48
371.406	8	281.856
371.506	13	458.016
371.606	16	563.712
371.706	17	598.944
371.806	23	810.336
371.906	12	422.784
372.006	0	0
372.107	5	176.16
372.207	16	563.712
372.307	2	70.464
372.407	9	317.088
372.507	17	598.944
372.607	3	105.696
372.707	0	0
372.807	1	35.232
372.907	13	458.016
373.008	22	775.104
373.108	7	246.624
373.208	0	0
373.308	0	0
373.408	0	0
373.508	9	317.088
373.608	14	493.248
373.709	17	598.944
373.809	13	458.016
373.909	6	211.392
374.009	1	35.232
374.11	23	810.336
374.21	3	105.696
374.31	19	669.408
374.41	0	0
374.51	0	0
374.61	1	35.232
374.71	2	70.464
374.811	18	634.176
374.911	15	528.48
375.011	2	70.464
375.111	0	0
375.211	0	0
375.311	0	0
375.411	0	0
375.511	5	176.16
375.612	8	281.856
375.712	21	739.872
375.812	20	704.64
375.912	15	528.48
376.012	24	845.568
376.112	8	281.856
376.213	15	528.48
376.313	0	0
376.413	1	35.232
376.513	9	317.088
376.613	12	422.784
376.713	0	0
376.813	2	70.464
376.913	0	0
377.014	0	0
377.114	10	352.32
377.214	13	458.016
377.314	9	317.088
377.414	2	70.464
377.514	3	105.696
377.614	0	0
377.714	0	0
377.815	2	70.464
377.915	0	0
378.015	0	0
378.115	9	317.088
378.215	4	140.928
378.315	15	528.48
378.415	11	387.552
378.515	2	70.464
378.616	20	704.64
378.716	11	387.552
378.816	15	528.48
378.916	9	317.088
379.016	20	704.64
379.116	0	0
379.216	0	0
379.316	15	528.48
379.416	19	669.408
379.516	8	281.856
379.617	5	176.16
379.717	14	493.248
379.818	8	281.856
379.918	3	105.696
380.018	0	0
380.118	20	704.64
380.218	0	0
380.318	0	0
380.418	0	0
380.518	0	0
380.618	0	0
380.719	0	0
380.819	0	0
380.919	0	0
381.019	0	0
381.119	24	845.568
381.219	14	493.248
381.319	10	352.32
381.419	7	246.624
381.52	5	176.16
381.62	17	598.944
381.72	0	0
381.82	6	211.392
381.92	4	140.928
382.02	12	422.784
382.12	0	0
382.22	0	0
382.32	0	0
382.421	0	0
382.521	8	281.856
382.621	10	352.32
382.721	10	352.32
382.821	19	669.408
382.921	2	70.464
383.021	21	739.872
383.121	0	0
383.221	1	35.232
383.321	0	0
383.422	0	0
383.522	20	704.64
383.622	9	317.088
383.722	1	35.232
383.822	0	0
383.922	0	0
384.022	0	0
384.122	4	140.928
384.223	26	916.032
384.323	7	246.624
384.423	2	70.464
384.523	3	105.696
384.623	5	176.16
384.723	0	0
384.823	11	387.552
384.923	18	634.176
385.024	1	35.232
385.124	0	0
385.224	1	35.232
385.324	16	563.712
385.424	12	422.784
385.524	12	422.784
385.625	12	422.784
385.725	27	951.264
385.825	2	70.464
385.925	7	246.624
386.025	33	1162.66
386.125	4	140.928
386.225	0	0
386.325	0	0
386.425	0	0
386.526	12	422.784
386.626	22	775.104
386.726	9	317.088
386.826	3	105.696
386.926	5	176.16
387.026	3	105.696
387.126	14	493.248
387.227	0	0
387.327	0	0
387.427	2	70.464
387.527	2	70.464
387.627	19	669.408
387.727	2	70.464
387.827	0	0
387.927	1	35.232
388.027	0	0
388.128	11	387.552
388.228	10	352.32
388.328	7	246.624
388.428	0	0
388.528	4	140.928
388.628	0	0
388.728	2	70.464
388.828	9	317.088
388.929	3	105.696
389.029	3	105.696
389.129	0	0
389.229	0	0
389.329	0	0
389.429	0	0
389.529	18	634.176
389.629	5	176.16
389.73	10	352.32
389.83	0	0
389.93	2	70.464
390.03	17	598.944
390.13	5	176.16
390.23	2	70.464
390.33	0	0
390.43	16	563.712
390.53	4	140.928
390.631	13	458.016
390.731	2	70.464
390.831	0	0
390.931	4	140.928
391.031	2	70.464
391.131	13	458.016
391.231	4	140.928
391.331	2	70.464
391.432	1	35.232
391.532	0	0
391.632	0	0
391.732	6	211.392
391.832	13	458.016
391.932	4	140.928
392.032	0	0
392.132	0	0
392.233	0	0
392.333	12	422.784
392.433	12	422.784
392.533	13	458.016
392.633	14	493.248
392.733	6	211.392
392.833	0	0
392.933	11	387.552
393.033	23	810.336
393.133	2	70.464
393.234	1	35.232
393.334	0	0
393.434	0	0
393.534	0	0
393.634	0	0
393.734	14	493.248
393.834	3	105.696
393.934	10	352.32
394.035	0	0
394.135	31	1092.19
394.235	9	317.088
394.335	6	211.392
394.435	18	634.176
394.535	3	105.696
394.635	0	0
394.735	10	352.32
394.836	4	140.928
394.936	33	1162.66
395.036	6	211.392
395.136	2	70.464
395.236	13	458.016
395.336	0	0
395.436	0	0
395.536	20	704.64
395.637	13	458.016
395.737	0	0
395.837	2	70.464
395.937	0	0
396.037	12	422.784
396.137	0	0
396.237	18	634.176
396.337	18	634.176
396.437	12	422.784
396.538	7	246.624
396.638	16	563.712
396.738	9	317.088
396.838	1	35.232
396.938	1	35.232
397.038	1	35.232
397.138	0	0
397.238	39	1374.05
397.339	3	105.696
397.439	8	281.856
397.539	27	951.264
397.639	3	105.696
397.739	4	140.928
397.839	11	387.552
397.939	4	140.928
398.039	0	0
398.14	14	493.248
398.24	0	0
398.34	0	0
398.44	0	0
398.54	0	0
398.64	10	352.32
398.74	20	704.64
398.84	0	0
398.94	0	0
399.041	12	422.784
399.141	0	0
399.241	0	0
399.341	0	0
399.441	2	70.464
399.541	19	669.408
399.641	1	35.232
399.741	14	493.248
399.841	4	140.928
399.942	6	211.392
400.042	5	176.16
400.142	14	493.248
400.242	0	0
400.342	0	0
400.442	0	0
400.542	0	0
400.642	7	246.624
400.742	6	211.392
400.842	0	0
400.943	26	916.032
401.043	8	281.856
401.143	0	0
401.243	15	528.48
401.343	0	0
401.443	27	951.264
401.543	0	0
401.643	6	211.392
401.743	9	317.088
401.844	7	246.624
401.944	1	35.232
402.044	14	493.248
402.144	2	70.464
402.244	15	528.48
402.344	0	0
402.444	8	281.856
402.544	2	70.464
402.644	0	0
402.745	0	0
402.845	0	0
402.945	0	0
403.045	2	70.464
403.145	29	1021.73
403.245	12	422.784
403.346	12	422.784
403.446	5	176.16
403.546	3	105.696
403.646	19	669.408
403.746	15	528.48
403.846	6	211.392
403.946	0	0
404.046	0	0
404.147	11	387.552
404.247	14	493.248
404.347	1	35.232
404.447	12	422.784
404.547	12	422.784
404.647	0	0
404.747	0	0
404.847	13	458.016
404.948	24	845.568
405.048	1	35.232
405.148	0	0
405.248	10	352.32
405.348	19	669.408
405.448	3	105.696
405.548	2	70.464
405.648	0	0
405.748	6	211.392
405.849	0	0
405.949	13	458.016
406.049	0	0
406.149	2	70.464
406.249	0	0
406.349	4	140.928
406.449	17	598.944
406.549	0	0
406.65	0	0
406.75	14	493.248
406.85	4	140.928
406.95	16	563.712
407.05	17	598.944
407.15	8	281.856
407.25	12	422.784
407.35	19	669.408
407.451	1	35.232
407.551	5	176.16
407.651	0	0
407.751	12	422.784
407.851	8	281.856
407.951	2	70.464
408.051	0	0
408.151	0	0
408.252	0	0
408.352	21	739.872
408.452	9	317.088
408.552	23	810.336
408.652	2	70.464
408.752	0	0
408.852	19	669.408
408.952	0	0
409.052	5	176.16
409.152	25	880.8
409.253	9	317.088
409.353	7	246.624
409.453	0	0
409.553	23	810.336
409.653	0	0
409.753	7	246.624
409.853	0	0
409.953	4	140.928
410.053	25	880.8
410.154	17	598.944
410.254	23	810.336
410.354	6	211.392
410.454	2	70.464
410.554	21	739.872
410.654	10	352.32
410.754	7	246.624
410.854	0	0
410.955	3	105.696
411.055	0	0
411.155	0	0
411.255	0	0
411.355	31	1092.19
411.455	3	105.696
411.555	15	528.48
411.655	9	317.088
411.755	0	0
411.855	4	140.928
411.956	17	598.944
412.056	1	35.232
412.156	5	176.16
412.256	8	281.856
412.356	7	246.624
412.456	1	35.232
412.556	8	281.856
412.656	19	669.408
412.756	1	35.232
412.857	7	246.624
412.957	1	35.232
413.057	6	211.392
413.157	1	35.232
413.257	18	634.176
413.357	4	140.928
413.457	0	0
413.557	0	0
413.657	0	0
413.757	0	0
413.858	10	352.32
413.958	9	317.088
414.058	2	70.464
414.158	11	387.552
414.258	0	0
414.358	0	0
414.458	3	105.696
414.558	0	0
414.659	14	493.248
414.759	2	70.464
414.859	8	281.856
414.959	2	70.464
415.059	16	563.712
415.159	4	140.928
415.259	0	0
415.359	8	281.856
415.46	13	458.016
415.56	16	563.712
415.66	9	317.088
415.76	14	493.248
415.86	6	211.392
415.96	21	739.872
416.06	15	528.48
416.16	8	281.856
416.26	2	70.464
416.36	0	0
416.461	10	352.32
416.561	18	634.176
416.661	15	528.48
416.761	14	493.248
416.861	4	140.928
416.961	5	176.16
417.061	20	704.64
417.161	9	317.088
417.262	1	35.232
417.362	26	916.032
417.462	15	528.48
417.562	0	0
417.662	2	70.464
417.762	8	281.856
417.862	0	0
417.962	0	0
418.062	0	0
418.163	0	0
418.263	21	739.872
418.363	8	281.856
418.463	16	563.712
418.563	9	317.088
418.663	2	70.464
418.763	0	0
418.863	0	0
418.963	0	0
419.063	12	422.784
419.164	6	211.392
419.264	1	35.232
419.364	5	176.16
419.464	10	352.32
419.564	12	422.784
419.664	6	211.392
419.764	12	422.784
419.864	11	387.552
419.964	0	0
420.065	14	493.248
420.165	1	35.232
420.265	2	70.464
420.365	3	105.696
420.465	0	0
420.565	0	0
420.665	0	0
420.765	16	563.712
420.866	6	211.392
420.966	7	246.624
421.066	4	140.928
421.166	1	35.232
421.266	7	246.624
421.366	12	422.784
421.466	4	140.928
421.566	8	281.856
421.667	3	105.696
421.767	12	422.784
421.867	9	317.088
421.967	11	387.552
422.067	12	422.784
422.167	17	598.944
422.267	11	387.552
422.367	16	563.712
422.467	17	598.944
422.567	11	387.552
422.668	11	387.552
422.768	1	35.232
422.868	20	704.64
422.968	16	563.712
423.068	22	775.104
423.168	8	281.856
423.268	16	563.712
423.368	12	422.784
423.468	13	458.016
423.569	14	493.248
423.669	16	563.712
423.769	6	211.392
423.869	0	0
423.969	0	0
424.069	10	352.32
424.169	17	598.944
424.269	2	70.464
424.369	14	493.248
424.469	12	422.784
424.57	0	0
424.67	17	598.944
424.77	8	281.856
424.87	17	598.944
424.97	6	211.392
425.07	0	0
425.17	20	704.64
425.27	6	211.392
425.37	14	493.248
425.47	3	105.696
425.571	0	0
425.671	22	775.104
425.771	3	105.696
425.871	0	0
425.971	0	0
426.071	0	0
426.171	0	0
426.271	0	0
426.371	1	35.232
426.472	17	598.944
426.572	9	317.088
426.672	7	246.624
426.772	0	0
426.872	10	352.32
426.972	8	281.856
427.072	6	211.392
427.172	0	0
427.272	0	0
427.372	0	0
427.473	0	0
427.573	0	0
427.673	12	422.784
427.773	5	176.16
427.873	2	70.464
427.973	10	352.32
428.073	4	140.928
428.173	0	0
428.274	2	70.464
428.374	11	387.552
428.474	3	105.696
428.574	0	0
428.674	0	0
428.774	12	422.784
428.874	8	281.856
428.974	13	458.016
429.074	11	387.552
429.175	1	35.232
429.275	16	563.712
429.375	14	493.248
429.475	0	0
429.575	4	140.928
429.675	0	0
429.775	0	0
429.875	0	0
429.976	0	0
430.076	0	0
430.176	18	634.176
430.276	3	105.696
430.376	5	176.16
430.476	11	387.552
430.576	12	422.784
430.677	6	211.392
430.777	10	352.32
430.877	1	35.232
430.977	0	0
431.077	2	70.464
431.177	5	176.16
431.277	4	140.928
431.378	6	211.392
431.478	9	317.088
431.578	6	211.392
431.678	11	387.552
431.778	9	317.088
431.878	7	246.624
431.978	9	317.088
432.078	13	458.016
432.178	0	0
432.278	5	176.16
432.379	6	211.392
432.479	0	0
432.579	3	105.696
432.679	8	281.856
432.779	8	281.856
432.879	10	352.32
432.979	9	317.088
433.079	9	317.088
433.179	8	281.856
433.28	10	352.32
433.38	1	35.232
433.48	13	458.016
433.58	9	317.088
433.68	4	140.928
433.78	7	246.624
433.88	7	246.624
433.98	11	387.552
434.08	12	422.784
434.181	10	352.32
434.281	7	246.624
434.381	14	493.248
434.481	4	140.928
434.581	1	35.232
434.681	15	528.48
434.781	2	70.464
434.882	7	246.624
434.982	10	352.32
435.082	9	317.088
435.182	11	387.552
435.282	7	246.624
435.382	13	458.016
435.482	14	493.248
435.582	13	458.016
435.683	4	140.928
435.783	9	317.088
435.883	7	246.624
435.983	10	352.32
436.083	11	387.552
436.183	3	105.696
436.283	12	422.784
436.383	10	352.32
436.483	13	458.016
436.584	11	387.552
436.684	8	281.856
436.784	15	528.48
436.884	0	0
436.984	17	598.944
437.084	7	246.624
437.184	7	246.624
437.284	9	317.088
437.384	11	387.552
437.485	6	211.392
437.585	10	352.32
437.685	5	176.16
437.785	2	70.464
437.885	8	281.856
437.985	5	176.16
438.085	3	105.696
438.185	7	246.624
438.286	6	211.392
438.386	7	246.624
438.486	8	281.856
438.586	9	317.088
438.686	6	211.392
438.786	10	352.32
438.886	5	176.16
438.986	12	422.784
439.086	11	387.552
439.186	5	176.16
439.287	4	140.928
439.387	2	70.464
439.487	10	352.32
439.587	9	317.088
439.687	10	352.32
439.787	6	211.392
439.887	9	317.088
439.987	12	422.784
440.087	11	387.552
440.188	5	176.16
440.288	14	493.248
440.388	0	0
440.488	15	528.48
440.588	9	317.088
440.688	1	35.232
440.788	10	352.32
440.888	11	387.552
440.988	11	387.552
441.089	8	281.856
441.189	9	317.088
441.289	14	493.248
441.389	14	493.248
441.489	4	140.928
441.589	0	0
441.689	16	563.712
441.789	10	352.32
441.889	11	387.552
441.989	6	211.392
442.09	12	422.784
442.19	12	422.784
442.29	9	317.088
442.39	15	528.48
442.49	9	317.088
442.59	11	387.552
442.69	8	281.856
442.79	2	70.464
442.89	15	528.48
442.99	2	70.464
443.09	10	352.32
443.191	10	352.32
443.291	8	281.856
443.391	8	281.856
443.491	13	458.016
443.591	14	493.248
443.692	10	352.32
443.792	12	422.784
443.892	4	140.928
443.992	0	0
444.092	7	246.624
444.192	10	352.32
444.292	10	352.32
444.392	11	387.552
444.492	6	211.392
444.593	13	458.016
444.693	6	211.392
444.793	11	387.552
444.893	15	528.48
444.993	9	317.088
445.093	0	0
445.193	0	0
445.293	4	140.928
445.393	12	422.784
445.494	8	281.856
445.594	9	317.088
445.694	7	246.624
445.794	12	422.784
445.894	13	458.016
445.994	3	105.696
446.094	0	0
446.194	14	493.248
446.295	1	35.232
446.395	9	317.088
446.495	4	140.928
446.595	7	246.624
446.695	11	387.552
446.795	5	176.16
446.895	9	317.088
446.995	12	422.784
447.095	11	387.552
447.195	5	176.16
447.296	10	352.32
447.396	1	35.232
447.496	0	0
447.596	16	563.712
447.696	9	317.088
447.796	3	105.696
447.896	8	281.856
447.996	10	352.32
448.096	12	422.784
448.196	1	35.232
448.297	0	0
448.397	0	0
448.497	0	0
448.597	0	0
448.697	7	246.624
448.797	6	211.392
448.897	8	281.856
448.997	9	317.088
449.098	2	70.464
449.198	9	317.088
449.298	8	281.856
449.398	4	140.928
449.498	0	0
449.598	0	0
449.698	0	0
449.798	0	0
449.899	0	0
449.999	0	0
450.099	11	387.552
450.199	2	70.464
450.299	6	211.392
450.399	9	317.088
450.499	5	176.16
450.599	4	140.928
450.7	7	246.624
450.8	7	246.624
450.9	9	317.088
451	1	35.232
451.1	10	352.32
451.2	6	211.392
451.3	10	352.32
451.4	11	387.552
451.5	8	281.856
451.6	8	281.856
451.701	14	493.248
451.801	8	281.856
451.901	10	352.32
452.001	15	528.48
452.101	5	176.16
452.201	0	0
452.301	0	0
452.401	7	246.624
452.501	11	387.552
452.602	10	352.32
452.702	8	281.856
452.802	6	211.392
452.902	7	246.624
453.002	8	281.856
453.102	8	281.856
453.202	10	352.32
453.302	1	35.232
453.402	4	140.928
453.503	2	70.464
453.603	7	246.624
453.703	4	140.928
453.803	5	176.16
453.903	4	140.928
454.003	8	281.856
454.103	3	105.696
454.203	10	352.32
454.303	8	281.856
454.403	10	352.32
454.504	3	105.696
454.604	0	0
454.704	13	458.016
454.804	4	140.928
454.904	0	0
455.004	0	0
455.104	0	0
455.204	8	281.856
455.305	6	211.392
455.405	0	0
455.505	4	140.928
455.605	4	140.928
455.705	0	0
455.805	8	281.856
455.905	9	317.088
456.005	6	211.392
456.105	7	246.624
456.205	11	387.552
456.306	7	246.624
456.406	9	317.088
456.506	8	281.856
456.606	2	70.464
456.706	0	0
456.806	0	0
456.906	0	0
457.006	14	493.248
457.107	4	140.928
457.207	6	211.392
457.307	9	317.088
457.407	1	35.232
457.507	8	281.856
457.607	11	387.552
457.707	1	35.232
457.808	0	0
457.908	2	70.464
458.008	0	0
458.108	0	0
458.208	13	458.016
458.308	2	70.464
458.408	8	281.856
458.508	8	281.856
458.608	9	317.088
458.709	6	211.392
458.809	11	387.552
458.909	12	422.784
459.009	3	105.696
459.109	13	458.016
459.209	1	35.232
459.309	3	105.696
459.41	5	176.16
459.51	10	352.32
459.61	9	317.088
459.71	10	352.32
459.81	4	140.928
459.91	10	352.32
460.011	7	246.624
460.111	7	246.624
460.211	12	422.784
460.311	3	105.696
460.411	0	0
460.511	0	0
460.611	0	0
460.711	0	0
460.811	0	0
460.912	0	0
461.012	0	0
461.112	13	458.016
461.212	6	211.392
461.312	5	176.16
461.412	10	352.32
461.512	7	246.624
461.612	9	317.088
461.712	5	176.16
461.812	12	422.784
461.913	12	422.784
462.013	12	422.784
462.113	5	176.16
462.213	7	246.624
462.313	15	528.48
462.413	11	387.552
462.513	16	563.712
462.613	14	493.248
462.713	8	281.856
462.814	0	0
462.914	5	176.16
463.014	15	528.48
463.114	10	352.32
463.214	11	387.552
463.314	5	176.16
463.414	13	458.016
463.514	11	387.552
463.614	6	211.392
463.714	12	422.784
463.815	13	458.016
463.915	0	0
464.015	7	246.624
464.115	2	70.464
464.215	9	317.088
464.315	10	352.32
464.415	10	352.32
464.515	10	352.32
464.615	7	246.624
464.715	9	317.088
464.816	0	0
464.916	0	0
465.016	0	0
465.116	6	211.392
465.216	8	281.856
465.316	9	317.088
465.416	10	352.32
465.516	7	246.624
465.616	6	211.392
465.717	9	317.088
465.817	5	176.16
465.917	11	387.552
466.017	3	105.696
466.117	0	0
466.217	0	0
466.317	0	0
466.417	0	0
466.517	14	493.248
466.618	6	211.392
466.718	5	176.16
466.818	9	317.088
466.918	11	387.552
467.018	6	211.392
467.118	9	317.088
467.218	13	458.016
467.318	9	317.088
467.419	0	0
467.519	11	387.552
467.619	8	281.856
467.719	7	246.624
467.819	8	281.856
467.919	4	140.928
468.019	2	70.464
468.119	8	281.856
468.22	0	0
468.32	0	0
468.42	4	140.928
468.52	8	281.856
468.62	7	246.624
468.72	1	35.232
468.82	0	0
468.92	0	0
469.02	9	317.088
469.121	0	0
469.221	6	211.392
469.321	7	246.624
469.421	8	281.856
469.521	3	105.696
469.621	8	281.856
469.721	4	140.928
469.821	3	105.696
469.921	11	387.552
470.021	8	281.856
470.121	7	246.624
470.222	12	422.784
470.322	9	317.088
470.422	2	70.464
470.522	1	35.232
470.622	7	246.624
470.722	8	281.856
470.822	9	317.088
470.922	1	35.232
471.023	10	352.32
471.123	9	317.088
471.223	5	176.16
471.323	9	317.088
471.423	11	387.552
471.523	6	211.392
471.623	0	0
471.723	9	317.088
471.823	5	176.16
471.923	9	317.088
472.024	0	0
472.124	0	0
472.224	0	0
472.324	0	0
472.424	10	352.32
472.524	1	35.232
472.624	5	176.16
472.724	7	246.624
472.824	7	246.624
472.995	2	70.464
473.095	8	281.856
473.195	0	0
473.295	0	0
473.395	0	0
473.495	0	0
473.595	5	176.16
473.695	4	140.928
473.795	2	70.464
473.896	4	140.928
473.996	6	211.392
474.096	0	0
474.196	4	140.928
474.296	5	176.16
474.396	2	70.464
474.496	3	105.696
474.596	4	140.928
474.696	5	176.16
474.797	5	176.16
474.897	5	176.16
474.997	4	140.928
475.097	7	246.624
475.197	9	317.088
475.297	10	352.32
475.397	6	211.392
475.497	8	281.856
475.598	6	211.392
475.698	2	70.464
475.798	10	352.32
475.898	2	70.464
475.998	8	281.856
476.098	8	281.856
476.198	5	176.16
476.298	10	352.32
476.398	6	211.392
476.499	5	176.16
476.599	9	317.088
476.699	7	246.624
476.799	1	35.232
476.899	9	317.088
476.999	3	105.696
477.099	7	246.624
477.199	9	317.088
477.3	4	140.928
477.4	10	352.32
477.5	13	458.016
477.6	8	281.856
477.7	11	387.552
477.8	15	528.48
477.9	5	176.16
478	0	0
478.1	5	176.16
478.201	9	317.088
478.301	5	176.16
478.401	10	352.32
478.501	7	246.624
478.601	9	317.088
478.701	9	317.088
478.801	12	422.784
478.901	11	387.552
479.001	6	211.392
479.102	9	317.088
479.202	0	0
479.302	10	352.32
479.402	9	317.088
479.502	10	352.32
479.602	7	246.624
479.702	6	211.392
479.802	12	422.784
479.903	2	70.464
480.003	13	458.016
480.103	10	352.32
480.203	11	387.552
480.303	2	70.464
480.403	4	140.928
480.503	12	422.784
480.603	10	352.32
480.703	3	105.696
480.803	6	211.392
480.904	7	246.624
481.004	10	352.32
481.104	6	211.392
481.204	9	317.088
481.304	14	493.248
481.404	3	105.696
481.504	0	0
481.604	0	0
481.705	1	35.232
481.805	0	0
481.905	14	493.248
482.005	9	317.088
482.105	7	246.624
482.205	8	281.856
482.305	7	246.624
482.405	12	422.784
482.505	13	458.016
482.606	7	246.624
482.706	0	0
482.806	14	493.248
482.906	4	140.928
483.006	6	211.392
483.106	10	352.32
483.206	8	281.856
483.306	12	422.784
483.406	7	246.624
483.507	0	0
483.607	0	0
483.707	5	176.16
483.807	8	281.856
483.907	4	140.928
484.007	6	211.392
484.107	9	317.088
484.207	10	352.32
484.308	8	281.856
484.408	4	140.928
484.508	8	281.856
484.608	2	70.464
484.708	9	317.088
484.808	8	281.856
484.908	1	35.232
485.008	1	35.232
485.109	0	0
485.209	0	0
485.309	3	105.696
485.409	6	211.392
485.509	6	211.392
485.609	5	176.16
485.709	5	176.16
485.809	7	246.624
485.91	9	317.088
486.01	8	281.856
486.11	7	246.624
486.21	0	0
486.31	7	246.624
486.41	4	140.928
486.51	7	246.624
486.611	8	281.856
486.711	9	317.088
486.811	10	352.32
486.911	9	317.088
487.011	6	211.392
487.111	9	317.088
487.211	13	458.016
487.311	2	70.464
487.412	0	0
487.512	0	0
487.612	0	0
487.712	0	0
487.812	0	0
487.912	14	493.248
488.012	9	317.088
488.112	3	105.696
488.213	10	352.32
488.313	6	211.392
488.413	11	387.552
488.513	7	246.624
488.613	3	105.696
488.713	10	352.32
488.813	5	176.16
488.913	9	317.088
489.013	15	528.48
489.113	4	140.928
489.214	1	35.232
489.314	7	246.624
489.414	2	70.464
489.514	0	0
489.614	0	0
489.714	0	0
489.815	2	70.464
489.915	9	317.088
490.015	10	352.32
490.115	6	211.392
490.215	9	317.088
490.315	3	105.696
490.415	0	0
490.515	0	0
490.615	6	211.392
490.716	7	246.624
490.816	8	281.856
490.916	2	70.464
491.016	8	281.856
491.116	9	317.088
491.216	10	352.32
491.316	3	105.696
491.416	0	0
491.516	0	0
491.617	0	0
491.717	4	140.928
491.817	8	281.856
491.917	8	281.856
492.017	1	35.232
492.117	2	70.464
492.217	7	246.624
492.317	6	211.392
492.417	4	140.928
492.518	6	211.392
492.618	7	246.624
492.718	6	211.392
492.818	0	0
492.918	10	352.32
493.018	6	211.392
493.118	6	211.392
493.218	1	35.232
493.319	8	281.856
493.419	6	211.392
493.519	8	281.856
493.619	7	246.624
493.719	9	317.088
493.819	12	422.784
493.919	7	246.624
494.019	13	458.016
494.119	9	317.088
494.219	9	317.088
494.32	10	352.32
494.42	0	0
494.52	4	140.928
494.62	0	0
494.72	12	422.784
494.82	2	70.464
494.92	9	317.088
495.02	10	352.32
495.121	12	422.784
495.221	4	140.928
495.321	3	105.696
495.421	1	35.232
495.521	12	422.784
495.621	1	35.232
495.721	8	281.856
495.821	9	317.088
495.922	2	70.464
496.022	10	352.32
496.122	10	352.32
496.222	5	176.16
496.322	0	0
496.422	10	352.32
496.522	3	105.696
496.622	8	281.856
496.722	4	140.928
496.822	0	0
496.923	0	0
497.023	2	70.464
497.123	0	0
497.223	7	246.624
497.323	5	176.16
497.423	3	105.696
497.524	7	246.624
497.624	8	281.856
497.724	8	281.856
497.824	5	176.16
497.924	6	211.392
498.024	11	387.552
498.124	8	281.856
498.224	6	211.392
498.324	13	458.016
498.425	13	458.016
498.525	6	211.392
498.625	0	0
498.725	0	0
498.825	0	0
498.925	14	493.248
499.025	3	105.696
499.125	0	0
499.225	5	176.16
499.326	8	281.856
499.426	4	140.928
499.526	7	246.624
499.626	3	105.696
499.726	0	0
499.826	0	0
499.926	8	281.856
500.026	3	105.696
500.127	1	35.232
500.227	0	0
500.327	6	211.392
500.427	0	0
500.527	5	176.16
500.627	6	211.392
500.727	7	246.624
500.827	6	211.392
500.927	8	281.856
501.028	4	140.928
501.128	10	352.32
501.228	6	211.392
501.328	9	317.088
501.428	0	0
501.528	4	140.928
501.628	11	387.552
501.728	1	35.232
501.828	6	211.392
501.929	0	0
502.029	0	0
502.129	7	246.624
502.229	1	35.232
502.329	1	35.232
502.429	5	176.16
502.529	1	35.232
502.629	0	0
502.73	5	176.16
502.83	5	176.16
502.93	0	0
503.03	2	70.464
503.13	0	0
503.23	0	0
503.33	0	0
503.43	4	140.928
503.531	3	105.696
503.631	1	35.232
503.731	0	0
503.831	0	0
503.931	6	211.392
504.031	3	105.696
504.131	6	211.392
504.231	8	281.856
504.331	9	317.088
504.432	6	211.392
504.532	4	140.928
504.632	0	0
504.732	0	0
504.832	0	0
504.932	0	0
505.032	0	0
505.132	7	246.624
505.232	4	140.928
505.333	0	0
505.433	4	140.928
505.533	4	140.928
505.633	3	105.696
505.733	4	140.928
505.833	0	0
505.933	9	317.088
506.033	1	35.232
506.134	2	70.464
506.234	0	0
506.334	4	140.928
506.434	1	35.232
506.534	0	0
506.634	1	35.232
506.734	5	176.16
506.834	6	211.392
506.935	1	35.232
507.035	0	0
507.135	7	246.624
507.235	4	140.928
507.335	0	0
507.435	2	70.464
507.535	2	70.464
507.635	5	176.16
507.735	5	176.16
507.836	4	140.928
507.936	3	105.696
508.036	0	0
508.136	0	0
508.236	0	0
508.336	0	0
508.436	0	0
508.536	0	0
508.636	0	0
508.737	0	0
508.837	0	0
508.937	0	0
509.037	0	0
509.137	0	0
509.237	0	0
509.337	0	0
509.438	0	0
509.538	0	0
509.638	0	0
509.738	0	0
509.838	11	387.552
509.938	2	70.464
510.039	0	0
510.139	0	0
510.239	0	0
510.339	5	176.16
510.439	2	70.464
510.539	1	35.232
510.639	2	70.464
510.739	2	70.464
510.839	3	105.696
510.94	1	35.232
511.04	3	105.696
511.14	2	70.464
511.24	3	105.696
511.34	3	105.696
511.44	0	0
511.54	0	0
511.64	0	0
511.741	0	0
511.841	0	0
511.941	0	0
512.041	0	0
512.141	0	0
512.241	0	0
512.341	0	0
512.441	1	35.232
512.541	9	317.088
512.642	2	70.464
512.742	0	0
512.842	2	70.464
512.942	0	0
513.042	0	0
513.142	0	0
513.242	0	0
513.343	0	0
513.443	7	246.624
513.543	5	176.16
513.643	4	140.928
513.743	4	140.928
513.843	6	211.392
513.943	7	246.624
514.043	4	140.928
514.144	6	211.392
514.244	9	317.088
514.344	2	70.464
514.444	10	352.32
514.544	11	387.552
514.644	4	140.928
514.744	12	422.784
514.844	9	317.088
514.945	13	458.016
515.045	10	352.32
515.145	9	317.088
515.245	11	387.552
515.345	15	528.48
515.445	4	140.928
515.545	6	211.392
515.645	17	598.944
515.745	3	105.696
515.846	11	387.552
515.946	3	105.696
516.046	10	352.32
516.146	6	211.392
516.246	11	387.552
516.346	11	387.552
516.446	6	211.392
516.546	8	281.856
516.646	1	35.232
516.747	5	176.16
516.847	11	387.552
516.947	2	70.464
517.047	9	317.088
517.147	9	317.088
517.247	2	70.464
517.347	9	317.088
517.447	6	211.392
517.548	6	211.392
517.648	10	352.32
517.748	4	140.928
517.848	0	0
517.948	4	140.928
518.048	10	352.32
518.148	8	281.856
518.248	1	35.232
518.349	10	352.32
518.449	5	176.16
518.549	7	246.624
518.649	6	211.392
518.749	10	352.32
518.849	7	246.624
518.95	0	0
519.05	10	352.32
519.15	3	105.696
519.25	7	246.624
519.35	2	70.464
519.45	8	281.856
519.55	7	246.624
519.651	6	211.392
519.751	6	211.392
519.851	12	422.784
519.951	6	211.392
520.051	13	458.016
520.151	1	35.232
520.252	14	493.248
520.352	10	352.32
520.452	7	246.624
520.552	11	387.552
520.652	15	528.48
520.752	0	0
520.852	0	0
520.952	5	176.16
521.053	11	387.552
521.153	6	211.392
521.253	1	35.232
521.353	0	0
521.453	0	0
521.553	0	0
521.653	0	0
521.753	7	246.624
521.853	4	140.928
521.954	7	246.624
522.054	8	281.856
522.154	5	176.16
522.254	5	176.16
522.354	8	281.856
522.454	3	105.696
522.554	10	352.32
522.655	6	211.392
522.755	8	281.856
522.855	5	176.16
522.955	11	387.552
523.055	7	246.624
523.155	0	0
523.255	7	246.624
523.355	13	458.016
523.456	8	281.856
523.556	0	0
523.656	0	0
523.756	12	422.784
523.856	8	281.856
523.956	0	0
524.056	2	70.464
524.156	4	140.928
524.256	15	528.48
524.357	3	105.696
524.457	1	35.232
524.557	0	0
524.657	7	246.624
524.757	6	211.392
524.857	9	317.088
524.957	12	422.784
525.058	6	211.392
525.158	6	211.392
525.258	5	176.16
525.358	0	0
525.458	0	0
525.558	0	0
525.658	11	387.552
525.758	12	422.784
525.859	14	493.248
525.959	0	0
526.059	6	211.392
526.159	10	352.32
526.259	20	704.64
526.359	4	140.928
526.459	11	387.552
526.559	3	105.696
526.659	8	281.856
526.76	17	598.944
526.86	11	387.552
526.96	12	422.784
527.06	6	211.392
527.16	1	35.232
527.26	3	105.696
527.36	0	0
527.46	28	986.496
527.56	7	246.624
527.66	25	880.8
527.761	9	317.088
527.861	17	598.944
527.961	4	140.928
528.061	2	70.464
528.161	11	387.552
528.261	0	0
528.361	0	0
528.461	2	70.464
528.561	7	246.624
528.662	0	0
528.762	19	669.408
528.862	13	458.016
528.962	0	0
529.062	0	0
529.162	0	0
529.262	3	105.696
529.362	4	140.928
529.462	0	0
529.563	0	0
529.663	18	634.176
529.763	11	387.552
529.863	17	598.944
529.963	7	246.624
530.063	4	140.928
530.163	2	70.464
530.263	8	281.856
530.363	0	0
530.464	17	598.944
530.564	7	246.624
530.664	0	0
530.764	8	281.856
530.864	0	0
530.964	6	211.392
531.064	7	246.624
531.165	2	70.464
531.265	0	0
531.365	0	0
531.465	5	176.16
531.565	14	493.248
531.665	10	352.32
531.765	0	0
531.865	0	0
531.966	0	0
532.066	4	140.928
532.166	4	140.928
532.266	3	105.696
532.366	1	35.232
532.466	0	0
532.566	0	0
532.667	25	880.8
532.767	5	176.16
532.867	0	0
532.967	1	35.232
533.067	10	352.32
533.168	6	211.392
533.268	7	246.624
533.368	0	0
533.468	8	281.856
533.568	6	211.392
533.668	0	0
533.768	0	0
533.868	0	0
533.969	28	986.496
534.069	1	35.232
534.169	2	70.464
534.269	15	528.48
534.369	0	0
534.469	9	317.088
534.569	3	105.696
534.669	12	422.784
534.769	0	0
534.87	0	0
534.97	5	176.16
535.07	0	0
535.17	0	0
535.27	0	0
535.37	0	0
535.47	0	0
535.57	0	0
535.671	0	0
535.771	2	70.464
535.871	0	0
535.971	0	0
536.071	0	0
536.171	0	0
536.271	0	0
536.371	0	0
536.472	0	0
536.572	0	0
536.672	0	0
536.772	0	0
536.872	0	0
536.972	9	317.088
537.072	10	352.32
537.172	9	317.088
537.272	5	176.16
537.373	3	105.696
537.473	8	281.856
537.573	5	176.16
537.673	4	140.928
537.773	6	211.392
537.873	0	0
537.973	2	70.464
538.074	4	140.928
538.174	2	70.464
538.274	2	70.464
538.374	3	105.696
538.474	6	211.392
538.574	15	528.48
538.674	2	70.464
538.775	1	35.232
538.875	20	704.64
538.975	0	0
539.075	1	35.232
539.175	6	211.392
539.275	19	669.408
539.375	5	176.16
539.476	21	739.872
539.576	5	176.16
539.676	1	35.232
539.776	6	211.392
539.876	14	493.248
539.976	5	176.16
540.076	7	246.624
540.177	1	35.232
540.277	17	598.944
540.377	8	281.856
540.477	2	70.464
540.577	5	176.16
540.677	13	458.016
540.777	8	281.856
540.877	2	70.464
540.978	6	211.392
541.078	11	387.552
541.178	8	281.856
541.278	0	0
541.378	3	105.696
541.478	11	387.552
541.578	2	70.464
541.678	2	70.464
541.778	13	458.016
541.879	14	493.248
541.979	13	458.016
542.079	11	387.552
542.179	0	0
542.279	0	0
542.379	0	0
542.479	0	0
542.579	0	0
542.679	0	0
542.78	18	634.176
542.88	4	140.928
542.98	12	422.784
543.08	3	105.696
543.18	20	704.64
543.28	5	176.16
543.38	1	35.232
543.48	2	70.464
543.58	0	0
543.681	0	0
543.781	13	458.016
543.881	4	140.928
543.981	0	0
544.081	0	0
544.181	0	0
544.281	2	70.464
544.381	12	422.784
544.482	7	246.624
544.582	0	0
544.682	19	669.408
544.782	0	0
544.882	0	0
544.982	2	70.464
545.082	0	0
545.183	1	35.232
545.283	5	176.16
545.383	0	0
545.483	15	528.48
545.583	0	0
545.683	0	0
545.783	0	0
545.883	0	0
545.984	0	0
546.084	1	35.232
546.184	9	317.088
546.284	22	775.104
546.384	0	0
546.484	9	317.088
546.584	0	0
546.684	0	0
546.784	6	211.392
546.885	12	422.784
546.985	19	669.408
547.085	23	810.336
547.185	0	0
547.285	0	0
547.385	0	0
547.485	0	0
547.586	0	0
547.686	2	70.464
547.786	7	246.624
547.886	13	458.016
547.986	0	0
548.086	0	0
548.186	0	0
548.286	7	246.624
548.387	2	70.464
548.487	14	493.248
548.587	6	211.392
548.687	1	35.232
548.787	7	246.624
548.887	4	140.928
548.987	1	35.232
549.087	0	0
549.187	16	563.712
549.288	15	528.48
549.388	0	0
549.488	2	70.464
549.588	0	0
549.688	0	0
549.788	0	0
549.888	0	0
549.988	0	0
550.089	3	105.696
550.189	2	70.464
550.289	4	140.928
550.389	13	458.016
550.489	0	0
550.589	0	0
550.689	0	0
550.789	0	0
550.89	13	458.016
550.99	19	669.408
551.09	5	176.16
551.19	7	246.624
551.29	5	176.16
551.39	13	458.016
551.49	2	70.464
551.59	3	105.696
551.69	3	105.696
551.791	2	70.464
551.891	5	176.16
551.991	20	704.64
552.091	7	246.624
552.191	15	528.48
552.291	7	246.624
552.391	0	0
552.491	0	0
552.592	0	0
552.692	0	0
552.792	19	669.408
552.892	12	422.784
552.992	16	563.712
553.092	0	0
553.192	0	0
553.292	1	35.232
553.392	0	0
553.493	16	563.712
553.593	1	35.232
553.693	0	0
553.793	1	35.232
553.893	12	422.784
553.993	2	70.464
554.093	15	528.48
554.193	0	0
554.294	0	0
554.394	0	0
554.494	0	0
554.594	24	845.568
554.694	9	317.088
554.794	15	528.48
554.894	5	176.16
554.994	2	70.464
555.095	7	246.624
555.195	4	140.928
555.295	4	140.928
555.395	8	281.856
555.495	0	0
555.595	0	0
555.695	0	0
555.795	0	0
555.896	25	880.8
555.996	15	528.48
556.096	0	0
556.196	0	0
556.296	6	211.392
556.396	27	951.264
556.496	5	176.16
556.596	9	317.088
556.696	1	35.232
556.797	9	317.088
556.897	23	810.336
556.997	2	70.464
557.097	1	35.232
557.197	0	0
557.297	0	0
557.397	2	70.464
557.497	31	1092.19
557.598	3	105.696
557.698	1	35.232
557.798	0	0
557.898	0	0
557.998	13	458.016
558.098	17	598.944
558.198	1	35.232
558.298	7	246.624
558.399	1	35.232
558.499	0	0
558.599	0	0
558.699	15	528.48
558.799	22	775.104
558.899	0	0
558.999	0	0
559.099	0	0
559.199	0	0
559.3	0	0
559.4	0	0
559.5	5	176.16
559.6	11	387.552
559.7	13	458.016
559.8	4	140.928
559.9	0	0
560	0	0
560.101	0	0
560.201	0	0
560.301	0	0
560.401	1	35.232
560.501	36	1268.35
560.601	2	70.464
560.701	2	70.464
560.801	3	105.696
560.902	7	246.624
561.002	9	317.088
561.102	0	0
561.202	0	0
561.302	0	0
561.402	0	0
561.502	0	0
561.602	2	70.464
561.702	21	739.872
561.802	8	281.856
561.903	2	70.464
562.003	23	810.336
562.103	3	105.696
562.203	11	387.552
562.303	0	0
562.403	0	0
562.503	16	563.712
562.603	2	70.464
562.704	7	246.624
562.804	6	211.392
562.904	0	0
563.004	0	0
563.104	0	0
563.204	23	810.336
563.304	10	352.32
563.405	1	35.232
563.505	8	281.856
563.605	0	0
563.705	16	563.712
563.805	0	0
563.905	2	70.464
564.006	19	669.408
564.106	14	493.248
564.206	0	0
564.306	22	775.104
564.406	11	387.552
564.506	7	246.624
564.606	0	0
564.706	8	281.856
564.807	8	281.856
564.907	0	0
565.007	0	0
565.107	9	317.088
565.207	17	598.944
565.307	6	211.392
565.407	0	0
565.507	21	739.872
565.607	0	0
565.708	6	211.392
565.808	0	0
565.908	13	458.016
566.008	17	598.944
566.108	1	35.232
566.208	0	0
566.308	0	0
566.408	0	0
566.508	0	0
566.609	0	0
566.709	0	0
566.809	0	0
566.909	6	211.392
567.009	17	598.944
567.109	12	422.784
567.209	6	211.392
567.31	1	35.232
567.41	15	528.48
567.51	7	246.624
567.61	6	211.392
567.71	8	281.856
567.81	9	317.088
567.91	15	528.48
568.01	11	387.552
568.11	2	70.464
568.211	3	105.696
568.311	3	105.696
568.411	23	810.336
568.511	0	0
568.611	15	528.48
568.711	13	458.016
568.811	4	140.928
568.911	0	0
569.011	12	422.784
569.111	17	598.944
569.212	24	845.568
569.312	16	563.712
569.412	12	422.784
569.512	3	105.696
569.612	0	0
569.712	0	0
569.812	10	352.32
569.912	0	0
570.013	0	0
570.113	0	0
570.213	0	0
570.313	9	317.088
570.413	20	704.64
570.513	12	422.784
570.613	12	422.784
570.713	12	422.784
570.813	9	317.088
570.913	0	0
571.014	1	35.232
571.114	7	246.624
571.214	18	634.176
571.314	2	70.464
571.414	17	598.944
571.514	0	0
571.614	2	70.464
571.714	7	246.624
571.815	0	0
571.915	0	0
572.015	3	105.696
572.115	13	458.016
572.215	8	281.856
572.315	0	0
572.415	2	70.464
572.515	0	0
572.616	0	0
572.716	0	0
572.816	0	0
572.916	0	0
573.016	0	0
573.116	7	246.624
573.216	0	0
573.317	2	70.464
573.417	0	0
573.517	2	70.464
573.617	0	0
573.717	0	0
573.817	0	0
573.917	0	0
574.018	0	0
574.118	1	35.232
574.218	5	176.16
574.318	0	0
574.418	0	0
574.518	0	0
574.618	5	176.16
574.718	5	176.16
574.819	10	352.32
574.919	13	458.016
575.019	4	140.928
575.119	11	387.552
575.219	6	211.392
575.319	16	563.712
575.419	2	70.464
575.52	0	0
575.62	0	0
575.72	7	246.624
575.82	3	105.696
575.92	6	211.392
576.02	0	0
576.12	0	0
576.22	3	105.696
576.32	2	70.464
576.421	16	563.712
576.521	3	105.696
576.621	2	70.464
576.721	0	0
576.821	0	0
576.921	0	0
577.021	1	35.232
577.121	11	387.552
577.221	14	493.248
577.322	6	211.392
577.422	0	0
577.522	0	0
577.622	0	0
577.722	1	35.232
577.822	0	0
577.922	0	0
578.023	1	35.232
578.123	17	598.944
578.223	8	281.856
578.323	12	422.784
578.423	8	281.856
578.523	0	0
578.623	10	352.32
578.723	14	493.248
578.823	0	0
578.924	3	105.696
579.024	12	422.784
579.124	0	0
579.224	0	0
579.324	0	0
579.424	2	70.464
579.524	0	0
579.624	16	563.712
579.725	0	0
579.825	2	70.464
579.925	6	211.392
580.025	0	0
580.125	2	70.464
580.225	13	458.016
580.325	1	35.232
580.426	21	739.872
580.526	13	458.016
580.626	13	458.016
580.726	0	0
580.826	0	0
580.926	0	0
581.026	3	105.696
581.126	26	916.032
581.227	10	352.32
581.327	6	211.392
581.427	0	0
581.527	2	70.464
581.627	19	669.408
581.727	0	0
581.827	3	105.696
581.927	10	352.32
582.027	20	704.64
582.128	0	0
582.228	0	0
582.328	8	281.856
582.428	17	598.944
582.528	0	0
582.628	0	0
582.728	1	35.232
582.828	16	563.712
582.929	3	105.696
583.029	2	70.464
583.129	22	775.104
583.229	17	598.944
583.329	0	0
583.429	0	0
583.529	0	0
583.629	0	0
583.729	1	35.232
583.83	0	0
583.93	9	317.088
584.03	21	739.872
584.13	1	35.232
584.23	3	105.696
584.33	0	0
584.43	0	0
584.53	0	0
584.631	0	0
584.731	4	140.928
584.831	2	70.464
584.931	4	140.928
585.031	0	0
585.131	3	105.696
585.231	19	669.408
585.331	10	352.32
585.431	2	70.464
585.532	8	281.856
585.632	1	35.232
585.732	10	352.32
585.832	13	458.016
585.932	0	0
586.032	0	0
586.132	12	422.784
586.232	0	0
586.332	3	105.696
586.433	21	739.872
586.533	4	140.928
586.633	8	281.856
