time	pps	kbps
0.100108	0	0
0.200227	1	35.232
0.300345	0	0
0.40046	0	0
0.500576	1	35.232
0.600695	1	35.232
0.700774	0	0
0.800891	0	0
0.901006	0	0
1.00112	0	0
1.10122	0	0
1.20134	1	35.232
1.30146	1	35.232
1.40156	2	70.464
1.50167	0	0
1.60179	0	0
1.70191	0	0
1.80203	0	0
1.90213	0	0
2.00224	0	0
2.10236	0	0
2.20248	0	0
2.30253	1	35.232
2.40266	0	0
2.50277	2	70.464
2.60289	0	0
2.70301	0	0
2.80313	0	0
2.90324	0	0
3.00336	0	0
3.10347	0	0
3.20356	0	0
3.30367	0	0
3.40379	1	35.232
3.50389	1	35.232
3.60401	2	70.464
3.70413	0	0
3.80424	0	0
3.90436	0	0
4.00447	0	0
4.10458	0	0
4.2047	0	0
4.30481	0	0
4.40492	1	35.232
4.50501	2	70.464
4.60512	2	70.464
4.70524	0	0
4.80534	0	0
4.90546	0	0
5.00558	0	0
5.10569	0	0
5.20581	0	0
5.30593	0	0
5.40604	0	0
5.50616	0	0
5.60627	0	0
5.70637	0	0
5.80649	0	0
5.9066	2	70.464
6.00672	1	35.232
6.10682	2	70.464
6.20694	1	35.232
6.30706	0	0
6.40718	0	0
6.5073	0	0
6.60741	0	0
6.70753	0	0
6.80763	0	0
6.90772	0	0
7.00782	0	0
7.10793	0	0
7.20805	1	35.232
7.30816	2	70.464
7.40822	1	35.232
7.50834	1	35.232
7.60846	1	35.232
7.70858	0	0
7.80869	1	35.232
7.90881	0	0
8.00892	0	0
8.10906	0	0
8.20916	0	0
8.30929	0	0
8.40941	0	0
8.50953	0	0
8.60963	0	0
8.70975	0	0
8.80988	0	0
8.90999	0	0
9.01011	0	0
9.11023	0	0
9.21034	0	0
9.31045	0	0
9.41053	0	0
9.51065	0	0
9.61077	0	0
9.71086	0	0
9.81098	0	0
9.91108	0	0
10.0112	0	0
10.1113	2	70.464
10.2114	0	0
10.3115	2	70.464
10.4116	1	35.232
10.5117	1	35.232
10.6118	2	70.464
10.712	0	0
10.8121	0	0
10.9122	0	0
11.0123	0	0
11.1124	0	0
11.2125	0	0
11.3126	0	0
11.4127	0	0
11.5128	0	0
11.6129	0	0
11.7131	0	0
11.8132	0	0
11.9133	0	0
12.0134	0	0
12.1136	0	0
12.2137	0	0
12.3138	0	0
12.4139	0	0
12.514	0	0
12.6141	0	0
12.7142	0	0
12.8143	0	0
12.9144	0	0
13.0145	0	0
13.1146	0	0
13.2147	0	0
13.3149	0	0
13.415	0	0
13.5151	0	0
13.6152	0	0
13.7153	0	0
13.8154	0	0
13.9155	0	0
14.0156	0	0
14.1157	0	0
14.2158	0	0
14.316	0	0
14.4161	0	0
14.5162	0	0
14.6163	0	0
14.7164	0	0
14.8165	2	70.464
14.9166	1	35.232
15.0167	1	35.232
15.1168	0	0
15.2169	1	35.232
15.317	0	0
15.4171	0	0
15.5172	0	0
15.6174	0	0
15.7175	0	0
15.8176	0	0
15.9177	0	0
16.0178	0	0
16.1179	0	0
16.218	0	0
16.3181	0	0
16.4183	0	0
16.5184	0	0
16.6185	0	0
16.7186	0	0
16.8187	0	0
16.9188	0	0
17.0189	0	0
17.1191	0	0
17.2192	0	0
17.3193	0	0
17.4194	0	0
17.5195	0	0
17.6196	0	0
17.7197	0	0
17.8198	0	0
17.92	0	0
18.0201	0	0
18.1202	0	0
18.2203	0	0
18.3205	0	0
18.4206	0	0
18.5207	0	0
18.6208	0	0
18.7209	0	0
18.821	0	0
18.9211	0	0
19.0213	0	0
19.1214	0	0
19.2215	0	0
19.3217	0	0
19.4218	0	0
19.5219	0	0
19.622	0	0
19.7221	0	0
19.8223	0	0
19.9224	0	0
20.0224	0	0
20.1225	0	0
20.2227	0	0
20.3228	0	0
20.4229	0	0
20.523	0	0
20.6231	2	70.464
20.7233	0	0
20.8234	0	0
20.9235	2	70.464
21.0236	0	0
21.1237	0	0
21.2238	0	0
21.3239	0	0
21.4241	0	0
21.5242	0	0
21.6243	0	0
21.7244	0	0
21.8245	0	0
21.9247	0	0
22.0248	0	0
22.1249	0	0
22.225	0	0
22.3251	0	0
22.4252	0	0
22.5253	0	0
22.6254	0	0
22.7255	0	0
22.8256	0	0
22.9258	0	0
23.0259	0	0
23.126	0	0
23.2261	1	35.232
23.3262	0	0
23.4264	0	0
23.5265	0	0
23.6266	0	0
23.7267	0	0
23.8268	0	0
23.9269	0	0
24.027	0	0
24.1271	0	0
24.2273	0	0
24.3274	0	0
24.4275	0	0
24.5276	0	0
24.6277	1	35.232
24.7278	0	0
24.828	2	70.464
24.9281	0	0
25.0282	0	0
25.1283	0	0
25.2284	0	0
25.3285	0	0
25.4286	0	0
25.5288	0	0
25.6289	0	0
25.729	0	0
25.8291	0	0
25.9292	0	0
26.0293	0	0
26.1295	0	0
26.2295	0	0
26.3297	2	70.464
26.4298	0	0
26.5299	0	0
26.63	0	0
26.7301	0	0
26.8303	0	0
26.9304	0	0
27.0305	0	0
27.1306	0	0
27.2307	0	0
27.3308	1	35.232
27.4309	2	70.464
27.531	0	0
27.6311	0	0
27.7312	0	0
27.8314	0	0
27.9315	0	0
28.0316	0	0
28.1317	0	0
28.2318	0	0
28.332	0	0
28.432	0	0
28.5321	0	0
28.6323	0	0
28.7324	0	0
28.8325	0	0
28.9326	0	0
29.0328	2	70.464
29.1329	1	35.232
29.233	0	0
29.3331	0	0
29.4332	0	0
29.5334	0	0
29.6335	0	0
29.7336	0	0
29.8337	1	35.232
29.9338	1	35.232
30.0339	1	35.232
30.134	0	0
30.2341	0	0
30.3343	0	0
30.4344	0	0
30.5345	0	0
30.6346	0	0
30.7347	0	0
30.8349	0	0
30.935	0	0
31.035	0	0
31.1352	0	0
31.2353	0	0
31.3354	0	0
31.4355	1	35.232
31.5356	1	35.232
31.6358	2	70.464
31.7359	0	0
31.836	0	0
31.9361	0	0
32.0362	0	0
32.1363	0	0
32.2364	0	0
32.3365	0	0
32.4366	0	0
32.5367	0	0
32.6368	0	0
32.7369	0	0
32.837	0	0
32.9372	0	0
33.0373	0	0
33.1374	0	0
33.2375	0	0
33.3377	0	0
33.4377	1	35.232
33.5378	0	0
33.638	0	0
33.7381	2	70.464
33.8382	0	0
33.9383	0	0
34.0384	0	0
34.1386	0	0
34.2387	0	0
34.3388	0	0
34.4389	0	0
34.539	0	0
34.6391	0	0
34.7393	0	0
34.8394	0	0
34.9395	0	0
35.0396	0	0
35.1397	1	35.232
35.2399	1	35.232
35.34	2	70.464
35.4401	0	0
35.5402	0	0
35.6403	0	0
35.7404	0	0
35.8405	0	0
35.9406	0	0
36.0407	0	0
36.1409	0	0
36.241	0	0
36.3411	2	70.464
36.4412	2	70.464
36.5413	0	0
36.6415	0	0
36.7416	0	0
36.8417	2	70.464
36.9418	2	70.464
37.0418	0	0
37.142	0	0
37.2421	0	0
37.3422	0	0
37.4423	0	0
37.5424	0	0
37.6426	0	0
37.7427	0	0
37.8428	0	0
37.9429	0	0
38.043	2	70.464
38.1432	1	35.232
38.2433	2	70.464
38.3434	0	0
38.4435	0	0
38.5436	0	0
38.6437	0	0
38.7438	0	0
38.844	3	105.696
38.9441	1	35.232
39.0442	0	0
39.1443	0	0
39.2444	0	0
39.3445	0	0
39.4446	0	0
39.5447	0	0
39.6448	0	0
39.7449	0	0
39.845	0	0
39.9451	0	0
40.0453	1	35.232
40.1454	2	70.464
40.2456	3	105.696
40.3457	0	0
40.4458	0	0
40.5459	0	0
40.646	0	0
40.7461	2	70.464
40.8462	1	35.232
40.9463	1	35.232
41.0464	0	0
41.1465	0	0
41.2466	0	0
41.3467	0	0
41.4469	0	0
41.547	0	0
41.6471	0	0
41.7472	0	0
41.8473	0	0
41.9475	0	0
42.0476	3	105.696
42.1476	4	140.928
42.2477	0	0
42.3479	0	0
42.448	0	0
42.5481	1	35.232
42.6482	1	35.232
42.7483	2	70.464
42.8485	0	0
42.9486	0	0
43.0487	0	0
43.1488	0	0
43.2489	0	0
43.3491	0	0
43.4491	0	0
43.5492	0	0
43.6493	0	0
43.7494	0	0
43.8495	0	0
43.9497	3	105.696
44.0498	2	70.464
44.1499	3	105.696
44.25	0	0
44.3501	0	0
44.4503	0	0
44.5504	0	0
44.6504	0	0
44.7506	2	70.464
44.8507	2	70.464
44.9508	0	0
45.0509	0	0
45.151	0	0
45.2511	0	0
45.3512	0	0
45.4513	0	0
45.5514	0	0
45.6516	0	0
45.7516	0	0
45.8517	0	0
45.9518	0	0
46.0519	0	0
46.152	0	0
46.2521	1	35.232
46.3522	3	105.696
46.4523	2	70.464
46.5525	2	70.464
46.6526	1	35.232
46.7527	0	0
46.8528	0	0
46.9529	0	0
47.053	0	0
47.1531	0	0
47.2532	0	0
47.3534	0	0
47.4535	0	0
47.5536	0	0
47.6537	0	0
47.7538	2	70.464
47.8539	0	0
47.9541	2	70.464
48.0542	0	0
48.1543	0	0
48.2544	0	0
48.3545	0	0
48.4546	0	0
48.5547	0	0
48.6548	0	0
48.7549	0	0
48.855	0	0
48.9552	0	0
49.0553	0	0
49.1554	0	0
49.2555	0	0
49.3556	0	0
49.4557	0	0
49.5558	0	0
49.6559	0	0
49.756	0	0
49.8561	0	0
49.9562	0	0
50.0563	0	0
50.1564	0	0
50.2565	0	0
50.3566	0	0
50.4568	0	0
50.5569	0	0
50.657	0	0
50.7571	0	0
50.8572	1	35.232
50.9573	3	105.696
51.0574	3	105.696
51.1575	2	70.464
51.2577	1	35.232
51.3578	0	0
51.4579	0	0
51.558	0	0
51.6581	0	0
51.7582	0	0
51.8583	0	0
51.9584	0	0
52.0585	0	0
52.1586	0	0
52.2588	0	0
52.3589	0	0
52.459	2	70.464
52.5591	2	70.464
52.6592	0	0
52.7593	0	0
52.8594	0	0
52.9595	0	0
53.0596	0	0
53.1597	0	0
53.2598	0	0
53.3599	0	0
53.46	0	0
53.5601	0	0
53.6602	0	0
53.7603	0	0
53.8604	0	0
53.9606	0	0
54.0607	0	0
54.1608	0	0
54.2609	0	0
54.361	0	0
54.4611	0	0
54.5613	0	0
54.6614	0	0
54.7615	0	0
54.8616	0	0
54.9617	0	0
55.0619	2	70.464
55.162	1	35.232
55.2621	0	0
55.3622	0	0
55.4623	0	0
55.5624	0	0
55.6625	0	0
55.7626	0	0
55.8627	0	0
55.9628	0	0
56.0629	0	0
56.163	0	0
56.2632	0	0
56.3633	0	0
56.4634	2	70.464
56.5635	2	70.464
56.6636	0	0
56.7637	0	0
56.8639	0	0
56.964	0	0
57.0641	0	0
57.1642	0	0
57.2643	0	0
57.3644	0	0
57.4646	0	0
57.5647	0	0
57.6648	2	70.464
57.7649	2	70.464
57.865	0	0
57.9651	0	0
58.0652	0	0
58.1653	0	0
58.2654	0	0
58.3655	0	0
58.4656	0	0
58.5657	0	0
58.6658	0	0
58.7659	0	0
58.8661	0	0
58.9662	0	0
59.0663	0	0
59.1664	0	0
59.2665	0	0
59.3666	0	0
59.4668	0	0
59.5669	0	0
59.667	2	70.464
59.7671	0	0
59.8672	3	105.696
59.9673	0	0
60.0674	0	0
60.1675	0	0
60.2676	0	0
60.3677	0	0
60.4679	0	0
60.5679	0	0
60.668	0	0
60.7681	0	0
60.8683	0	0
60.9684	0	0
61.0684	0	0
61.1686	0	0
61.2687	5	176.16
61.3688	0	0
61.4689	0	0
61.569	0	0
61.6691	0	0
61.7693	0	0
61.8694	0	0
61.9695	0	0
62.0696	0	0
62.1698	0	0
62.2699	0	0
62.37	0	0
62.4701	0	0
62.5702	0	0
62.6703	0	0
62.7704	0	0
62.8705	0	0
62.9707	1	35.232
63.0708	0	0
63.1709	0	0
63.271	0	0
63.3711	0	0
63.4713	0	0
63.5714	0	0
63.6715	0	0
63.7716	0	0
63.8717	0	0
63.9718	0	0
64.0719	0	0
64.172	0	0
64.2722	0	0
64.3723	0	0
64.4725	0	0
64.5726	0	0
64.6727	0	0
64.7728	0	0
64.8729	0	0
64.973	1	35.232
65.0731	3	105.696
65.1732	2	70.464
65.2733	0	0
65.3734	0	0
65.4735	0	0
65.5737	0	0
65.6738	0	0
65.7739	0	0
65.874	0	0
65.9741	0	0
66.0742	0	0
66.1743	0	0
66.2744	0	0
66.3745	0	0
66.4746	0	0
66.5747	0	0
66.6748	0	0
66.775	0	0
66.8751	0	0
66.9752	0	0
67.0753	0	0
67.1754	0	0
67.2755	0	0
67.3756	0	0
67.4757	0	0
67.5758	0	0
67.6759	0	0
67.776	0	0
67.8761	0	0
67.9762	0	0
68.0763	0	0
68.1765	0	0
68.2766	0	0
68.3767	0	0
68.4768	0	0
68.5769	0	0
68.677	0	0
68.7771	0	0
68.8771	0	0
68.9772	0	0
69.0774	0	0
69.1775	0	0
69.2776	0	0
69.3777	0	0
69.4778	0	0
69.5779	0	0
69.6781	0	0
69.7782	0	0
69.8783	0	0
69.9784	0	0
70.0785	0	0
70.1786	0	0
70.2787	0	0
70.3788	0	0
70.4789	2	70.464
70.5791	4	140.928
70.6792	0	0
70.7793	0	0
70.8794	0	0
70.9795	0	0
71.0796	0	0
71.1797	0	0
71.2798	0	0
71.3798	0	0
71.4799	0	0
71.58	0	0
71.6801	0	0
71.7803	0	0
71.8804	0	0
71.9805	0	0
72.0806	0	0
72.1807	0	0
72.2808	0	0
72.3809	0	0
72.481	0	0
72.5812	0	0
72.6813	0	0
72.7814	0	0
72.8815	0	0
72.9816	0	0
73.0817	1	35.232
73.1818	1	35.232
73.2819	0	0
73.382	0	0
73.4821	0	0
73.5822	0	0
73.6823	0	0
73.7824	0	0
73.8825	0	0
73.9826	0	0
74.0828	0	0
74.1829	0	0
74.283	0	0
74.3831	0	0
74.4832	0	0
74.5833	0	0
74.6834	0	0
74.7835	0	0
74.8836	0	0
74.9837	0	0
75.0838	0	0
75.1839	0	0
75.284	0	0
75.3841	0	0
75.4841	0	0
75.5842	0	0
75.6843	0	0
75.7844	0	0
75.8845	0	0
75.9846	0	0
76.0847	0	0
76.1848	2	70.464
76.285	0	0
76.3851	0	0
76.4852	0	0
76.5853	0	0
76.6854	0	0
76.7855	0	0
76.8856	0	0
76.9858	2	70.464
77.0859	2	70.464
77.186	0	0
77.2861	0	0
77.3862	0	0
77.4863	0	0
77.5864	0	0
77.6865	0	0
77.7866	0	0
77.8867	0	0
77.9868	0	0
78.0869	0	0
78.187	0	0
78.2871	0	0
78.3872	0	0
78.4874	0	0
78.5875	0	0
78.6876	0	0
78.7877	0	0
78.8878	0	0
78.9879	0	0
79.088	0	0
79.1881	0	0
79.2883	2	70.464
79.3884	0	0
79.4885	0	0
79.5886	0	0
79.6887	0	0
79.7888	0	0
79.8889	0	0
79.9891	0	0
80.0892	0	0
80.1893	0	0
80.2895	5	176.16
80.3896	0	0
80.4896	0	0
80.5897	0	0
80.6898	0	0
80.79	0	0
80.8901	0	0
80.9901	0	0
81.0903	0	0
81.1904	0	0
81.2905	0	0
81.3906	0	0
81.4907	0	0
81.5909	0	0
81.691	0	0
81.791	0	0
81.8911	0	0
81.9913	0	0
82.0914	2	70.464
82.1915	0	0
82.2916	0	0
82.3917	0	0
82.4918	0	0
82.592	0	0
82.6921	0	0
82.7922	0	0
82.8923	0	0
82.9924	0	0
83.0925	5	176.16
83.1926	1	35.232
83.2927	0	0
83.3928	0	0
83.4929	0	0
83.593	0	0
83.6931	0	0
83.7932	0	0
83.8933	0	0
83.9934	0	0
84.0936	0	0
84.1937	0	0
84.2938	0	0
84.3938	0	0
84.4939	0	0
84.594	0	0
84.6942	0	0
84.7943	0	0
84.8943	0	0
84.9944	0	0
85.0945	0	0
85.1947	0	0
85.2948	0	0
85.3949	0	0
85.495	0	0
85.5951	2	70.464
85.6951	0	0
85.7953	0	0
85.8954	0	0
85.9955	0	0
86.0956	0	0
86.1957	0	0
86.2958	0	0
86.3959	0	0
86.496	0	0
86.5962	0	0
86.6963	0	0
86.7964	0	0
86.8965	0	0
86.9966	0	0
87.0967	0	0
87.1968	2	70.464
87.2969	5	176.16
87.397	0	0
87.4971	0	0
87.5972	0	0
87.6974	0	0
87.7975	0	0
87.8976	0	0
87.9977	0	0
88.0978	0	0
88.1979	0	0
88.298	0	0
88.3981	0	0
88.4982	0	0
88.5983	0	0
88.6984	0	0
88.7986	0	0
88.8987	0	0
88.9988	0	0
89.0989	0	0
89.199	0	0
89.2991	0	0
89.3992	0	0
89.4994	0	0
89.5995	0	0
89.6995	0	0
89.7996	0	0
89.8997	0	0
89.9999	0	0
90.1	1	35.232
90.2001	0	0
90.3002	0	0
90.4003	0	0
90.5004	0	0
90.6005	0	0
90.7006	4	140.928
90.8007	0	0
90.9008	0	0
91.0009	0	0
91.101	1	35.232
91.2011	0	0
91.3012	1	35.232
91.4013	0	0
91.5015	0	0
91.6016	5	176.16
91.7017	0	0
91.8018	2	70.464
91.9019	4	140.928
92.002	2	70.464
92.1021	9	317.088
92.2023	0	0
92.3024	10	352.32
92.4024	5	176.16
92.5026	6	211.392
92.6026	2	70.464
92.7027	12	422.784
92.8028	8	281.856
92.9029	3	105.696
93.003	12	422.784
93.1031	7	246.624
93.2032	13	458.016
93.3034	16	563.712
93.4035	18	634.176
93.5036	30	1056.96
93.6037	17	598.944
93.7038	4	140.928
93.8039	21	739.872
93.904	8	281.856
94.0041	22	775.104
94.1042	24	845.568
94.2043	32	1127.42
94.3044	14	493.248
94.4045	16	563.712
94.5046	13	458.016
94.6047	16	563.712
94.7048	19	669.408
94.8049	7	246.624
94.905	22	775.104
95.0051	19	669.408
95.1052	15	528.48
95.2053	40	1409.28
95.3054	22	775.104
95.4055	2	70.464
95.5056	20	704.64
95.6058	10	352.32
95.7059	24	845.568
95.806	5	176.16
95.9061	50	1761.6
96.0062	14	493.248
96.1063	6	211.392
96.2063	20	704.64
96.3064	17	598.944
96.4066	23	810.336
96.5068	11	387.552
96.6069	33	1162.66
96.707	18	634.176
96.8071	2	70.464
96.9072	16	563.712
97.0073	20	704.64
97.1074	12	422.784
97.2075	12	422.784
97.3076	39	1374.05
97.4078	19	669.408
97.5079	28	986.496
97.608	5	176.16
97.7081	13	458.016
97.8082	24	845.568
97.9083	18	634.176
98.0085	16	563.712
98.1086	25	880.8
98.2087	18	634.176
98.3088	25	880.8
98.4089	17	598.944
98.509	7	246.624
98.6091	0	0
98.7092	10	352.32
98.8093	19	669.408
98.9095	12	422.784
99.0096	1	35.232
99.1097	6	211.392
99.2098	9	317.088
99.31	21	739.872
99.4101	27	951.264
99.5103	24	845.568
99.6103	13	458.016
99.7104	11	387.552
99.8105	13	458.016
99.9106	9	317.088
100.011	11	387.552
100.111	6	211.392
100.211	13	458.016
100.311	9	317.088
100.411	16	563.712
100.512	1	35.232
100.612	31	1092.19
100.712	8	281.856
100.812	20	704.64
100.912	16	563.712
101.012	6	211.392
101.112	0	0
101.212	22	775.104
101.312	33	1162.66
101.412	0	0
101.513	0	0
101.613	23	810.336
101.713	18	634.176
101.813	7	246.624
101.913	15	528.48
102.013	5	176.16
102.113	0	0
102.213	2	70.464
102.313	0	0
102.414	0	0
102.514	1	35.232
102.614	0	0
102.714	10	352.32
102.814	3	105.696
102.914	16	563.712
103.014	17	598.944
103.114	10	352.32
103.214	12	422.784
103.315	0	0
103.415	17	598.944
103.515	5	176.16
103.615	30	1056.96
103.715	3	105.696
103.815	1	35.232
103.915	14	493.248
104.015	20	704.64
104.115	5	176.16
104.215	9	317.088
104.316	11	387.552
104.416	0	0
104.516	9	317.088
104.616	15	528.48
104.716	10	352.32
104.816	11	387.552
104.916	0	0
105.016	0	0
105.116	0	0
105.217	0	0
105.317	0	0
105.417	2	70.464
105.517	6	211.392
105.617	6	211.392
105.717	7	246.624
105.817	15	528.48
105.917	7	246.624
106.017	6	211.392
106.118	6	211.392
106.218	13	458.016
106.318	12	422.784
106.418	12	422.784
106.518	10	352.32
106.618	25	880.8
106.718	1	35.232
106.818	9	317.088
106.918	0	0
107.018	0	0
107.118	0	0
107.218	0	0
107.319	0	0
107.419	0	0
107.519	0	0
107.619	2	70.464
107.719	11	387.552
107.819	21	739.872
107.919	11	387.552
108.019	4	140.928
108.119	10	352.32
108.22	17	598.944
108.32	13	458.016
108.42	10	352.32
108.52	0	0
108.62	0	0
108.72	0	0
108.82	0	0
108.92	0	0
109.02	0	0
109.12	0	0
109.221	0	0
109.321	0	0
109.421	2	70.464
109.521	7	246.624
109.621	16	563.712
109.721	16	563.712
109.821	17	598.944
109.921	7	246.624
110.022	7	246.624
110.122	14	493.248
110.222	8	281.856
110.322	5	176.16
110.422	3	105.696
110.522	0	0
110.622	0	0
110.722	2	70.464
110.822	0	0
110.922	0	0
111.023	1	35.232
111.123	11	387.552
111.223	15	528.48
111.323	12	422.784
111.423	7	246.624
111.524	20	704.64
111.624	12	422.784
111.724	8	281.856
111.824	6	211.392
111.924	0	0
112.024	2	70.464
112.124	1	35.232
112.224	1	35.232
112.324	15	528.48
112.425	13	458.016
112.525	18	634.176
112.625	1	35.232
112.725	0	0
112.825	0	0
112.925	8	281.856
113.025	20	704.64
113.125	2	70.464
113.225	3	105.696
113.325	0	0
113.425	0	0
113.526	0	0
113.626	0	0
113.726	2	70.464
113.826	23	810.336
113.926	18	634.176
114.026	0	0
114.126	0	0
114.226	0	0
114.326	5	176.16
114.426	12	422.784
114.527	21	739.872
114.627	28	986.496
114.727	0	0
114.827	0	0
114.927	0	0
115.027	3	105.696
115.127	13	458.016
115.227	10	352.32
115.327	0	0
115.427	0	0
115.528	0	0
115.628	0	0
115.728	3	105.696
115.828	10	352.32
115.928	0	0
116.028	0	0
116.128	0	0
116.228	2	70.464
116.328	6	211.392
116.429	7	246.624
116.529	0	0
116.629	0	0
116.729	0	0
116.829	0	0
116.929	1	35.232
117.029	2	70.464
117.129	2	70.464
117.23	17	598.944
117.33	2	70.464
117.43	0	0
117.53	6	211.392
117.63	0	0
117.73	9	317.088
117.83	17	598.944
117.93	0	0
118.03	0	0
118.131	0	0
118.231	6	211.392
118.331	0	0
118.431	8	281.856
118.531	0	0
118.631	4	140.928
118.731	0	0
118.831	0	0
118.931	0	0
119.032	2	70.464
119.132	11	387.552
119.232	21	739.872
119.332	4	140.928
119.432	2	70.464
119.532	0	0
119.632	0	0
119.732	5	176.16
119.832	0	0
119.932	15	528.48
120.033	0	0
120.133	11	387.552
120.233	11	387.552
120.333	0	0
120.433	0	0
120.533	0	0
120.633	0	0
120.733	2	70.464
120.833	19	669.408
120.934	5	176.16
121.034	0	0
121.134	0	0
121.234	0	0
121.334	10	352.32
121.434	10	352.32
121.534	0	0
121.634	0	0
121.734	4	140.928
121.835	10	352.32
121.935	7	246.624
122.035	4	140.928
122.135	0	0
122.235	0	0
122.335	3	105.696
122.435	0	0
122.535	0	0
122.635	2	70.464
122.735	11	387.552
122.836	6	211.392
122.936	0	0
123.036	4	140.928
123.136	8	281.856
123.236	0	0
123.336	7	246.624
123.436	3	105.696
123.536	0	0
123.636	0	0
123.736	0	0
123.837	0	0
123.937	0	0
124.037	0	0
124.137	0	0
124.237	0	0
124.337	0	0
124.437	5	176.16
124.537	0	0
124.637	0	0
124.737	0	0
124.838	0	0
124.938	5	176.16
125.038	18	634.176
125.138	4	140.928
125.238	0	0
125.338	0	0
125.438	0	0
125.538	8	281.856
125.638	0	0
125.739	8	281.856
125.839	0	0
125.939	0	0
126.039	0	0
126.139	10	352.32
126.239	0	0
126.339	0	0
126.439	0	0
126.539	0	0
126.639	9	317.088
126.74	2	70.464
126.84	3	105.696
126.94	0	0
127.04	9	317.088
127.14	1	35.232
127.24	0	0
127.34	0	0
127.44	8	281.856
127.54	0	0
127.64	0	0
127.741	1	35.232
127.841	12	422.784
127.941	1	35.232
128.041	0	0
128.141	0	0
128.241	0	0
128.341	0	0
128.441	0	0
128.541	0	0
128.641	0	0
128.741	0	0
128.842	9	317.088
128.942	7	246.624
129.042	0	0
129.142	7	246.624
129.242	0	0
129.342	0	0
129.442	0	0
129.542	0	0
129.642	14	493.248
129.742	5	176.16
129.842	8	281.856
129.943	13	458.016
130.043	4	140.928
130.143	10	352.32
130.243	8	281.856
130.343	0	0
130.443	4	140.928
130.543	13	458.016
130.643	5	176.16
130.743	5	176.16
130.843	17	598.944
130.943	0	0
131.044	1	35.232
131.144	8	281.856
131.244	14	493.248
131.344	0	0
131.444	1	35.232
131.544	2	70.464
131.644	0	0
131.744	0	0
131.844	0	0
131.944	0	0
132.045	18	634.176
132.145	5	176.16
132.245	0	0
132.345	3	105.696
132.445	0	0
132.545	0	0
132.645	0	0
132.745	0	0
132.845	0	0
132.945	0	0
133.045	0	0
133.146	0	0
133.246	10	352.32
133.346	13	458.016
133.446	0	0
133.546	2	70.464
133.646	0	0
133.746	5	176.16
133.846	3	105.696
133.946	0	0
134.047	1	35.232
134.147	3	105.696
134.247	0	0
134.347	0	0
134.447	0	0
134.547	0	0
134.647	0	0
134.747	0	0
134.847	9	317.088
134.947	0	0
135.048	9	317.088
135.148	0	0
135.248	0	0
135.348	0	0
135.448	0	0
135.548	0	0
135.648	0	0
135.748	11	387.552
135.848	0	0
135.948	0	0
136.048	0	0
136.149	12	422.784
136.249	0	0
136.349	0	0
136.449	13	458.016
136.549	0	0
136.649	0	0
136.749	13	458.016
136.849	0	0
136.949	1	35.232
137.049	13	458.016
137.15	0	0
137.25	16	563.712
137.35	0	0
137.45	0	0
137.55	20	704.64
137.65	0	0
137.75	0	0
137.85	0	0
137.95	19	669.408
138.05	8	281.856
138.15	0	0
138.251	0	0
138.351	4	140.928
138.451	6	211.392
138.551	22	775.104
138.651	12	422.784
138.751	4	140.928
138.851	5	176.16
138.951	26	916.032
139.051	24	845.568
139.151	0	0
139.252	6	211.392
139.352	0	0
139.452	0	0
139.552	0	0
139.652	0	0
139.752	2	70.464
139.852	0	0
139.952	0	0
140.052	13	458.016
140.152	24	845.568
140.253	34	1197.89
140.353	0	0
140.453	10	352.32
140.553	2	70.464
140.653	4	140.928
140.753	9	317.088
140.853	8	281.856
140.953	9	317.088
141.053	6	211.392
141.154	18	634.176
141.254	4	140.928
141.354	0	0
141.454	0	0
141.554	0	0
141.654	19	669.408
141.754	9	317.088
141.854	0	0
141.955	0	0
142.055	0	0
142.155	17	598.944
142.255	14	493.248
142.355	0	0
142.455	1	35.232
142.555	2	70.464
142.655	5	176.16
142.755	17	598.944
142.855	2	70.464
142.955	5	176.16
143.056	0	0
143.156	0	0
143.256	3	105.696
143.356	16	563.712
143.456	8	281.856
143.556	0	0
143.656	0	0
143.756	18	634.176
143.856	16	563.712
143.957	3	105.696
144.057	14	493.248
144.157	17	598.944
144.257	3	105.696
144.357	9	317.088
144.457	13	458.016
144.557	10	352.32
144.657	0	0
144.757	18	634.176
144.857	17	598.944
144.958	0	0
145.058	19	669.408
145.158	16	563.712
145.258	0	0
145.358	4	140.928
145.458	12	422.784
145.559	19	669.408
145.659	21	739.872
145.759	14	493.248
145.859	0	0
145.959	7	246.624
146.059	28	986.496
146.159	0	0
146.259	2	70.464
146.359	31	1092.19
146.459	2	70.464
146.56	15	528.48
146.66	20	704.64
146.76	2	70.464
146.86	26	916.032
146.96	7	246.624
147.06	16	563.712
147.16	19	669.408
147.26	3	105.696
147.36	32	1127.42
147.46	12	422.784
147.56	24	845.568
147.661	4	140.928
147.761	0	0
147.861	0	0
147.961	6	211.392
148.061	29	1021.73
148.161	0	0
148.261	0	0
148.361	0	0
148.461	0	0
148.561	0	0
148.661	0	0
148.762	0	0
148.862	0	0
148.962	0	0
149.062	4	140.928
149.162	28	986.496
149.262	3	105.696
149.362	0	0
149.462	0	0
149.563	0	0
149.663	0	0
149.763	1	35.232
149.863	3	105.696
149.963	5	176.16
150.063	2	70.464
150.163	7	246.624
150.263	6	211.392
150.363	2	70.464
150.463	0	0
150.563	0	0
150.664	0	0
150.764	0	0
150.864	0	0
150.964	0	0
151.064	0	0
151.164	0	0
151.264	0	0
151.364	3	105.696
151.464	8	281.856
151.564	0	0
151.665	5	176.16
151.765	0	0
151.865	0	0
151.965	5	176.16
152.065	8	281.856
152.165	0	0
152.265	6	211.392
152.365	10	352.32
152.465	3	105.696
152.565	0	0
152.666	0	0
152.766	12	422.784
152.866	3	105.696
152.966	0	0
153.066	12	422.784
153.166	4	140.928
153.266	13	458.016
153.366	6	211.392
153.466	11	387.552
153.566	9	317.088
153.667	2	70.464
153.767	0	0
153.867	0	0
153.967	0	0
154.067	15	528.48
154.167	2	70.464
154.267	1	35.232
154.367	0	0
154.468	0	0
154.568	6	211.392
154.668	11	387.552
154.768	0	0
154.868	0	0
154.968	0	0
155.068	0	0
155.168	0	0
155.268	0	0
155.368	0	0
155.468	5	176.16
155.569	16	563.712
155.669	10	352.32
155.769	7	246.624
155.869	9	317.088
155.969	8	281.856
156.069	13	458.016
156.169	3	105.696
156.269	1	35.232
156.369	0	0
156.469	0	0
156.57	0	0
156.67	3	105.696
156.77	14	493.248
156.87	0	0
156.97	5	176.16
157.07	0	0
157.17	0	0
157.27	0	0
157.37	0	0
157.47	0	0
157.57	0	0
157.671	0	0
157.771	0	0
157.871	0	0
157.971	0	0
158.071	0	0
158.171	17	598.944
158.271	0	0
158.371	2	70.464
158.471	5	176.16
158.571	0	0
158.671	7	246.624
158.772	6	211.392
158.872	8	281.856
158.972	6	211.392
159.072	6	211.392
159.172	3	105.696
159.272	8	281.856
159.373	1	35.232
159.473	11	387.552
159.573	0	0
159.673	1	35.232
159.773	0	0
159.873	12	422.784
159.973	0	0
160.073	1	35.232
160.173	12	422.784
160.273	0	0
160.374	6	211.392
160.474	1	35.232
160.574	6	211.392
160.674	2	70.464
160.774	14	493.248
160.874	3	105.696
160.974	8	281.856
161.074	13	458.016
161.174	6	211.392
161.613	12	422.784
161.714	33	1162.66
161.814	14	493.248
161.914	35	1233.12
162.014	22	775.104
162.114	27	951.264
162.214	23	810.336
162.314	20	704.64
162.414	0	0
162.514	2	70.464
162.615	21	739.872
162.715	24	845.568
162.815	21	739.872
162.915	20	704.64
163.015	17	598.944
163.115	20	704.64
163.215	22	775.104
163.315	0	0
163.415	20	704.64
163.515	33	1162.66
163.615	23	810.336
163.716	25	880.8
163.816	0	0
163.916	20	704.64
164.016	47	1655.9
164.116	31	1092.19
164.216	13	458.016
164.316	20	704.64
164.416	26	916.032
164.516	33	1162.66
164.616	29	1021.73
164.716	58	2043.46
164.817	14	493.248
164.917	6	211.392
165.017	24	845.568
165.117	17	598.944
165.217	29	1021.73
165.317	12	422.784
165.417	21	739.872
165.517	0	0
165.617	21	739.872
165.718	46	1620.67
165.818	22	775.104
165.918	44	1550.21
166.018	33	1162.66
166.118	8	281.856
166.218	36	1268.35
166.318	0	0
166.418	17	598.944
166.518	34	1197.89
166.618	14	493.248
166.719	2	70.464
166.819	41	1444.51
166.919	35	1233.12
167.019	15	528.48
167.119	1	35.232
167.219	36	1268.35
167.319	50	1761.6
167.419	28	986.496
167.519	40	1409.28
167.619	33	1162.66
167.719	25	880.8
167.819	51	1796.83
167.92	48	1691.14
168.02	18	634.176
168.12	17	598.944
168.22	31	1092.19
168.32	32	1127.42
168.42	28	986.496
168.52	25	880.8
168.62	14	493.248
168.721	38	1338.82
168.821	50	1761.6
168.921	21	739.872
169.021	1	35.232
169.121	11	387.552
169.222	49	1726.37
169.322	35	1233.12
169.422	24	845.568
169.522	0	0
169.622	20	704.64
169.722	19	669.408
169.823	1	35.232
169.923	21	739.872
170.023	2	70.464
170.123	18	634.176
170.223	33	1162.66
170.323	26	916.032
170.423	7	246.624
170.523	10	352.32
170.623	5	176.16
170.723	19	669.408
170.823	0	0
170.923	0	0
171.024	27	951.264
171.124	2	70.464
171.224	18	634.176
171.324	14	493.248
171.424	12	422.784
171.524	19	669.408
171.624	16	563.712
171.724	22	775.104
171.824	18	634.176
171.924	2	70.464
172.025	7	246.624
172.125	16	563.712
172.225	16	563.712
172.325	2	70.464
172.425	6	211.392
172.525	23	810.336
172.625	15	528.48
172.725	13	458.016
172.825	9	317.088
172.925	0	0
173.026	2	70.464
173.126	21	739.872
173.226	18	634.176
173.326	0	0
173.426	0	0
173.526	6	211.392
173.626	15	528.48
173.727	21	739.872
173.827	21	739.872
173.927	36	1268.35
174.027	25	880.8
174.127	12	422.784
174.227	28	986.496
174.327	30	1056.96
174.427	13	458.016
174.527	32	1127.42
174.627	13	458.016
174.728	28	986.496
174.828	35	1233.12
174.928	25	880.8
175.028	35	1233.12
175.128	34	1197.89
175.228	10	352.32
175.328	23	810.336
175.428	21	739.872
175.528	15	528.48
175.628	12	422.784
175.728	13	458.016
175.828	21	739.872
175.928	22	775.104
176.029	26	916.032
176.129	20	704.64
176.229	39	1374.05
176.329	29	1021.73
176.429	15	528.48
176.529	34	1197.89
176.629	0	0
176.729	12	422.784
176.829	29	1021.73
176.929	3	105.696
177.029	3	105.696
177.129	33	1162.66
177.23	19	669.408
177.33	1	35.232
177.43	16	563.712
177.53	13	458.016
177.63	18	634.176
177.73	23	810.336
177.83	9	317.088
177.93	8	281.856
178.03	28	986.496
178.13	10	352.32
178.231	1	35.232
178.331	45	1585.44
178.431	1	35.232
178.531	23	810.336
178.631	28	986.496
178.731	0	0
178.831	2	70.464
178.931	48	1691.14
179.031	18	634.176
179.131	4	140.928
179.231	0	0
179.332	5	176.16
179.432	23	810.336
179.532	51	1796.83
179.632	0	0
179.732	9	317.088
179.832	0	0
179.932	0	0
180.032	13	458.016
180.132	0	0
180.232	4	140.928
180.332	16	563.712
180.432	3	105.696
180.533	13	458.016
180.633	6	211.392
180.733	11	387.552
180.833	0	0
180.933	0	0
181.033	0	0
181.133	2	70.464
181.233	30	1056.96
181.333	0	0
181.433	0	0
181.533	10	352.32
181.633	21	739.872
181.734	4	140.928
181.834	2	70.464
181.934	3	105.696
182.034	0	0
182.134	0	0
182.234	0	0
182.334	0	0
182.434	0	0
182.534	37	1303.58
182.634	0	0
182.734	5	176.16
182.834	0	0
182.934	0	0
183.035	9	317.088
183.135	0	0
183.235	1	35.232
183.335	0	0
183.435	8	281.856
183.535	2	70.464
183.635	0	0
183.735	0	0
183.835	2	70.464
183.935	9	317.088
184.035	5	176.16
184.135	0	0
184.235	0	0
184.336	13	458.016
184.436	13	458.016
184.536	0	0
184.636	12	422.784
184.736	14	493.248
184.836	5	176.16
184.936	5	176.16
185.036	12	422.784
185.136	17	598.944
185.236	0	0
185.336	18	634.176
185.436	1	35.232
185.536	17	598.944
185.637	18	634.176
185.737	18	634.176
185.837	0	0
185.937	18	634.176
186.037	0	0
186.137	18	634.176
186.237	18	634.176
186.337	7	246.624
186.437	11	387.552
186.537	9	317.088
186.637	9	317.088
186.737	16	563.712
186.837	11	387.552
186.937	9	317.088
187.038	18	634.176
187.138	7	246.624
187.238	11	387.552
187.338	0	0
187.438	18	634.176
187.538	4	140.928
187.638	8	281.856
187.738	7	246.624
187.838	8	281.856
187.938	9	317.088
188.038	0	0
188.138	9	317.088
188.239	0	0
188.339	10	352.32
188.439	11	387.552
188.539	12	422.784
188.639	0	0
188.739	0	0
188.839	13	458.016
188.939	9	317.088
189.039	0	0
189.139	10	352.32
189.239	11	387.552
189.339	12	422.784
189.439	13	458.016
189.54	10	352.32
189.64	7	246.624
189.74	10	352.32
189.84	16	563.712
189.94	9	317.088
190.04	22	775.104
190.14	14	493.248
190.24	36	1268.35
190.34	44	1550.21
190.44	20	704.64
190.54	48	1691.14
190.64	11	387.552
190.74	61	2149.15
190.841	10	352.32
190.941	0	0
191.041	12	422.784
191.141	16	563.712
191.241	11	387.552
191.615	2	70.464
191.715	26	916.032
191.816	9	317.088
191.916	10	352.32
192.016	11	387.552
192.116	12	422.784
192.216	12	422.784
192.316	10	352.32
192.416	12	422.784
192.517	12	422.784
192.617	11	387.552
192.717	12	422.784
192.817	14	493.248
192.917	2	70.464
193.017	14	493.248
193.117	11	387.552
193.217	0	0
193.317	14	493.248
193.417	3	105.696
193.517	0	0
193.617	1	35.232
193.717	7	246.624
193.818	3	105.696
193.918	4	140.928
194.018	4	140.928
194.118	7	246.624
194.218	3	105.696
194.318	5	176.16
194.418	9	317.088
194.518	10	352.32
194.618	11	387.552
194.718	7	246.624
194.818	11	387.552
194.919	7	246.624
195.019	13	458.016
195.119	14	493.248
195.219	7	246.624
195.319	9	317.088
195.419	20	704.64
195.519	12	422.784
195.619	28	986.496
195.719	35	1233.12
195.819	40	1409.28
195.919	44	1550.21
196.02	50	1761.6
196.12	54	1902.53
196.22	51	1796.83
196.32	40	1409.28
196.42	41	1444.51
196.52	52	1832.06
196.62	16	563.712
196.72	28	986.496
196.82	37	1303.58
196.92	22	775.104
197.02	18	634.176
197.12	35	1233.12
197.22	38	1338.82
197.321	26	916.032
197.421	36	1268.35
197.521	9	317.088
197.621	13	458.016
197.721	41	1444.51
197.821	12	422.784
197.921	10	352.32
198.021	10	352.32
198.121	5	176.16
198.221	9	317.088
198.321	13	458.016
198.421	16	563.712
198.522	20	704.64
198.622	22	775.104
198.722	24	845.568
198.822	22	775.104
198.922	21	739.872
199.022	23	810.336
199.122	18	634.176
199.222	20	704.64
199.322	26	916.032
199.422	13	458.016
199.522	21	739.872
199.623	18	634.176
199.723	26	916.032
199.823	26	916.032
199.923	26	916.032
200.023	13	458.016
200.123	22	775.104
200.223	25	880.8
200.323	18	634.176
200.423	26	916.032
200.523	26	916.032
200.624	17	598.944
200.724	26	916.032
200.824	24	845.568
200.924	17	598.944
201.024	11	387.552
201.124	15	528.48
201.224	7	246.624
201.324	8	281.856
201.424	2	70.464
201.524	9	317.088
201.624	0	0
201.724	7	246.624
201.825	8	281.856
201.925	9	317.088
202.025	9	317.088
202.125	10	352.32
202.225	0	0
202.325	11	387.552
202.425	12	422.784
202.525	13	458.016
202.625	13	458.016
202.725	15	528.48
202.825	18	634.176
202.925	0	0
203.026	23	810.336
203.126	31	1092.19
203.226	17	598.944
203.326	39	1374.05
203.426	53	1867.3
203.526	56	1972.99
203.626	33	1162.66
203.726	25	880.8
203.826	41	1444.51
203.926	48	1691.14
204.026	4	140.928
204.126	18	634.176
204.226	11	387.552
204.326	28	986.496
204.427	15	528.48
204.527	0	0
204.627	28	986.496
204.727	18	634.176
204.827	20	704.64
204.927	14	493.248
205.027	16	563.712
205.127	27	951.264
205.227	29	1021.73
205.327	28	986.496
205.427	18	634.176
205.527	23	810.336
205.627	39	1374.05
205.728	4	140.928
205.828	16	563.712
205.928	26	916.032
206.028	47	1655.9
206.128	23	810.336
206.228	46	1620.67
206.328	35	1233.12
206.428	37	1303.58
206.528	43	1514.98
206.628	38	1338.82
206.728	22	775.104
206.828	45	1585.44
206.928	42	1479.74
207.028	46	1620.67
207.129	46	1620.67
207.229	46	1620.67
207.329	40	1409.28
207.429	42	1479.74
207.529	33	1162.66
207.629	27	951.264
207.729	46	1620.67
207.829	46	1620.67
207.929	47	1655.9
208.029	46	1620.67
208.129	31	1092.19
208.23	47	1655.9
208.33	41	1444.51
208.43	35	1233.12
208.53	44	1550.21
208.63	42	1479.74
208.73	48	1691.14
208.83	32	1127.42
208.93	61	2149.15
209.03	75	2642.4
209.13	75	2642.4
209.23	97	3417.5
209.33	89	3135.65
209.431	102	3593.66
209.531	60	2113.92
209.631	129	4544.93
209.731	90	3170.88
209.831	112	3945.98
209.931	146	5143.87
210.031	76	2677.63
210.131	117	4122.14
210.231	102	3593.66
210.331	123	4333.54
210.432	122	4298.3
210.532	70	2466.24
210.632	151	5320.03
210.732	112	3945.98
210.832	35	1233.12
210.932	42	1479.74
211.032	81	2853.79
211.132	77	2712.86
211.232	102	3593.66
211.332	49	1726.37
211.432	106	3734.59
211.532	87	3065.18
211.633	102	3593.66
211.733	66	2325.31
211.833	113	3981.22
211.933	85	2994.72
212.033	117	4122.14
212.133	115	4051.68
212.233	68	2395.78
212.333	116	4086.91
212.433	119	4192.61
212.533	120	4227.84
212.633	88	3100.42
212.733	66	2325.31
212.833	108	3805.06
212.933	87	3065.18
213.034	25	880.8
213.134	18	634.176
213.234	88	3100.42
213.334	33	1162.66
213.434	32	1127.42
213.534	38	1338.82
213.634	49	1726.37
213.734	48	1691.14
213.834	34	1197.89
213.934	57	2008.22
214.034	58	2043.46
214.134	59	2078.69
214.234	59	2078.69
214.334	58	2043.46
214.434	58	2043.46
214.534	59	2078.69
214.634	33	1162.66
214.735	58	2043.46
214.835	60	2113.92
214.935	60	2113.92
215.035	49	1726.37
215.135	45	1585.44
215.235	60	2113.92
215.335	60	2113.92
215.435	60	2113.92
215.535	58	2043.46
215.636	60	2113.92
215.736	60	2113.92
215.836	60	2113.92
215.936	60	2113.92
216.036	60	2113.92
216.136	60	2113.92
216.236	60	2113.92
216.336	60	2113.92
216.436	43	1514.98
216.536	45	1585.44
216.636	60	2113.92
216.736	60	2113.92
216.837	65	2290.08
216.937	70	2466.24
217.037	75	2642.4
217.137	92	3241.34
217.237	106	3734.59
217.337	124	4368.77
217.437	139	4897.25
217.537	150	5284.8
217.637	162	5707.58
217.737	177	6236.06
217.837	146	5143.87
217.937	192	6764.54
218.038	217	7645.34
218.138	234	8244.29
218.238	237	8349.98
218.338	265	9336.48
218.438	266	9371.71
218.538	290	10217.3
218.638	313	11027.6
218.738	306	10781
218.838	306	10781
218.939	290	10217.3
219.039	277	9759.26
219.139	307	10816.2
219.239	317	11168.5
219.339	286	10076.4
219.439	284	10005.9
219.539	331	11661.8
219.639	291	10252.5
219.739	285	10041.1
219.839	317	11168.5
219.939	284	10005.9
220.039	278	9794.5
220.14	337	11873.2
220.24	280	9864.96
220.34	316	11133.3
220.44	298	10499.1
220.54	287	10111.6
220.64	214	7539.65
220.74	117	4122.14
220.84	131	4615.39
220.94	146	5143.87
221.041	160	5637.12
221.315	37	1303.58
221.579	91	3206.11
221.679	90	3170.88
221.779	55	1937.76
221.879	68	2395.78
221.979	76	2677.63
222.079	81	2853.79
222.179	85	2994.72
222.279	87	3065.18
222.379	88	3100.42
222.48	89	3135.65
222.58	89	3135.65
222.68	90	3170.88
222.78	90	3170.88
222.88	90	3170.88
222.98	90	3170.88
223.08	83	2924.26
223.18	90	3170.88
223.28	90	3170.88
223.38	90	3170.88
223.48	12	422.784
223.58	78	2748.1
223.681	77	2712.86
223.781	13	458.016
223.881	14	493.248
223.981	16	563.712
224.081	29	1021.73
224.181	35	1233.12
224.281	38	1338.82
224.381	41	1444.51
224.481	41	1444.51
224.581	43	1514.98
224.681	42	1479.74
224.781	44	1550.21
224.882	44	1550.21
224.982	45	1585.44
225.082	45	1585.44
225.182	45	1585.44
225.282	45	1585.44
225.382	45	1585.44
225.482	45	1585.44
225.582	45	1585.44
225.682	16	563.712
225.782	40	1409.28
225.882	45	1585.44
225.982	45	1585.44
226.082	45	1585.44
226.182	45	1585.44
226.283	41	1444.51
226.383	45	1585.44
226.483	45	1585.44
226.583	45	1585.44
226.683	45	1585.44
226.783	37	1303.58
226.883	23	810.336
226.983	35	1233.12
227.083	44	1550.21
227.183	45	1585.44
227.283	47	1655.9
227.383	50	1761.6
227.483	55	1937.76
227.583	65	2290.08
227.683	80	2818.56
227.783	94	3311.81
227.884	104	3664.13
227.984	100	3523.2
228.084	94	3311.81
228.184	88	3100.42
228.284	151	5320.03
228.384	128	4509.7
228.484	85	2994.72
228.584	152	5355.26
228.684	0	0
228.784	57	2008.22
228.884	145	5108.64
228.984	61	2149.15
229.084	75	2642.4
229.184	84	2959.49
229.284	91	3206.11
229.384	94	3311.81
229.484	97	3417.5
229.584	94	3311.81
229.685	86	3029.95
229.785	97	3417.5
229.885	97	3417.5
229.985	95	3347.04
230.085	96	3382.27
230.185	97	3417.5
230.285	93	3276.58
230.385	97	3417.5
230.485	99	3487.97
230.585	97	3417.5
230.685	98	3452.74
230.785	99	3487.97
230.885	98	3452.74
230.985	99	3487.97
231.086	98	3452.74
231.186	94	3311.81
231.286	99	3487.97
