time	pps	kbps
0.100104	0	0
0.200218	0	0
0.300341	1	35.232
0.400463	0	0
0.50053	0	0
0.600649	0	0
0.700767	1	35.232
0.800888	1	35.232
0.901009	0	0
1.00112	0	0
1.10124	0	0
1.20134	0	0
1.30146	0	0
1.40157	1	35.232
1.50169	1	35.232
1.60179	1	35.232
1.70185	1	35.232
1.80197	0	0
1.90209	0	0
2.0022	0	0
2.10235	0	0
2.20242	0	0
2.30254	0	0
2.40266	0	0
2.50271	0	0
2.60283	2	70.464
2.70293	2	70.464
2.80304	1	35.232
2.90313	1	35.232
3.00327	0	0
3.10338	0	0
3.2035	0	0
3.30361	0	0
3.40373	0	0
3.50384	0	0
3.60396	1	35.232
3.70407	2	70.464
3.80412	2	70.464
3.90424	1	35.232
4.00436	0	0
4.10446	0	0
4.20458	0	0
4.30469	0	0
4.40481	0	0
4.50493	0	0
4.60505	0	0
4.70516	2	70.464
4.80528	1	35.232
4.9054	2	70.464
5.0055	1	35.232
5.10562	0	0
5.20573	0	0
5.30585	0	0
5.40595	0	0
5.50606	0	0
5.60618	0	0
5.70632	0	0
5.80644	0	0
5.90655	0	0
6.00667	0	0
6.10679	0	0
6.20691	1	35.232
6.30701	2	70.464
6.40713	2	70.464
6.50725	2	70.464
6.60737	1	35.232
6.70747	0	0
6.80759	0	0
6.9077	0	0
7.00782	0	0
7.10794	0	0
7.20806	0	0
7.30817	0	0
7.40829	0	0
7.5084	0	0
7.60846	0	0
7.70858	0	0
7.8087	0	0
7.90881	1	35.232
8.0089	2	70.464
8.10902	0	0
8.20914	2	70.464
8.30927	1	35.232
8.40939	1	35.232
8.50951	1	35.232
8.60963	1	35.232
8.70974	0	0
8.8098	1	35.232
8.90991	0	0
9.01003	1	35.232
9.11015	2	70.464
9.21026	1	35.232
9.31035	1	35.232
9.41047	1	35.232
9.51059	0	0
9.61071	0	0
9.71083	0	0
9.81095	0	0
9.911	0	0
10.0111	0	0
10.1112	0	0
10.2114	0	0
10.3115	0	0
10.4116	0	0
10.5117	0	0
10.6118	0	0
10.7119	2	70.464
10.812	1	35.232
10.9121	0	0
11.0122	0	0
11.1123	0	0
11.2125	0	0
11.3126	1	35.232
11.4127	1	35.232
11.5128	2	70.464
11.6129	1	35.232
11.7131	1	35.232
11.8132	1	35.232
11.9133	1	35.232
12.0134	2	70.464
12.1135	1	35.232
12.2136	1	35.232
12.3137	1	35.232
12.4138	2	70.464
12.5139	1	35.232
12.6141	2	70.464
12.7142	1	35.232
12.8143	1	35.232
12.9144	2	70.464
13.0146	2	70.464
13.1147	2	70.464
13.2148	1	35.232
13.3149	1	35.232
13.415	1	35.232
13.5152	2	70.464
13.6153	2	70.464
13.7154	2	70.464
13.8155	1	35.232
13.9156	2	70.464
14.0158	1	35.232
14.1159	2	70.464
14.2159	0	0
14.3161	0	0
14.4161	0	0
14.5162	0	0
14.6163	0	0
14.7165	0	0
14.8166	0	0
14.9167	0	0
15.0168	0	0
15.1169	0	0
15.2171	1	35.232
15.3172	1	35.232
15.4173	1	35.232
15.5174	1	35.232
15.6175	2	70.464
15.7176	0	0
15.8178	1	35.232
15.9179	2	70.464
16.018	1	35.232
16.1181	0	0
16.2183	0	0
16.3184	2	70.464
16.4185	0	0
16.5186	0	0
16.6187	0	0
16.7188	0	0
16.819	1	35.232
16.919	1	35.232
17.0192	1	35.232
17.1193	0	0
17.2194	1	35.232
17.3195	2	70.464
17.4197	1	35.232
17.5198	1	35.232
17.6199	1	35.232
17.72	2	70.464
17.8202	1	35.232
17.9203	1	35.232
18.0203	3	105.696
18.1204	1	35.232
18.2206	0	0
18.3207	0	0
18.4208	1	35.232
18.5209	1	35.232
18.6211	0	0
18.7212	2	70.464
18.8213	2	70.464
18.9214	1	35.232
19.0215	0	0
19.1216	1	35.232
19.2218	1	35.232
19.3219	1	35.232
19.422	1	35.232
19.5221	1	35.232
19.6223	1	35.232
19.7224	1	35.232
19.8225	0	0
19.9226	1	35.232
20.0227	0	0
20.1228	0	0
20.223	0	0
20.3231	1	35.232
20.4232	0	0
20.5233	0	0
20.6233	0	0
20.7235	0	0
20.8236	0	0
20.9237	1	35.232
21.0238	1	35.232
21.1239	1	35.232
21.2241	3	105.696
21.3242	1	35.232
21.4243	0	0
21.5244	2	70.464
21.6246	4	140.928
21.7247	1	35.232
21.8248	1	35.232
21.9248	1	35.232
22.025	0	0
22.1251	2	70.464
22.2252	1	35.232
22.3253	0	0
22.4254	0	0
22.5255	0	0
22.6256	2	70.464
22.7258	1	35.232
22.8259	1	35.232
22.926	1	35.232
23.0261	2	70.464
23.1262	1	35.232
23.2263	1	35.232
23.3264	1	35.232
23.4265	1	35.232
23.5269	3	105.696
23.627	0	0
23.7271	2	70.464
23.8272	1	35.232
23.9273	1	35.232
24.0275	1	35.232
24.1276	1	35.232
24.2277	1	35.232
24.3278	0	0
24.4279	0	0
24.528	1	35.232
24.6281	0	0
24.7282	0	0
24.8283	0	0
24.9285	2	70.464
25.0286	3	105.696
25.1287	3	105.696
25.2288	2	70.464
25.3289	1	35.232
25.429	3	105.696
25.5291	2	70.464
25.6292	0	0
25.7294	2	70.464
25.8295	1	35.232
25.9296	3	105.696
26.0297	1	35.232
26.1298	2	70.464
26.2299	0	0
26.3301	0	0
26.4302	2	70.464
26.5303	2	70.464
26.6304	1	35.232
26.7305	3	105.696
26.8307	1	35.232
26.9308	1	35.232
27.0309	2	70.464
27.131	0	0
27.2311	1	35.232
27.3313	0	0
27.4314	0	0
27.5315	3	105.696
27.6316	1	35.232
27.7317	5	176.16
27.8319	2	70.464
27.932	2	70.464
28.032	2	70.464
28.1322	2	70.464
28.2323	1	35.232
28.3324	2	70.464
28.4325	1	35.232
28.5326	2	70.464
28.6327	1	35.232
28.7329	2	70.464
28.833	3	105.696
28.9331	1	35.232
29.0332	0	0
29.1333	3	105.696
29.2334	2	70.464
29.3336	2	70.464
29.4337	1	35.232
29.5338	2	70.464
29.6339	0	0
29.734	4	140.928
29.8341	0	0
29.9343	1	35.232
30.0344	3	105.696
30.1345	1	35.232
30.2346	3	105.696
30.3347	2	70.464
30.4348	1	35.232
30.5349	2	70.464
30.635	4	140.928
30.7352	1	35.232
30.8353	1	35.232
30.9354	1	35.232
31.0355	1	35.232
31.1356	1	35.232
31.2358	1	35.232
31.3359	1	35.232
31.436	0	0
31.5361	0	0
31.6362	0	0
31.7363	2	70.464
31.8364	0	0
31.9366	2	70.464
32.0367	2	70.464
32.1368	1	35.232
32.2369	0	0
32.337	2	70.464
32.4372	0	0
32.5373	1	35.232
32.6374	0	0
32.7375	0	0
32.8376	0	0
32.9377	1	35.232
33.0378	1	35.232
33.138	2	70.464
33.2381	0	0
33.3382	0	0
33.4384	0	0
33.5385	0	0
33.6386	0	0
33.7387	1	35.232
33.8389	0	0
33.939	2	70.464
34.039	0	0
34.1392	0	0
34.2393	0	0
34.3394	0	0
34.4395	1	35.232
34.5396	1	35.232
34.6398	0	0
34.7399	0	0
34.84	1	35.232
34.9401	2	70.464
35.0403	3	105.696
35.1404	0	0
35.2404	0	0
35.3406	2	70.464
35.4407	3	105.696
35.5408	2	70.464
35.6409	2	70.464
35.741	3	105.696
35.8412	0	0
35.9413	0	0
36.0414	3	105.696
36.1414	2	70.464
36.2416	1	35.232
36.3417	0	0
36.4417	1	35.232
36.5419	3	105.696
36.642	7	246.624
36.7421	3	105.696
36.8423	0	0
36.9424	2	70.464
37.0425	3	105.696
37.1426	3	105.696
37.2428	3	105.696
37.3429	2	70.464
37.443	1	35.232
37.5431	0	0
37.6432	1	35.232
37.7434	2	70.464
37.8435	3	105.696
37.9436	1	35.232
38.0438	0	0
38.1439	0	0
38.244	3	105.696
38.3441	3	105.696
38.4442	2	70.464
38.5444	3	105.696
38.6445	6	211.392
38.7446	3	105.696
38.8447	2	70.464
38.9448	3	105.696
39.0449	2	70.464
39.145	2	70.464
39.2451	2	70.464
39.3453	3	105.696
39.4454	2	70.464
39.5455	1	35.232
39.6456	0	0
39.7457	1	35.232
39.8459	2	70.464
39.9459	4	140.928
40.046	0	0
40.1462	0	0
40.2463	0	0
40.3464	2	70.464
40.4465	3	105.696
40.5466	2	70.464
40.6467	4	140.928
40.7469	2	70.464
40.8469	0	0
40.947	5	176.16
41.0472	3	105.696
41.1473	2	70.464
41.2474	2	70.464
41.3475	2	70.464
41.4476	3	105.696
41.5477	0	0
41.6479	0	0
41.748	3	105.696
41.8481	4	140.928
41.9482	1	35.232
42.0483	0	0
42.1485	1	35.232
42.2486	2	70.464
42.3487	4	140.928
42.4488	5	176.16
42.5489	0	0
42.649	1	35.232
42.7491	2	70.464
42.8492	3	105.696
42.9493	4	140.928
43.0494	4	140.928
43.1495	3	105.696
43.2496	1	35.232
43.3498	1	35.232
43.4499	0	0
43.55	0	0
43.6501	4	140.928
43.7502	2	70.464
43.8504	2	70.464
43.9505	0	0
44.0506	0	0
44.1507	1	35.232
44.2508	3	105.696
44.351	2	70.464
44.4511	2	70.464
44.5512	3	105.696
44.6513	2	70.464
44.7514	1	35.232
44.8515	1	35.232
44.9516	2	70.464
45.0518	3	105.696
45.1519	2	70.464
45.252	3	105.696
45.3521	3	105.696
45.4522	4	140.928
45.5524	3	105.696
45.6525	0	0
45.7526	0	0
45.8527	0	0
45.9528	0	0
46.0529	4	140.928
46.1531	6	211.392
46.2532	0	0
46.3533	0	0
46.4534	0	0
46.5535	0	0
46.6536	2	70.464
46.7538	0	0
46.8538	3	105.696
46.954	3	105.696
47.0541	2	70.464
47.1542	1	35.232
47.2543	4	140.928
47.3545	2	70.464
47.4546	1	35.232
47.5547	0	0
47.6548	0	0
47.7549	0	0
47.855	1	35.232
47.9552	2	70.464
48.0553	2	70.464
48.1554	3	105.696
48.2555	0	0
48.3557	3	105.696
48.4558	3	105.696
48.5559	2	70.464
48.656	3	105.696
48.7561	1	35.232
48.8563	1	35.232
48.9564	3	105.696
49.0565	1	35.232
49.1566	2	70.464
49.2567	2	70.464
49.3569	1	35.232
49.457	1	35.232
49.5571	2	70.464
49.6572	0	0
49.7573	1	35.232
49.8574	0	0
49.9575	0	0
50.0576	0	0
50.1577	0	0
50.2579	2	70.464
50.358	2	70.464
50.4581	3	105.696
50.5582	2	70.464
50.6583	5	176.16
50.7584	3	105.696
50.8585	0	0
50.9586	0	0
51.0588	0	0
51.1589	0	0
51.259	3	105.696
51.3591	3	105.696
51.4592	1	35.232
51.5593	4	140.928
51.6594	3	105.696
51.7595	3	105.696
51.8596	3	105.696
51.9598	3	105.696
52.0599	2	70.464
52.16	5	176.16
52.2601	3	105.696
52.3602	4	140.928
52.4604	1	35.232
52.5605	2	70.464
52.6606	2	70.464
52.7607	5	176.16
52.8608	3	105.696
52.9609	2	70.464
53.0611	3	105.696
53.1612	3	105.696
53.2613	1	35.232
53.3614	2	70.464
53.4615	1	35.232
53.5616	2	70.464
53.6618	1	35.232
53.7619	0	0
53.862	0	0
53.9621	1	35.232
54.0623	2	70.464
54.1624	3	105.696
54.2625	2	70.464
54.3626	3	105.696
54.4627	2	70.464
54.5628	3	105.696
54.6629	2	70.464
54.7631	2	70.464
54.8632	0	0
54.9633	0	0
55.0634	1	35.232
55.1636	2	70.464
55.2637	3	105.696
55.3638	2	70.464
55.4639	3	105.696
55.564	2	70.464
55.6641	3	105.696
55.7642	3	105.696
55.8643	1	35.232
55.9644	7	246.624
56.0646	3	105.696
56.1647	4	140.928
56.2648	3	105.696
56.3648	4	140.928
56.465	3	105.696
56.5651	3	105.696
56.6652	5	176.16
56.7653	3	105.696
56.8654	3	105.696
56.9655	3	105.696
57.0656	3	105.696
57.1657	2	70.464
57.2658	1	35.232
57.3659	2	70.464
57.466	5	176.16
57.5661	2	70.464
57.6662	0	0
57.7664	1	35.232
57.8668	4	140.928
57.9669	2	70.464
58.0671	2	70.464
58.1671	1	35.232
58.2673	0	0
58.3673	3	105.696
58.4674	2	70.464
58.5675	4	140.928
58.6676	4	140.928
58.7677	3	105.696
58.8678	0	0
58.968	6	211.392
59.0681	1	35.232
59.1682	0	0
59.2683	2	70.464
59.3684	5	176.16
59.4685	1	35.232
59.5687	3	105.696
59.6688	2	70.464
59.7689	1	35.232
59.869	0	0
59.9691	2	70.464
60.0692	2	70.464
60.1694	3	105.696
60.2695	1	35.232
60.3695	3	105.696
60.4697	2	70.464
60.5697	5	176.16
60.6698	3	105.696
60.77	2	70.464
60.8701	6	211.392
60.9703	1	35.232
61.0704	4	140.928
61.1705	0	0
61.2706	1	35.232
61.3707	3	105.696
61.4709	5	176.16
61.571	4	140.928
61.6711	4	140.928
61.7712	2	70.464
61.8714	6	211.392
61.9715	6	211.392
62.0716	3	105.696
62.1717	1	35.232
62.2718	3	105.696
62.372	1	35.232
62.4721	2	70.464
62.5722	1	35.232
62.6722	4	140.928
62.7723	3	105.696
62.8725	1	35.232
62.9726	3	105.696
63.0727	2	70.464
63.1728	4	140.928
63.2729	1	35.232
63.3729	4	140.928
63.473	2	70.464
63.5732	4	140.928
63.6733	0	0
63.7734	4	140.928
63.8735	2	70.464
63.9737	4	140.928
64.0738	2	70.464
64.1739	1	35.232
64.274	2	70.464
64.3741	2	70.464
64.4743	1	35.232
64.5744	5	176.16
64.6745	4	140.928
64.7746	0	0
64.8747	1	35.232
64.9749	0	0
65.075	1	35.232
65.1751	4	140.928
65.2752	1	35.232
65.3753	4	140.928
65.4755	3	105.696
65.5756	0	0
65.6757	0	0
65.7758	0	0
65.8758	0	0
65.976	0	0
66.0761	0	0
66.1762	0	0
66.2763	0	0
66.3765	0	0
66.4766	0	0
66.5767	0	0
66.6768	0	0
66.7769	0	0
66.877	0	0
66.9772	0	0
67.0773	0	0
67.1773	0	0
67.2774	0	0
67.3776	0	0
67.4777	0	0
67.5778	0	0
67.6779	0	0
67.778	0	0
67.8782	0	0
67.9783	0	0
68.0784	0	0
68.1785	0	0
68.2786	0	0
68.3788	0	0
68.4789	0	0
68.579	0	0
68.6791	1	35.232
68.7792	7	246.624
68.8794	2	70.464
68.9795	2	70.464
69.0796	3	105.696
69.1797	4	140.928
69.2798	0	0
69.3799	5	176.16
69.48	2	70.464
69.5802	0	0
69.6803	0	0
69.7804	0	0
69.8804	2	70.464
69.9805	2	70.464
70.0807	2	70.464
70.1808	0	0
70.2809	0	0
70.381	2	70.464
70.4811	0	0
70.5812	1	35.232
70.6814	3	105.696
70.7815	1	35.232
70.8816	2	70.464
70.9817	1	35.232
71.082	5	176.16
71.1821	1	35.232
71.2824	5	176.16
71.3825	5	176.16
71.4826	10	352.32
71.5827	18	634.176
71.6829	17	598.944
71.783	7	246.624
71.8831	6	211.392
71.9832	10	352.32
72.0833	13	458.016
72.1834	8	281.856
72.2835	4	140.928
72.3836	2	70.464
72.4837	2	70.464
72.5839	7	246.624
72.684	1	35.232
72.784	1	35.232
72.8841	1	35.232
72.9843	3	105.696
73.0844	3	105.696
73.1845	2	70.464
73.2846	4	140.928
73.3847	3	105.696
73.4849	23	810.336
73.585	1	35.232
73.6851	5	176.16
73.7852	3	105.696
73.8853	1	35.232
73.9854	3	105.696
74.0855	1	35.232
74.1857	7	246.624
74.2858	0	0
74.3859	9	317.088
74.486	3	105.696
74.5861	3	105.696
74.6863	4	140.928
74.7863	6	211.392
74.8864	3	105.696
74.9865	6	211.392
75.0866	6	211.392
75.1867	4	140.928
75.2868	3	105.696
75.3869	8	281.856
75.4871	6	211.392
75.5872	6	211.392
75.6873	6	211.392
75.7874	2	70.464
75.8875	6	211.392
75.9876	1	35.232
76.0877	3	105.696
76.1878	5	176.16
76.2879	4	140.928
76.388	3	105.696
76.4881	8	281.856
76.5882	4	140.928
76.6883	3	105.696
76.7885	8	281.856
76.8886	3	105.696
76.9887	4	140.928
77.0888	2	70.464
77.189	5	176.16
77.2891	6	211.392
77.3892	5	176.16
77.4893	7	246.624
77.5894	6	211.392
77.6895	7	246.624
77.7896	2	70.464
77.8897	6	211.392
77.9898	5	176.16
78.0899	8	281.856
78.19	4	140.928
78.2901	7	246.624
78.3903	5	176.16
78.4903	4	140.928
78.5904	3	105.696
78.6905	4	140.928
78.7907	6	211.392
78.8908	4	140.928
78.9909	3	105.696
79.091	3	105.696
79.1912	3	105.696
79.2913	4	140.928
79.3914	4	140.928
79.4915	4	140.928
79.5916	5	176.16
79.6917	5	176.16
79.7918	1	35.232
79.8919	6	211.392
79.992	6	211.392
80.0921	2	70.464
80.1923	6	211.392
80.2924	2	70.464
80.3925	6	211.392
80.4926	8	281.856
80.5927	7	246.624
80.6928	3	105.696
80.7929	4	140.928
80.893	7	246.624
80.9932	6	211.392
81.0933	10	352.32
81.1934	0	0
81.2935	5	176.16
81.3936	12	422.784
81.4937	5	176.16
81.5938	7	246.624
81.6939	7	246.624
81.7941	13	458.016
81.8942	6	211.392
81.9943	4	140.928
82.0944	6	211.392
82.1945	5	176.16
82.2947	9	317.088
82.3948	1	35.232
82.4949	7	246.624
82.595	3	105.696
82.6951	6	211.392
82.7952	4	140.928
82.8954	2	70.464
82.9955	4	140.928
83.0956	5	176.16
83.1957	4	140.928
83.2958	8	281.856
83.396	8	281.856
83.4961	2	70.464
83.5962	5	176.16
83.6963	4	140.928
83.7964	5	176.16
83.8965	3	105.696
83.9966	9	317.088
84.0967	8	281.856
84.1968	4	140.928
84.2969	7	246.624
84.397	0	0
84.4971	9	317.088
84.5972	7	246.624
84.6973	6	211.392
84.7974	3	105.696
84.8975	6	211.392
84.9976	11	387.552
85.0977	3	105.696
85.1978	5	176.16
85.2979	3	105.696
85.398	4	140.928
85.4982	2	70.464
85.5983	7	246.624
85.6984	4	140.928
85.7984	5	176.16
85.8985	5	176.16
85.9986	7	246.624
86.0987	1	35.232
86.1988	3	105.696
86.2995	8	281.856
86.3996	1	35.232
86.4997	8	281.856
86.5999	4	140.928
86.7	4	140.928
86.8001	0	0
86.9002	0	0
87.0003	0	0
87.1004	0	0
87.2006	0	0
87.3007	0	0
87.4008	0	0
87.5009	0	0
87.601	0	0
87.7011	0	0
87.8012	1	35.232
87.9014	0	0
88.0015	0	0
88.1016	0	0
88.2017	0	0
88.3018	0	0
88.402	0	0
88.502	0	0
88.6021	0	0
88.7023	0	0
88.8024	0	0
88.9025	0	0
89.0026	0	0
89.1027	1	35.232
89.2028	12	422.784
89.3028	3	105.696
89.4032	2	70.464
89.5033	5	176.16
89.6034	3	105.696
89.7035	4	140.928
89.8036	10	352.32
89.9037	0	0
90.0043	4	140.928
90.1046	4	140.928
90.2047	8	281.856
90.3048	1	35.232
90.4049	10	352.32
90.505	9	317.088
90.6051	2	70.464
90.7052	5	176.16
90.8054	8	281.856
90.9054	18	634.176
91.0055	9	317.088
91.1056	10	352.32
91.2057	3	105.696
91.3059	9	317.088
91.406	13	458.016
91.506	1	35.232
91.6061	21	739.872
91.7063	36	1268.35
91.8064	21	739.872
91.9065	43	1514.98
92.0066	40	1409.28
92.1068	71	2501.47
92.2068	38	1338.82
92.3069	33	1162.66
92.407	7	246.624
92.5072	39	1374.05
92.6073	12	422.784
92.7074	22	775.104
92.8075	0	0
92.9076	16	563.712
93.0077	5	176.16
93.1078	6	211.392
93.2079	4	140.928
93.3081	2	70.464
93.4082	6	211.392
93.5083	6	211.392
93.6084	6	211.392
93.7085	1	35.232
93.8086	10	352.32
93.9087	1	35.232
94.0088	23	810.336
94.1092	14	493.248
94.2093	10	352.32
94.3094	6	211.392
94.4095	20	704.64
94.5096	7	246.624
94.6098	5	176.16
94.7099	4	140.928
94.81	9	317.088
94.9101	23	810.336
95.0103	9	317.088
95.1104	16	563.712
95.2104	7	246.624
95.3106	10	352.32
95.4107	14	493.248
95.5108	8	281.856
95.6109	8	281.856
95.711	10	352.32
95.8111	12	422.784
95.9112	19	669.408
96.0113	17	598.944
96.1114	0	0
96.2115	6	211.392
96.3116	11	387.552
96.4117	12	422.784
96.5118	4	140.928
96.6118	9	317.088
96.712	8	281.856
96.812	18	634.176
96.9121	0	0
97.0122	6	211.392
97.1123	8	281.856
97.2125	8	281.856
97.3126	12	422.784
97.4127	12	422.784
97.5128	3	105.696
97.6129	19	669.408
97.713	3	105.696
97.8131	10	352.32
97.9132	4	140.928
98.0133	9	317.088
98.1134	0	0
98.2135	0	0
98.3136	11	387.552
98.4137	4	140.928
98.5138	10	352.32
98.6139	12	422.784
98.714	0	0
98.8141	0	0
98.9143	5	176.16
99.0144	1	35.232
99.1145	5	176.16
99.2146	2	70.464
99.3147	11	387.552
99.4148	0	0
99.5149	6	211.392
99.615	3	105.696
99.7151	1	35.232
99.8152	12	422.784
99.9153	0	0
100.015	0	0
100.115	0	0
100.216	0	0
100.316	11	387.552
100.416	2	70.464
100.516	3	105.696
100.616	9	317.088
100.716	0	0
100.816	0	0
100.916	0	0
101.017	20	704.64
101.117	30	1056.96
101.217	0	0
101.317	10	352.32
101.417	25	880.8
101.517	16	563.712
101.617	0	0
101.717	13	458.016
101.817	1	35.232
101.917	17	598.944
102.017	17	598.944
102.118	4	140.928
102.218	1	35.232
102.318	9	317.088
102.418	12	422.784
102.518	4	140.928
102.618	4	140.928
102.718	6	211.392
102.818	2	70.464
102.919	20	704.64
103.019	5	176.16
103.119	12	422.784
103.219	13	458.016
103.319	7	246.624
103.419	9	317.088
103.519	7	246.624
103.619	21	739.872
103.72	6	211.392
103.82	2	70.464
103.92	9	317.088
104.02	4	140.928
104.12	3	105.696
104.22	11	387.552
104.32	15	528.48
104.42	3	105.696
104.52	4	140.928
104.621	2	70.464
104.721	5	176.16
104.821	31	1092.19
104.921	19	669.408
105.021	36	1268.35
105.121	18	634.176
105.221	22	775.104
105.322	12	422.784
105.422	16	563.712
105.522	11	387.552
105.622	8	281.856
105.722	6	211.392
105.822	9	317.088
105.922	4	140.928
106.022	6	211.392
106.123	4	140.928
106.223	9	317.088
106.323	6	211.392
106.423	3	105.696
106.523	3	105.696
106.623	19	669.408
106.723	0	0
106.823	20	704.64
106.923	14	493.248
107.023	34	1197.89
107.124	32	1127.42
107.224	20	704.64
107.324	0	0
107.424	0	0
107.524	5	176.16
107.624	19	669.408
107.724	10	352.32
107.824	15	528.48
107.925	3	105.696
108.025	3	105.696
108.125	10	352.32
108.225	10	352.32
108.325	12	422.784
108.425	8	281.856
108.525	31	1092.19
108.625	10	352.32
108.726	32	1127.42
108.826	29	1021.73
108.926	28	986.496
109.026	19	669.408
109.126	25	880.8
109.226	37	1303.58
109.326	2	70.464
109.426	8	281.856
109.526	6	211.392
109.627	5	176.16
109.727	18	634.176
109.827	11	387.552
109.927	7	246.624
110.027	3	105.696
110.127	15	528.48
110.227	25	880.8
110.327	22	775.104
110.427	34	1197.89
110.527	12	422.784
110.628	6	211.392
110.728	6	211.392
110.828	12	422.784
110.928	11	387.552
111.028	14	493.248
111.128	16	563.712
111.229	2	70.464
111.329	5	176.16
111.429	7	246.624
111.529	14	493.248
111.629	7	246.624
111.729	11	387.552
111.829	16	563.712
111.929	13	458.016
112.029	21	739.872
112.13	24	845.568
112.23	37	1303.58
112.33	2	70.464
112.43	3	105.696
112.53	16	563.712
112.63	22	775.104
112.73	25	880.8
112.83	8	281.856
112.93	14	493.248
113.031	15	528.48
113.131	14	493.248
113.231	12	422.784
113.331	13	458.016
113.431	27	951.264
113.531	21	739.872
113.632	5	176.16
113.732	15	528.48
113.832	10	352.32
113.932	21	739.872
114.032	14	493.248
114.132	13	458.016
114.232	23	810.336
114.332	11	387.552
114.432	14	493.248
114.532	20	704.64
114.632	19	669.408
114.733	28	986.496
114.833	26	916.032
114.933	15	528.48
115.033	4	140.928
115.133	10	352.32
115.233	22	775.104
115.333	28	986.496
115.433	15	528.48
115.533	26	916.032
115.633	10	352.32
115.734	38	1338.82
115.834	31	1092.19
115.934	12	422.784
116.034	22	775.104
116.134	16	563.712
116.234	44	1550.21
116.335	19	669.408
116.435	21	739.872
116.535	6	211.392
116.635	22	775.104
116.735	9	317.088
116.835	4	140.928
116.935	29	1021.73
117.035	8	281.856
117.135	29	1021.73
117.236	35	1233.12
117.336	27	951.264
117.436	33	1162.66
117.536	15	528.48
117.636	18	634.176
117.737	26	916.032
117.837	30	1056.96
117.937	13	458.016
118.037	18	634.176
118.137	14	493.248
118.237	40	1409.28
118.337	8	281.856
118.438	2	70.464
118.538	8	281.856
118.638	36	1268.35
118.738	35	1233.12
118.838	32	1127.42
118.938	32	1127.42
119.038	13	458.016
119.138	17	598.944
119.238	5	176.16
119.338	9	317.088
119.439	36	1268.35
119.539	21	739.872
119.639	30	1056.96
119.739	28	986.496
119.839	3	105.696
119.939	15	528.48
120.039	9	317.088
120.139	10	352.32
120.24	16	563.712
120.34	17	598.944
120.44	14	493.248
120.54	37	1303.58
120.64	25	880.8
120.74	9	317.088
120.84	21	739.872
120.94	22	775.104
121.041	12	422.784
121.141	30	1056.96
121.241	4	140.928
121.341	35	1233.12
121.441	24	845.568
121.541	6	211.392
121.641	9	317.088
121.741	7	246.624
121.841	20	704.64
121.941	3	105.696
122.042	19	669.408
122.142	21	739.872
122.242	24	845.568
122.342	9	317.088
122.442	32	1127.42
122.542	38	1338.82
122.642	10	352.32
122.742	5	176.16
122.842	0	0
122.943	0	0
123.043	13	458.016
123.143	0	0
123.243	4	140.928
123.343	4	140.928
123.443	14	493.248
123.543	7	246.624
123.643	12	422.784
123.743	12	422.784
123.843	10	352.32
123.944	4	140.928
124.044	20	704.64
124.144	10	352.32
124.244	16	563.712
124.344	3	105.696
124.444	24	845.568
124.545	14	493.248
124.645	4	140.928
124.745	3	105.696
124.845	7	246.624
124.945	26	916.032
125.045	23	810.336
125.145	22	775.104
125.246	71	2501.47
125.346	43	1514.98
125.446	5	176.16
125.546	28	986.496
125.646	62	2184.38
125.746	33	1162.66
125.846	28	986.496
125.946	30	1056.96
126.046	20	704.64
126.147	12	422.784
126.247	14	493.248
126.347	27	951.264
126.447	35	1233.12
126.547	22	775.104
126.647	27	951.264
126.747	40	1409.28
126.847	29	1021.73
126.947	43	1514.98
127.047	21	739.872
127.147	46	1620.67
127.248	27	951.264
127.348	6	211.392
127.448	28	986.496
127.548	36	1268.35
127.648	35	1233.12
127.748	5	176.16
127.848	21	739.872
127.949	30	1056.96
128.049	54	1902.53
128.149	46	1620.67
128.249	4	140.928
128.349	0	0
128.449	0	0
128.549	0	0
128.649	0	0
128.749	0	0
128.849	14	493.248
128.95	36	1268.35
129.05	39	1374.05
129.15	53	1867.3
129.25	31	1092.19
129.35	58	2043.46
129.45	34	1197.89
129.551	6	211.392
129.651	26	916.032
129.751	34	1197.89
129.851	29	1021.73
129.951	54	1902.53
130.051	36	1268.35
130.151	8	281.856
130.251	19	669.408
130.351	21	739.872
130.451	30	1056.96
130.551	22	775.104
130.651	34	1197.89
130.752	25	880.8
130.852	19	669.408
130.952	16	563.712
131.052	34	1197.89
131.152	15	528.48
131.252	29	1021.73
131.352	13	458.016
131.452	21	739.872
131.552	41	1444.51
131.652	23	810.336
131.753	39	1374.05
131.853	23	810.336
131.953	8	281.856
132.053	9	317.088
132.153	32	1127.42
132.253	49	1726.37
132.353	27	951.264
132.453	40	1409.28
132.553	26	916.032
132.654	42	1479.74
132.754	42	1479.74
132.854	40	1409.28
132.954	27	951.264
133.054	19	669.408
133.154	0	0
133.254	12	422.784
133.354	54	1902.53
133.454	31	1092.19
133.555	44	1550.21
133.655	14	493.248
133.755	15	528.48
133.855	28	986.496
133.955	41	1444.51
134.056	0	0
134.156	28	986.496
134.256	37	1303.58
134.356	54	1902.53
134.456	30	1056.96
134.556	25	880.8
134.656	37	1303.58
134.756	14	493.248
134.856	55	1937.76
134.956	36	1268.35
135.056	24	845.568
135.157	48	1691.14
135.257	33	1162.66
135.357	46	1620.67
135.457	67	2360.54
135.557	14	493.248
135.657	30	1056.96
135.757	28	986.496
135.857	16	563.712
135.957	23	810.336
136.057	29	1021.73
136.157	33	1162.66
136.257	25	880.8
136.358	40	1409.28
136.458	25	880.8
136.558	33	1162.66
136.658	43	1514.98
136.758	17	598.944
136.858	35	1233.12
136.958	55	1937.76
137.058	41	1444.51
137.159	25	880.8
137.259	36	1268.35
137.359	57	2008.22
137.459	27	951.264
137.559	26	916.032
137.659	15	528.48
137.759	30	1056.96
137.859	19	669.408
137.959	25	880.8
138.059	31	1092.19
138.16	16	563.712
138.26	29	1021.73
138.36	49	1726.37
138.46	16	563.712
138.56	28	986.496
138.66	28	986.496
138.76	49	1726.37
138.86	19	669.408
138.961	27	951.264
139.061	27	951.264
139.161	45	1585.44
139.261	40	1409.28
139.361	29	1021.73
139.461	19	669.408
139.561	26	916.032
139.661	0	0
139.761	7	246.624
139.861	47	1655.9
139.961	19	669.408
140.062	21	739.872
140.162	9	317.088
140.262	57	2008.22
140.362	31	1092.19
140.462	50	1761.6
140.562	18	634.176
140.662	52	1832.06
140.762	39	1374.05
140.862	47	1655.9
140.962	34	1197.89
141.062	28	986.496
141.163	53	1867.3
141.263	38	1338.82
141.363	43	1514.98
141.463	20	704.64
141.563	40	1409.28
141.663	25	880.8
141.763	57	2008.22
141.863	25	880.8
141.963	40	1409.28
142.063	21	739.872
142.163	17	598.944
142.264	32	1127.42
142.364	23	810.336
142.464	27	951.264
142.564	5	176.16
142.664	11	387.552
142.764	2	70.464
142.864	0	0
142.964	23	810.336
143.064	25	880.8
143.164	16	563.712
143.265	0	0
143.365	10	352.32
143.465	46	1620.67
143.565	7	246.624
143.665	7	246.624
143.765	34	1197.89
143.866	23	810.336
143.966	10	352.32
144.066	15	528.48
144.166	23	810.336
144.266	21	739.872
144.366	9	317.088
144.466	16	563.712
144.566	3	105.696
144.666	32	1127.42
144.766	15	528.48
144.867	23	810.336
144.967	14	493.248
145.067	33	1162.66
145.167	14	493.248
145.267	14	493.248
145.367	10	352.32
145.467	13	458.016
145.567	42	1479.74
145.667	26	916.032
145.768	17	598.944
145.868	8	281.856
145.968	23	810.336
146.068	30	1056.96
146.168	8	281.856
146.268	30	1056.96
146.368	18	634.176
146.468	27	951.264
146.568	21	739.872
146.668	22	775.104
146.769	26	916.032
146.869	28	986.496
146.969	26	916.032
147.069	16	563.712
147.169	38	1338.82
147.269	27	951.264
147.369	40	1409.28
147.469	32	1127.42
147.569	47	1655.9
147.669	40	1409.28
147.769	16	563.712
147.87	49	1726.37
147.97	13	458.016
148.07	12	422.784
148.17	55	1937.76
148.27	40	1409.28
148.37	28	986.496
148.47	52	1832.06
148.57	23	810.336
148.671	20	704.64
148.771	43	1514.98
148.871	27	951.264
148.971	0	0
149.071	8	281.856
149.171	27	951.264
149.271	0	0
149.371	15	528.48
149.471	7	246.624
149.571	17	598.944
149.672	1	35.232
149.772	17	598.944
149.872	6	211.392
149.972	38	1338.82
150.072	41	1444.51
150.172	29	1021.73
150.272	33	1162.66
150.372	10	352.32
150.473	24	845.568
150.573	42	1479.74
150.673	25	880.8
150.773	20	704.64
150.873	40	1409.28
150.973	21	739.872
151.073	19	669.408
151.173	35	1233.12
151.273	30	1056.96
151.373	14	493.248
151.473	33	1162.66
151.573	16	563.712
151.674	40	1409.28
151.774	23	810.336
151.874	30	1056.96
151.974	4	140.928
152.074	21	739.872
152.174	32	1127.42
152.274	42	1479.74
152.374	25	880.8
152.474	23	810.336
152.574	7	246.624
152.674	7	246.624
152.775	42	1479.74
152.875	0	0
152.975	3	105.696
153.075	23	810.336
153.175	25	880.8
153.276	49	1726.37
153.376	4	140.928
153.476	41	1444.51
153.576	16	563.712
153.676	39	1374.05
153.776	12	422.784
153.876	41	1444.51
153.976	44	1550.21
154.076	13	458.016
154.176	50	1761.6
154.277	20	704.64
154.377	42	1479.74
154.477	4	140.928
154.577	13	458.016
154.677	11	387.552
154.777	24	845.568
154.877	18	634.176
154.977	21	739.872
155.078	25	880.8
155.178	31	1092.19
155.278	30	1056.96
155.378	14	493.248
155.478	19	669.408
155.578	28	986.496
155.678	28	986.496
155.778	21	739.872
155.878	33	1162.66
155.978	26	916.032
156.078	30	1056.96
156.179	14	493.248
156.279	37	1303.58
156.379	32	1127.42
156.479	22	775.104
156.579	33	1162.66
156.679	10	352.32
156.779	17	598.944
156.879	34	1197.89
156.979	35	1233.12
157.079	21	739.872
157.179	32	1127.42
157.279	31	1092.19
157.38	26	916.032
157.48	38	1338.82
157.58	21	739.872
157.68	21	739.872
157.78	37	1303.58
157.88	20	704.64
157.98	22	775.104
158.08	6	211.392
158.18	19	669.408
158.281	19	669.408
158.381	20	704.64
158.481	24	845.568
158.581	18	634.176
158.681	33	1162.66
158.781	39	1374.05
158.881	20	704.64
158.981	25	880.8
159.081	37	1303.58
159.181	9	317.088
159.281	13	458.016
159.382	28	986.496
159.482	4	140.928
159.582	20	704.64
159.682	9	317.088
159.782	4	140.928
159.882	4	140.928
159.982	10	352.32
160.082	18	634.176
160.182	11	387.552
160.282	17	598.944
160.383	2	70.464
160.483	0	0
160.583	13	458.016
160.683	17	598.944
160.783	17	598.944
160.883	14	493.248
160.983	15	528.48
161.083	11	387.552
161.183	10	352.32
161.579	5	176.16
161.679	30	1056.96
161.779	2	70.464
161.879	25	880.8
161.979	22	775.104
162.079	11	387.552
162.179	22	775.104
162.279	21	739.872
162.38	28	986.496
162.48	19	669.408
162.58	14	493.248
162.68	14	493.248
162.78	11	387.552
162.88	15	528.48
162.98	16	563.712
163.08	28	986.496
163.18	16	563.712
163.28	27	951.264
163.38	28	986.496
163.48	8	281.856
163.581	10	352.32
163.681	17	598.944
163.781	12	422.784
163.881	29	1021.73
163.981	13	458.016
164.081	16	563.712
164.181	14	493.248
164.281	23	810.336
164.381	16	563.712
164.481	18	634.176
164.581	28	986.496
164.682	15	528.48
164.782	20	704.64
164.882	29	1021.73
164.982	23	810.336
165.082	4	140.928
165.182	10	352.32
165.282	3	105.696
165.382	12	422.784
165.482	16	563.712
165.582	25	880.8
165.682	26	916.032
165.783	0	0
165.883	27	951.264
165.983	15	528.48
166.083	26	916.032
166.183	17	598.944
166.283	25	880.8
166.383	11	387.552
166.483	18	634.176
166.583	25	880.8
166.683	11	387.552
166.783	21	739.872
166.884	11	387.552
166.984	27	951.264
167.084	25	880.8
167.184	19	669.408
167.284	20	704.64
167.384	10	352.32
167.484	18	634.176
167.584	7	246.624
167.684	16	563.712
167.784	10	352.32
167.885	23	810.336
167.985	2	70.464
168.085	23	810.336
168.185	13	458.016
168.285	24	845.568
168.385	21	739.872
168.485	16	563.712
168.585	15	528.48
168.685	23	810.336
168.786	6	211.392
168.886	23	810.336
168.986	17	598.944
169.086	23	810.336
169.186	20	704.64
169.286	12	422.784
169.386	26	916.032
169.486	0	0
169.586	6	211.392
169.687	21	739.872
169.787	18	634.176
169.887	5	176.16
169.987	17	598.944
170.087	23	810.336
170.187	23	810.336
170.287	11	387.552
170.387	19	669.408
170.487	22	775.104
170.587	19	669.408
170.688	16	563.712
170.788	21	739.872
170.888	18	634.176
170.988	19	669.408
171.088	5	176.16
171.188	14	493.248
171.288	10	352.32
171.388	14	493.248
171.489	18	634.176
171.589	5	176.16
171.689	12	422.784
171.789	8	281.856
171.889	21	739.872
171.989	3	105.696
172.089	11	387.552
172.189	15	528.48
172.289	16	563.712
172.389	5	176.16
172.489	12	422.784
172.59	8	281.856
172.69	5	176.16
172.79	22	775.104
172.89	12	422.784
172.99	11	387.552
173.09	5	176.16
173.19	22	775.104
173.29	20	704.64
173.391	21	739.872
173.491	1	35.232
173.591	3	105.696
173.691	18	634.176
173.791	8	281.856
173.891	22	775.104
173.991	14	493.248
174.091	7	246.624
174.191	10	352.32
174.291	17	598.944
174.392	10	352.32
174.492	14	493.248
174.592	14	493.248
174.692	12	422.784
174.792	16	563.712
174.892	21	739.872
174.992	22	775.104
175.092	16	563.712
175.193	10	352.32
175.293	9	317.088
175.393	18	634.176
175.493	5	176.16
175.593	9	317.088
175.693	16	563.712
175.793	8	281.856
175.893	22	775.104
175.993	10	352.32
176.094	26	916.032
176.194	28	986.496
176.294	23	810.336
176.394	28	986.496
176.494	19	669.408
176.594	31	1092.19
176.694	17	598.944
176.794	33	1162.66
176.894	21	739.872
176.994	28	986.496
177.094	25	880.8
177.195	25	880.8
177.295	33	1162.66
177.395	12	422.784
177.495	42	1479.74
177.595	49	1726.37
177.695	27	951.264
177.795	32	1127.42
177.895	15	528.48
177.995	61	2149.15
178.095	10	352.32
178.196	42	1479.74
178.296	32	1127.42
178.396	67	2360.54
178.496	14	493.248
178.596	47	1655.9
178.696	73	2571.94
178.796	26	916.032
178.896	41	1444.51
178.996	56	1972.99
179.096	72	2536.7
179.197	40	1409.28
179.297	6	211.392
179.397	14	493.248
179.497	57	2008.22
179.597	81	2853.79
179.697	61	2149.15
179.797	26	916.032
179.897	74	2607.17
179.997	33	1162.66
180.098	26	916.032
180.198	57	2008.22
180.298	27	951.264
180.398	68	2395.78
180.498	32	1127.42
180.598	61	2149.15
180.699	62	2184.38
180.799	59	2078.69
180.899	50	1761.6
180.999	85	2994.72
181.099	65	2290.08
181.199	61	2149.15
181.299	19	669.408
181.399	39	1374.05
181.499	40	1409.28
181.6	19	669.408
181.7	35	1233.12
181.8	55	1937.76
181.9	41	1444.51
182	78	2748.1
182.1	78	2748.1
182.2	37	1303.58
182.3	90	3170.88
182.4	92	3241.34
182.5	45	1585.44
182.6	69	2431.01
182.7	60	2113.92
182.8	35	1233.12
182.901	88	3100.42
183.001	88	3100.42
183.101	42	1479.74
183.201	89	3135.65
183.301	74	2607.17
183.401	78	2748.1
183.501	72	2536.7
183.601	85	2994.72
183.701	82	2889.02
183.801	46	1620.67
183.901	89	3135.65
184.002	33	1162.66
184.102	95	3347.04
184.202	34	1197.89
184.302	59	2078.69
184.402	59	2078.69
184.502	81	2853.79
184.602	65	2290.08
184.702	83	2924.26
184.802	53	1867.3
184.902	81	2853.79
185.002	61	2149.15
185.103	40	1409.28
185.203	58	2043.46
185.303	73	2571.94
185.403	38	1338.82
185.503	73	2571.94
185.603	76	2677.63
185.703	77	2712.86
185.803	83	2924.26
185.903	28	986.496
186.003	49	1726.37
186.103	64	2254.85
186.203	64	2254.85
186.303	51	1796.83
186.404	32	1127.42
186.504	46	1620.67
186.604	37	1303.58
186.704	45	1585.44
186.804	80	2818.56
186.904	40	1409.28
187.004	48	1691.14
187.104	67	2360.54
187.204	19	669.408
187.304	50	1761.6
187.404	44	1550.21
187.504	48	1691.14
187.605	52	1832.06
187.705	68	2395.78
187.805	56	1972.99
187.905	43	1514.98
188.005	39	1374.05
188.105	63	2219.62
188.205	25	880.8
188.305	69	2431.01
188.405	69	2431.01
188.505	13	458.016
188.606	32	1127.42
188.706	13	458.016
188.806	56	1972.99
188.906	49	1726.37
189.006	33	1162.66
189.106	50	1761.6
189.206	55	1937.76
189.306	38	1338.82
189.406	58	2043.46
189.506	52	1832.06
189.606	58	2043.46
189.706	34	1197.89
189.807	42	1479.74
189.907	54	1902.53
190.007	64	2254.85
190.107	44	1550.21
190.207	40	1409.28
190.307	61	2149.15
190.407	48	1691.14
190.507	26	916.032
190.607	52	1832.06
190.707	17	598.944
190.807	55	1937.76
190.907	3	105.696
191.007	63	2219.62
191.107	43	1514.98
191.208	35	1233.12
191.583	18	634.176
191.683	64	2254.85
191.783	52	1832.06
191.883	40	1409.28
191.983	40	1409.28
192.083	37	1303.58
192.183	49	1726.37
192.283	55	1937.76
192.383	56	1972.99
192.484	54	1902.53
192.584	57	2008.22
192.684	49	1726.37
192.784	43	1514.98
192.884	39	1374.05
192.984	58	2043.46
193.084	43	1514.98
193.184	57	2008.22
193.284	55	1937.76
193.384	33	1162.66
193.484	51	1796.83
193.584	48	1691.14
193.685	44	1550.21
193.785	53	1867.3
193.885	46	1620.67
193.985	50	1761.6
194.085	40	1409.28
194.185	59	2078.69
194.285	49	1726.37
194.385	55	1937.76
194.485	42	1479.74
194.585	54	1902.53
194.685	51	1796.83
194.785	54	1902.53
194.886	37	1303.58
194.986	44	1550.21
195.086	59	2078.69
195.186	32	1127.42
195.286	39	1374.05
195.386	52	1832.06
195.486	29	1021.73
195.586	54	1902.53
195.686	58	2043.46
195.786	17	598.944
195.886	58	2043.46
195.987	48	1691.14
196.087	29	1021.73
196.187	45	1585.44
196.287	50	1761.6
196.387	38	1338.82
196.488	37	1303.58
196.588	51	1796.83
196.688	64	2254.85
196.788	54	1902.53
196.888	47	1655.9
196.988	64	2254.85
197.088	66	2325.31
197.188	56	1972.99
197.288	58	2043.46
197.388	32	1127.42
197.489	46	1620.67
197.589	64	2254.85
197.689	19	669.408
197.789	40	1409.28
197.889	49	1726.37
197.989	47	1655.9
198.089	45	1585.44
198.189	34	1197.89
198.289	49	1726.37
198.389	51	1796.83
198.489	52	1832.06
198.589	52	1832.06
198.69	53	1867.3
198.79	41	1444.51
198.89	47	1655.9
198.99	54	1902.53
199.09	44	1550.21
199.19	36	1268.35
199.29	49	1726.37
199.39	49	1726.37
199.49	52	1832.06
199.59	27	951.264
199.69	48	1691.14
199.791	55	1937.76
199.891	47	1655.9
199.991	44	1550.21
200.091	54	1902.53
200.191	48	1691.14
200.291	52	1832.06
200.391	42	1479.74
200.491	43	1514.98
200.592	39	1374.05
200.692	54	1902.53
200.792	54	1902.53
200.892	55	1937.76
200.992	13	458.016
201.092	51	1796.83
201.192	55	1937.76
201.292	54	1902.53
201.392	14	493.248
201.493	50	1761.6
201.593	46	1620.67
201.693	48	1691.14
201.793	55	1937.76
201.893	52	1832.06
201.993	30	1056.96
202.093	47	1655.9
202.193	46	1620.67
202.293	55	1937.76
202.393	58	2043.46
202.493	59	2078.69
202.594	47	1655.9
202.694	41	1444.51
202.794	58	2043.46
202.894	44	1550.21
202.994	59	2078.69
203.094	60	2113.92
203.194	61	2149.15
203.294	64	2254.85
203.394	56	1972.99
203.494	29	1021.73
203.594	52	1832.06
203.694	68	2395.78
203.794	42	1479.74
203.894	50	1761.6
203.995	72	2536.7
204.095	75	2642.4
204.195	77	2712.86
204.295	17	598.944
204.395	79	2783.33
204.495	0	0
204.595	83	2924.26
204.695	67	2360.54
204.795	21	739.872
204.895	35	1233.12
204.995	60	2113.92
205.095	64	2254.85
205.196	16	563.712
205.296	73	2571.94
205.396	71	2501.47
205.496	60	2113.92
205.596	39	1374.05
205.696	44	1550.21
205.796	35	1233.12
205.896	37	1303.58
205.996	54	1902.53
206.096	52	1832.06
206.196	63	2219.62
206.296	51	1796.83
206.397	37	1303.58
206.497	55	1937.76
206.597	60	2113.92
206.697	43	1514.98
206.797	61	2149.15
206.897	50	1761.6
206.997	66	2325.31
207.097	56	1972.99
207.197	68	2395.78
207.297	66	2325.31
207.397	69	2431.01
207.497	65	2290.08
207.597	23	810.336
207.698	55	1937.76
207.798	70	2466.24
207.898	70	2466.24
207.998	70	2466.24
208.098	67	2360.54
208.198	70	2466.24
208.298	68	2395.78
208.398	50	1761.6
208.498	50	1761.6
208.598	55	1937.76
208.698	61	2149.15
208.798	61	2149.15
208.898	67	2360.54
208.998	67	2360.54
209.098	65	2290.08
209.198	46	1620.67
209.299	41	1444.51
209.399	69	2431.01
209.499	38	1338.82
209.599	47	1655.9
209.699	55	1937.76
209.799	56	1972.99
209.899	34	1197.89
209.999	50	1761.6
210.099	21	739.872
210.199	53	1867.3
210.299	40	1409.28
210.399	32	1127.42
210.5	65	2290.08
210.6	21	739.872
210.7	58	2043.46
210.8	70	2466.24
210.9	55	1937.76
211	49	1726.37
211.1	49	1726.37
211.2	75	2642.4
211.3	70	2466.24
211.4	75	2642.4
211.5	16	563.712
211.6	77	2712.86
211.7	80	2818.56
211.8	77	2712.86
