time	pps	kbps
0.100105	0	0
0.200226	1	35.232
0.300346	0	0
0.400467	0	0
0.500586	1	35.232
0.600706	1	35.232
0.700772	0	0
0.800892	0	0
0.90101	0	0
1.00113	2	70.464
1.10123	1	35.232
1.20135	1	35.232
1.30145	0	0
1.40157	0	0
1.50169	0	0
1.6018	0	0
1.70192	0	0
1.80204	0	0
1.90213	1	35.232
2.00225	1	35.232
2.10237	1	35.232
2.20249	2	70.464
2.30259	1	35.232
2.40271	0	0
2.50283	0	0
2.60295	0	0
2.70306	0	0
2.80318	0	0
2.90329	0	0
3.00341	0	0
3.10352	1	35.232
3.20361	1	35.232
3.30372	2	70.464
3.40384	1	35.232
3.504	0	0
3.60406	0	0
3.70418	0	0
3.8043	0	0
3.90441	0	0
4.00453	0	0
4.10464	1	35.232
4.20476	2	70.464
4.30488	2	70.464
4.40504	1	35.232
4.50511	0	0
4.60523	0	0
4.70534	0	0
4.80546	0	0
4.90551	0	0
5.00562	0	0
5.10574	0	0
5.20585	2	70.464
5.30597	2	70.464
5.40609	2	70.464
5.50621	0	0
5.60633	0	0
5.70644	0	0
5.80651	1	35.232
5.90663	0	0
6.00674	0	0
6.10683	0	0
6.20695	0	0
6.30707	0	0
6.40718	0	0
6.5073	0	0
6.60742	0	0
6.70753	0	0
6.80765	2	70.464
6.90776	2	70.464
7.00786	2	70.464
7.10803	1	35.232
7.20815	1	35.232
7.30827	0	0
7.40837	0	0
7.50849	0	0
7.60859	0	0
7.70871	0	0
7.80882	0	0
7.90894	0	0
8.00906	0	0
8.10917	0	0
8.2093	0	0
8.30942	0	0
8.40955	0	0
8.50967	0	0
8.60978	0	0
8.70983	0	0
8.80995	0	0
8.91006	0	0
9.01018	0	0
9.1103	0	0
9.21041	0	0
9.31053	0	0
9.41063	0	0
9.51074	0	0
9.61086	2	70.464
9.71098	1	35.232
9.81109	2	70.464
9.91119	2	70.464
10.0113	2	70.464
10.1114	0	0
10.2116	0	0
10.3117	0	0
10.4118	0	0
10.5119	0	0
10.612	0	0
10.7121	0	0
10.8123	0	0
10.9124	0	0
11.0125	0	0
11.1126	0	0
11.2127	0	0
11.3128	0	0
11.4129	0	0
11.5131	0	0
11.6132	0	0
11.7133	0	0
11.8134	0	0
11.9135	0	0
12.0136	0	0
12.1137	0	0
12.2139	0	0
12.314	0	0
12.4141	0	0
12.5142	0	0
12.6143	0	0
12.7144	0	0
12.8146	0	0
12.9147	0	0
13.0148	0	0
13.1149	0	0
13.215	0	0
13.3151	0	0
13.4153	0	0
13.5154	0	0
13.6155	0	0
13.7156	0	0
13.8157	0	0
13.9158	0	0
14.016	0	0
14.1161	0	0
14.2162	0	0
14.3164	2	70.464
14.4165	1	35.232
14.5166	1	35.232
14.6167	0	0
14.7169	1	35.232
14.817	0	0
14.9171	0	0
15.0172	0	0
15.1173	0	0
15.2174	0	0
15.3175	0	0
15.4176	0	0
15.5178	0	0
15.6179	0	0
15.718	0	0
15.8181	0	0
15.9182	0	0
16.0184	0	0
16.1185	0	0
16.2186	0	0
16.3187	0	0
16.4188	0	0
16.5189	0	0
16.6191	0	0
16.7192	0	0
16.8193	0	0
16.9194	0	0
17.0195	0	0
17.1196	0	0
17.2198	0	0
17.3199	0	0
17.42	0	0
17.5201	0	0
17.6202	0	0
17.7203	0	0
17.8204	0	0
17.9205	0	0
18.0207	0	0
18.1208	0	0
18.2209	0	0
18.321	0	0
18.4211	0	0
18.5213	1	35.232
18.6214	0	0
18.7215	0	0
18.8216	0	0
18.9218	0	0
19.0219	0	0
19.122	0	0
19.2221	0	0
19.3223	0	0
19.4224	0	0
19.5225	0	0
19.6226	0	0
19.7227	0	0
19.8229	0	0
19.923	0	0
20.0231	0	0
20.1231	2	70.464
20.2233	1	35.232
20.3234	1	35.232
20.4235	0	0
20.5236	1	35.232
20.6237	0	0
20.7238	0	0
20.824	0	0
20.9241	0	0
21.0242	0	0
21.1243	0	0
21.2244	0	0
21.3245	0	0
21.4246	0	0
21.5247	0	0
21.6249	0	0
21.725	0	0
21.8251	0	0
21.9252	0	0
22.0253	0	0
22.1255	0	0
22.2256	0	0
22.3257	0	0
22.4258	0	0
22.5259	0	0
22.626	0	0
22.7261	0	0
22.8262	0	0
22.9263	0	0
23.0264	0	0
23.1265	0	0
23.2266	0	0
23.3268	0	0
23.4269	0	0
23.527	0	0
23.6271	0	0
23.7272	0	0
23.8273	0	0
23.9274	0	0
24.0276	0	0
24.1277	1	35.232
24.2278	0	0
24.3279	0	0
24.428	1	35.232
24.5281	1	35.232
24.6282	1	35.232
24.7283	0	0
24.8284	1	35.232
24.9285	0	0
25.0286	0	0
25.1287	0	0
25.2288	0	0
25.3289	0	0
25.429	0	0
25.5291	0	0
25.6292	0	0
25.7293	0	0
25.8295	0	0
25.9295	0	0
26.0296	0	0
26.1298	0	0
26.2299	0	0
26.33	0	0
26.4301	0	0
26.5303	0	0
26.6304	0	0
26.7305	0	0
26.8306	0	0
26.9307	0	0
27.0308	1	35.232
27.1309	0	0
27.231	1	35.232
27.3311	0	0
27.4312	1	35.232
27.5313	0	0
27.6315	0	0
27.7316	0	0
27.8317	0	0
27.9318	0	0
28.0319	0	0
28.1321	0	0
28.2322	0	0
28.3323	0	0
28.4324	0	0
28.5325	0	0
28.6326	0	0
28.7327	0	0
28.8328	0	0
28.9329	0	0
29.0331	0	0
29.1332	0	0
29.2333	0	0
29.3334	0	0
29.4335	0	0
29.5337	0	0
29.6338	0	0
29.7339	1	35.232
29.834	1	35.232
29.9341	2	70.464
30.0342	0	0
30.1343	0	0
30.2345	0	0
30.3346	0	0
30.4347	0	0
30.5348	0	0
30.6349	0	0
30.7351	0	0
30.8352	0	0
30.9353	0	0
31.0354	0	0
31.1355	0	0
31.2356	0	0
31.3357	0	0
31.4359	0	0
31.536	0	0
31.6361	0	0
31.7363	0	0
31.8364	0	0
31.9364	0	0
32.0366	0	0
32.1367	0	0
32.2368	0	0
32.3369	0	0
32.4371	0	0
32.5372	0	0
32.6373	1	35.232
32.7374	1	35.232
32.8375	1	35.232
32.9377	0	0
33.0378	0	0
33.1379	0	0
33.238	0	0
33.3381	0	0
33.4382	1	35.232
33.5383	0	0
33.6384	0	0
33.7385	1	35.232
33.8386	0	0
33.9387	0	0
34.0389	0	0
34.139	0	0
34.2391	0	0
34.3392	0	0
34.4393	0	0
34.5395	0	0
34.6396	0	0
34.7397	0	0
34.8398	0	0
34.9399	0	0
35.04	0	0
35.1402	0	0
35.2403	0	0
35.3404	0	0
35.4405	0	0
35.5406	0	0
35.6408	0	0
35.7409	0	0
35.841	0	0
35.9411	3	105.696
36.0412	1	35.232
36.1413	0	0
36.2414	0	0
36.3415	1	35.232
36.4417	0	0
36.5418	1	35.232
36.6419	0	0
36.742	0	0
36.8421	0	0
36.9422	0	0
37.0423	0	0
37.1424	0	0
37.2425	0	0
37.3427	0	0
37.4428	0	0
37.5429	0	0
37.643	3	105.696
37.7431	2	70.464
37.8433	0	0
37.9434	0	0
38.0435	1	35.232
38.1436	0	0
38.2437	1	35.232
38.3438	0	0
38.4439	0	0
38.5441	0	0
38.6442	0	0
38.7443	0	0
38.8444	0	0
38.9445	0	0
39.0447	0	0
39.1448	0	0
39.2449	0	0
39.345	0	0
39.4451	0	0
39.5452	0	0
39.6453	2	70.464
39.7454	3	105.696
39.8455	1	35.232
39.9456	0	0
40.0457	0	0
40.1459	1	35.232
40.246	1	35.232
40.3461	0	0
40.4462	0	0
40.5463	0	0
40.6464	0	0
40.7465	0	0
40.8466	0	0
40.9468	0	0
41.0469	0	0
41.147	0	0
41.2471	0	0
41.3472	0	0
41.4473	0	0
41.5474	0	0
41.6475	2	70.464
41.7477	4	140.928
41.8478	1	35.232
41.9479	0	0
42.0481	1	35.232
42.1482	1	35.232
42.2483	0	0
42.3484	0	0
42.4485	0	0
42.5486	0	0
42.6487	0	0
42.7488	0	0
42.8489	0	0
42.949	0	0
43.0492	0	0
43.1493	0	0
43.2494	0	0
43.3495	0	0
43.4496	1	35.232
43.5497	2	70.464
43.6499	4	140.928
43.75	1	35.232
43.8501	0	0
43.9502	0	0
44.0504	1	35.232
44.1505	1	35.232
44.2506	0	0
44.3507	0	0
44.4508	0	0
44.5509	0	0
44.6511	0	0
44.7511	0	0
44.8512	0	0
44.9514	0	0
45.0515	0	0
45.1516	0	0
45.2517	0	0
45.3518	0	0
45.452	0	0
45.5521	0	0
45.6522	0	0
45.7523	1	35.232
45.8524	2	70.464
45.9525	2	70.464
46.0526	3	105.696
46.1527	1	35.232
46.2528	0	0
46.3529	1	35.232
46.453	1	35.232
46.5532	0	0
46.6533	0	0
46.7533	0	0
46.8534	0	0
46.9535	0	0
47.0536	0	0
47.1537	0	0
47.2538	0	0
47.3539	0	0
47.4541	0	0
47.5541	0	0
47.6543	0	0
47.7544	0	0
47.8545	0	0
47.9546	0	0
48.0547	0	0
48.1548	0	0
48.2549	0	0
48.355	0	0
48.4551	0	0
48.5552	0	0
48.6553	0	0
48.7554	0	0
48.8555	0	0
48.9556	0	0
49.0557	0	0
49.1558	0	0
49.256	0	0
49.3561	0	0
49.4562	0	0
49.5563	0	0
49.6564	0	0
49.7565	0	0
49.8567	1	35.232
49.9568	2	70.464
50.0569	1	35.232
50.157	2	70.464
50.2572	2	70.464
50.3572	2	70.464
50.4574	0	0
50.5575	0	0
50.6576	0	0
50.7577	0	0
50.8578	0	0
50.9579	1	35.232
51.058	1	35.232
51.1582	0	0
51.2583	0	0
51.3584	0	0
51.4585	0	0
51.5586	0	0
51.6588	0	0
51.7589	0	0
51.859	0	0
51.9591	0	0
52.0592	0	0
52.1593	0	0
52.2594	0	0
52.3595	0	0
52.4596	0	0
52.5597	0	0
52.6598	0	0
52.7599	0	0
52.86	0	0
52.9602	0	0
53.0603	0	0
53.1604	0	0
53.2605	0	0
53.3606	0	0
53.4607	0	0
53.5608	0	0
53.6609	0	0
53.761	0	0
53.8611	1	35.232
53.9612	2	70.464
54.0613	2	70.464
54.1615	0	0
54.2616	0	0
54.3617	0	0
54.4618	0	0
54.5619	0	0
54.6621	0	0
54.7622	0	0
54.8623	0	0
54.9624	1	35.232
55.0625	1	35.232
55.1626	0	0
55.2628	0	0
55.3629	0	0
55.463	0	0
55.5631	0	0
55.6632	0	0
55.7634	0	0
55.8635	0	0
55.9636	0	0
56.0637	0	0
56.1637	0	0
56.2639	0	0
56.364	0	0
56.4641	0	0
56.5643	0	0
56.6644	0	0
56.7645	0	0
56.8646	0	0
56.9647	0	0
57.0648	0	0
57.1649	0	0
57.265	1	35.232
57.3651	3	105.696
57.4652	1	35.232
57.5654	0	0
57.6655	2	70.464
57.7656	0	0
57.8657	0	0
57.9658	0	0
58.0659	0	0
58.1661	0	0
58.2662	0	0
58.3663	0	0
58.4664	0	0
58.5665	0	0
58.6666	0	0
58.7668	0	0
58.8669	0	0
58.967	0	0
59.0671	0	0
59.1672	0	0
59.2673	0	0
59.3674	0	0
59.4675	0	0
59.5677	0	0
59.6678	0	0
59.7679	0	0
59.868	0	0
59.9681	0	0
60.0682	0	0
60.1683	0	0
60.2684	0	0
60.3685	0	0
60.4686	0	0
60.5688	0	0
60.6689	0	0
60.769	0	0
60.8691	2	70.464
60.9692	1	35.232
61.0693	0	0
61.1694	0	0
61.2695	1	35.232
61.3697	1	35.232
61.4698	0	0
61.5699	0	0
61.67	0	0
61.7701	0	0
61.8702	0	0
61.9703	0	0
62.0705	0	0
62.1706	0	0
62.2707	0	0
62.3708	0	0
62.4709	0	0
62.571	0	0
62.6711	0	0
62.7712	0	0
62.8713	0	0
62.9714	0	0
63.0716	0	0
63.1717	0	0
63.2718	0	0
63.3719	0	0
63.472	0	0
63.5722	0	0
63.6723	0	0
63.7723	0	0
63.8724	0	0
63.9725	0	0
64.0727	0	0
64.1729	0	0
64.273	0	0
64.3731	0	0
64.4732	2	70.464
64.5733	1	35.232
64.6734	1	35.232
64.7736	0	0
64.8737	0	0
64.9738	1	35.232
65.0739	0	0
65.174	1	35.232
65.2741	0	0
65.3742	0	0
65.4744	0	0
65.5745	0	0
65.6746	0	0
65.7747	0	0
65.8748	0	0
65.9749	0	0
66.075	0	0
66.1751	0	0
66.2752	0	0
66.3753	0	0
66.4754	0	0
66.5755	0	0
66.6756	0	0
66.7757	0	0
66.8758	0	0
66.976	0	0
67.0761	0	0
67.1762	0	0
67.2764	0	0
67.3765	0	0
67.4766	0	0
67.5767	0	0
67.6768	0	0
67.7769	0	0
67.877	0	0
67.9771	0	0
68.0772	0	0
68.1774	0	0
68.2775	0	0
68.3776	0	0
68.4777	0	0
68.5778	0	0
68.6779	0	0
68.778	0	0
68.8781	0	0
68.9782	0	0
69.0783	0	0
69.1785	0	0
69.2786	0	0
69.3787	1	35.232
69.4788	2	70.464
69.5789	1	35.232
69.679	0	0
69.7791	0	0
69.8792	0	0
69.9794	0	0
70.0795	0	0
70.1796	0	0
70.2796	0	0
70.3797	0	0
70.4799	1	35.232
70.58	0	0
70.6801	1	35.232
70.7802	0	0
70.8803	0	0
70.9804	0	0
71.0805	0	0
71.1806	0	0
71.2807	0	0
71.3808	0	0
71.4809	0	0
71.581	0	0
71.6811	0	0
71.7813	0	0
71.8814	0	0
71.9815	0	0
72.0816	0	0
72.1817	0	0
72.2817	0	0
72.3819	0	0
72.482	0	0
72.5821	0	0
72.6822	0	0
72.7823	2	70.464
72.8824	1	35.232
72.9825	0	0
73.0826	0	0
73.1827	0	0
73.2829	0	0
73.383	0	0
73.4831	0	0
73.5832	0	0
73.6833	0	0
73.7835	0	0
73.8836	0	0
73.9837	0	0
74.0838	0	0
74.1839	0	0
74.284	0	0
74.3841	0	0
74.4843	0	0
74.5844	0	0
74.6845	0	0
74.7846	0	0
74.8847	0	0
74.9848	0	0
75.0849	0	0
75.1851	0	0
75.2852	0	0
75.3853	0	0
75.4853	0	0
75.5854	0	0
75.6855	0	0
75.7856	0	0
75.8858	0	0
75.9859	0	0
76.086	3	105.696
76.1861	2	70.464
76.2862	0	0
76.3863	0	0
76.4865	0	0
76.5866	0	0
76.6867	0	0
76.7867	0	0
76.8869	0	0
76.987	0	0
77.0871	0	0
77.1872	0	0
77.2873	0	0
77.3874	0	0
77.4875	0	0
77.5876	0	0
77.6877	0	0
77.7879	0	0
77.888	0	0
77.9881	0	0
78.0883	0	0
78.1883	0	0
78.2885	0	0
78.3886	0	0
78.4887	0	0
78.5888	0	0
78.6889	0	0
78.789	0	0
78.8892	0	0
78.9893	0	0
79.0894	0	0
79.1895	1	35.232
79.2896	3	105.696
79.3897	0	0
79.4898	0	0
79.5899	0	0
79.6901	0	0
79.7902	0	0
79.8903	0	0
79.9904	0	0
80.0905	0	0
80.1906	0	0
80.2907	0	0
80.3908	0	0
80.4909	0	0
80.591	0	0
80.6911	0	0
80.7913	0	0
80.8914	0	0
80.9915	0	0
81.0916	0	0
81.1917	0	0
81.2918	0	0
81.3919	0	0
81.4921	0	0
81.5922	0	0
81.6923	0	0
81.7924	0	0
81.8925	0	0
81.9925	1	35.232
82.0926	4	140.928
82.1927	0	0
82.2929	0	0
82.393	0	0
82.4931	0	0
82.5932	0	0
82.6933	0	0
82.7934	0	0
82.8935	0	0
82.9936	0	0
83.0937	0	0
83.1938	0	0
83.294	0	0
83.3941	0	0
83.4941	0	0
83.5943	0	0
83.6944	0	0
83.7945	0	0
83.8946	0	0
83.9947	0	0
84.0948	0	0
84.1949	0	0
84.295	0	0
84.3951	0	0
84.4952	0	0
84.5953	0	0
84.6954	0	0
84.7955	0	0
84.8956	0	0
84.9957	0	0
85.0958	0	0
85.196	0	0
85.2961	0	0
85.3962	0	0
85.4963	0	0
85.5965	4	140.928
85.6966	2	70.464
85.7967	0	0
85.8968	0	0
85.9969	0	0
86.097	0	0
86.1971	0	0
86.2972	0	0
86.3973	0	0
86.4974	0	0
86.5975	0	0
86.6976	0	0
86.7978	0	0
86.8979	0	0
86.998	0	0
87.0981	0	0
87.1982	0	0
87.2983	0	0
87.3984	0	0
87.4985	0	0
87.5986	0	0
87.6987	0	0
87.7988	0	0
87.899	0	0
87.9991	0	0
88.0992	0	0
88.1993	0	0
88.2994	0	0
88.3995	0	0
88.4996	0	0
88.5997	0	0
88.6998	0	0
88.7999	0	0
88.9001	0	0
89.0002	0	0
89.1003	0	0
89.2004	0	0
89.3005	0	0
89.4006	0	0
89.5007	0	0
89.6008	0	0
89.7009	0	0
89.801	0	0
89.9011	0	0
90.0012	0	0
90.1013	1	35.232
90.2014	4	140.928
90.3015	0	0
90.4016	0	0
90.5018	0	0
90.6019	0	0
90.702	0	0
90.8021	0	0
90.9022	0	0
91.0022	0	0
91.1023	0	0
91.2024	0	0
91.3025	2	70.464
91.4026	1	35.232
91.5027	0	0
91.6028	0	0
91.7029	0	0
91.803	0	0
91.9031	3	105.696
92.0032	0	0
92.1033	0	0
92.2033	4	140.928
92.3034	0	0
92.4036	4	140.928
92.5036	4	140.928
92.6037	1	35.232
92.7038	2	70.464
92.804	6	211.392
92.9041	3	105.696
93.0042	1	35.232
93.1043	7	246.624
93.2044	1	35.232
93.3045	6	211.392
93.4047	2	70.464
93.5047	5	176.16
93.6049	4	140.928
93.7049	7	246.624
93.805	1	35.232
93.9051	4	140.928
94.0052	0	0
94.1053	2	70.464
94.2054	3	105.696
94.3055	0	0
94.4056	0	0
94.5057	3	105.696
94.6058	5	176.16
94.7059	0	0
94.806	0	0
94.9061	0	0
95.0062	2	70.464
95.1063	6	211.392
95.2064	1	35.232
95.3065	0	0
95.4065	0	0
95.5066	0	0
95.6067	3	105.696
95.7068	6	211.392
95.8069	1	35.232
95.907	0	0
96.0071	0	0
96.1072	0	0
96.2073	2	70.464
96.3074	3	105.696
96.4076	6	211.392
96.5077	0	0
96.6078	0	0
96.7079	0	0
96.808	0	0
96.9081	0	0
97.0081	2	70.464
97.1083	8	281.856
97.2084	1	35.232
97.3085	1	35.232
97.4086	0	0
97.5087	0	0
97.6088	0	0
97.7089	0	0
97.809	2	70.464
97.9091	4	140.928
98.0092	7	246.624
98.1094	0	0
98.2095	0	0
98.3096	0	0
98.4097	0	0
98.5098	0	0
98.6099	0	0
98.71	0	0
98.8101	2	70.464
98.9102	1	35.232
99.0103	3	105.696
99.1105	3	105.696
99.2106	4	140.928
99.3106	0	0
99.4108	1	35.232
99.5109	0	0
99.6109	0	0
99.711	0	0
99.8111	0	0
99.9112	0	0
100.011	1	35.232
100.111	1	35.232
100.212	1	35.232
100.312	1	35.232
100.412	7	246.624
100.512	3	105.696
100.612	0	0
100.712	0	0
100.812	0	0
100.912	0	0
101.012	0	0
101.113	0	0
101.213	6	211.392
101.313	3	105.696
101.413	0	0
101.513	0	0
101.613	10	352.32
101.713	0	0
101.813	0	0
101.913	0	0
102.013	0	0
102.114	7	246.624
102.214	4	140.928
102.314	0	0
102.414	0	0
102.514	0	0
102.614	1	35.232
102.714	0	0
102.814	3	105.696
102.914	3	105.696
103.014	5	176.16
103.115	0	0
103.215	1	35.232
103.315	2	70.464
103.415	10	352.32
103.515	0	0
103.615	0	0
103.715	1	35.232
103.815	7	246.624
103.915	1	35.232
104.015	5	176.16
104.116	0	0
104.216	0	0
104.316	0	0
104.416	2	70.464
104.516	0	0
104.616	4	140.928
104.716	8	281.856
104.816	1	35.232
104.916	0	0
105.016	6	211.392
105.117	10	352.32
105.217	8	281.856
105.317	9	317.088
105.417	0	0
105.517	5	176.16
105.617	3	105.696
105.717	5	176.16
105.817	5	176.16
105.917	1	35.232
106.017	1	35.232
106.118	3	105.696
106.218	0	0
106.318	2	70.464
106.418	3	105.696
106.518	2	70.464
106.618	5	176.16
106.718	2	70.464
106.818	1	35.232
106.918	4	140.928
107.018	4	140.928
107.118	12	422.784
107.218	8	281.856
107.319	13	458.016
107.419	0	0
107.519	0	0
107.619	2	70.464
107.719	4	140.928
107.819	4	140.928
107.919	3	105.696
108.019	7	246.624
108.119	1	35.232
108.22	2	70.464
108.32	3	105.696
108.42	2	70.464
108.52	2	70.464
108.62	5	176.16
108.72	12	422.784
108.82	3	105.696
108.92	7	246.624
109.02	5	176.16
109.12	12	422.784
109.221	5	176.16
109.321	5	176.16
109.421	2	70.464
109.521	0	0
109.621	4	140.928
109.721	8	281.856
109.821	2	70.464
109.921	1	35.232
110.021	3	105.696
110.122	0	0
110.222	3	105.696
110.322	2	70.464
110.422	8	281.856
110.522	9	317.088
110.622	4	140.928
110.722	0	0
110.822	3	105.696
110.922	0	0
111.022	1	35.232
111.122	1	35.232
111.223	2	70.464
111.323	0	0
111.423	5	176.16
111.523	2	70.464
111.623	9	317.088
111.723	0	0
111.823	0	0
111.923	1	35.232
112.023	3	105.696
112.123	3	105.696
112.224	1	35.232
112.324	1	35.232
112.424	4	140.928
112.524	3	105.696
112.624	3	105.696
112.724	7	246.624
112.824	0	0
112.924	0	0
113.024	0	0
113.124	0	0
113.225	0	0
113.325	5	176.16
113.425	2	70.464
113.525	7	246.624
113.625	0	0
113.725	0	0
113.825	0	0
113.925	0	0
114.025	6	211.392
114.126	3	105.696
114.226	4	140.928
114.326	3	105.696
114.426	0	0
114.526	0	0
114.626	0	0
114.726	0	0
114.826	5	176.16
114.926	11	387.552
115.027	1	35.232
115.127	0	0
115.227	0	0
115.327	0	0
115.427	0	0
115.527	6	211.392
115.627	3	105.696
115.727	4	140.928
115.827	5	176.16
115.927	0	0
116.028	0	0
116.128	7	246.624
116.228	3	105.696
116.328	7	246.624
116.428	2	70.464
116.528	0	0
116.629	0	0
116.729	3	105.696
116.829	7	246.624
116.929	1	35.232
117.029	3	105.696
117.129	2	70.464
117.229	4	140.928
117.329	0	0
117.429	8	281.856
117.53	4	140.928
117.63	5	176.16
117.73	4	140.928
117.83	0	0
117.93	0	0
118.03	3	105.696
118.13	10	352.32
118.23	0	0
118.33	8	281.856
118.43	1	35.232
118.53	0	0
118.631	0	0
118.731	0	0
118.831	9	317.088
118.931	10	352.32
119.031	4	140.928
119.131	0	0
119.231	0	0
119.332	0	0
119.432	0	0
119.532	12	422.784
119.632	5	176.16
119.732	7	246.624
119.832	0	0
119.932	0	0
120.032	0	0
120.132	2	70.464
120.233	4	140.928
120.333	2	70.464
120.433	8	281.856
120.533	2	70.464
120.633	5	176.16
120.733	2	70.464
120.833	0	0
120.933	1	35.232
121.033	4	140.928
121.133	9	317.088
121.234	4	140.928
121.334	4	140.928
121.434	2	70.464
121.534	0	0
121.634	0	0
121.734	0	0
121.834	0	0
121.934	0	0
122.035	0	0
122.135	2	70.464
122.235	5	176.16
122.335	2	70.464
122.435	5	176.16
122.535	1	35.232
122.635	0	0
122.735	0	0
122.835	0	0
122.936	0	0
123.036	0	0
123.136	0	0
123.236	0	0
123.336	0	0
123.436	0	0
123.536	0	0
123.636	1	35.232
123.736	1	35.232
123.837	0	0
123.937	0	0
124.037	0	0
124.137	2	70.464
124.237	4	140.928
124.337	1	35.232
124.437	0	0
124.537	0	0
124.637	0	0
124.738	0	0
124.838	0	0
124.938	0	0
125.038	0	0
125.138	4	140.928
125.238	0	0
125.338	0	0
125.438	1	35.232
125.538	0	0
125.639	0	0
125.739	5	176.16
125.839	1	35.232
125.939	2	70.464
126.039	5	176.16
126.139	0	0
126.239	0	0
126.339	1	35.232
126.439	3	105.696
126.539	3	105.696
126.64	3	105.696
126.74	0	0
126.84	7	246.624
126.94	2	70.464
127.04	5	176.16
127.14	4	140.928
127.24	3	105.696
127.34	2	70.464
127.44	5	176.16
127.541	2	70.464
127.641	2	70.464
127.741	9	317.088
127.841	1	35.232
127.941	0	0
128.041	5	176.16
128.141	7	246.624
128.241	6	211.392
128.341	7	246.624
128.441	0	0
128.542	0	0
128.642	0	0
128.742	0	0
128.842	0	0
128.942	1	35.232
129.042	3	105.696
129.142	8	281.856
129.242	4	140.928
129.342	5	176.16
129.443	6	211.392
129.543	8	281.856
129.643	0	0
129.743	1	35.232
129.843	4	140.928
129.943	6	211.392
130.043	9	317.088
130.143	4	140.928
130.243	2	70.464
130.343	1	35.232
130.443	9	317.088
130.544	2	70.464
130.644	1	35.232
130.744	11	387.552
130.844	1	35.232
130.944	3	105.696
131.044	2	70.464
131.144	8	281.856
131.244	4	140.928
131.345	3	105.696
131.445	5	176.16
131.545	5	176.16
131.645	3	105.696
131.745	6	211.392
131.845	9	317.088
131.945	5	176.16
132.045	1	35.232
132.145	2	70.464
132.245	9	317.088
132.345	6	211.392
132.445	13	458.016
132.546	5	176.16
132.646	7	246.624
132.746	11	387.552
132.846	8	281.856
132.946	14	493.248
133.046	4	140.928
133.146	7	246.624
133.246	4	140.928
133.346	4	140.928
133.447	7	246.624
133.547	10	352.32
133.647	11	387.552
133.747	9	317.088
133.847	5	176.16
133.947	8	281.856
134.047	10	352.32
134.147	2	70.464
134.247	4	140.928
134.347	10	352.32
134.448	13	458.016
134.548	10	352.32
134.648	10	352.32
134.748	7	246.624
134.848	10	352.32
134.948	12	422.784
135.048	11	387.552
135.148	9	317.088
135.248	12	422.784
135.348	10	352.32
135.449	15	528.48
135.549	20	704.64
135.649	8	281.856
135.749	6	211.392
135.849	1	35.232
135.949	11	387.552
136.05	11	387.552
136.15	6	211.392
136.25	3	105.696
136.35	8	281.856
136.45	21	739.872
136.55	3	105.696
136.65	16	563.712
136.75	17	598.944
136.851	2	70.464
136.951	14	493.248
137.051	18	634.176
137.151	9	317.088
137.251	13	458.016
137.351	14	493.248
137.451	13	458.016
137.551	22	775.104
137.651	6	211.392
137.751	1	35.232
137.851	11	387.552
137.952	19	669.408
138.052	0	0
138.152	5	176.16
138.252	5	176.16
138.352	18	634.176
138.452	10	352.32
138.552	4	140.928
138.652	7	246.624
138.752	9	317.088
138.852	7	246.624
138.953	12	422.784
139.053	4	140.928
139.153	5	176.16
139.253	8	281.856
139.353	11	387.552
139.453	10	352.32
139.553	8	281.856
139.653	5	176.16
139.753	0	0
139.853	0	0
139.954	1	35.232
140.054	0	0
140.154	18	634.176
140.254	7	246.624
140.354	0	0
140.454	0	0
140.554	0	0
140.654	0	0
140.754	14	493.248
140.854	1	35.232
140.954	0	0
141.055	0	0
141.155	15	528.48
141.255	2	70.464
141.355	14	493.248
141.455	0	0
141.555	12	422.784
141.655	5	176.16
141.755	0	0
141.855	18	634.176
141.955	4	140.928
142.055	15	528.48
142.156	0	0
142.256	0	0
142.356	11	387.552
142.456	9	317.088
142.556	0	0
142.656	6	211.392
142.756	2	70.464
142.856	1	35.232
142.956	2	70.464
143.056	10	352.32
143.157	3	105.696
143.257	0	0
143.357	2	70.464
143.457	5	176.16
143.557	2	70.464
143.657	10	352.32
143.757	1	35.232
143.857	0	0
143.957	8	281.856
144.057	5	176.16
144.158	0	0
144.258	1	35.232
144.358	13	458.016
144.458	0	0
144.558	0	0
144.658	0	0
144.758	13	458.016
144.858	2	70.464
144.958	2	70.464
145.058	12	422.784
145.159	2	70.464
145.259	3	105.696
145.359	12	422.784
145.459	2	70.464
145.559	0	0
145.659	13	458.016
145.759	5	176.16
145.859	0	0
145.959	9	317.088
146.059	10	352.32
146.16	1	35.232
146.26	14	493.248
146.36	5	176.16
146.46	0	0
146.56	18	634.176
146.66	3	105.696
146.76	6	211.392
146.86	12	422.784
146.96	4	140.928
147.06	14	493.248
147.161	9	317.088
147.261	4	140.928
147.361	18	634.176
147.461	5	176.16
147.561	22	775.104
147.661	17	598.944
147.761	10	352.32
147.861	15	528.48
147.961	11	387.552
148.062	6	211.392
148.162	21	739.872
148.262	5	176.16
148.362	25	880.8
148.462	7	246.624
148.562	23	810.336
148.662	10	352.32
148.762	6	211.392
148.863	16	563.712
148.963	20	704.64
149.063	5	176.16
149.163	4	140.928
149.263	3	105.696
149.363	1	35.232
149.463	0	0
149.563	13	458.016
149.663	3	105.696
149.763	5	176.16
149.864	10	352.32
149.964	0	0
150.064	2	70.464
150.164	16	563.712
150.264	4	140.928
150.364	17	598.944
150.464	5	176.16
150.564	5	176.16
150.664	12	422.784
150.765	11	387.552
150.865	9	317.088
150.965	15	528.48
151.065	8	281.856
151.165	10	352.32
151.265	10	352.32
151.365	12	422.784
151.465	13	458.016
151.565	10	352.32
151.666	10	352.32
151.766	8	281.856
151.866	23	810.336
151.966	2	70.464
152.066	11	387.552
152.166	10	352.32
152.266	11	387.552
152.366	11	387.552
152.466	18	634.176
152.566	6	211.392
152.666	5	176.16
152.766	0	0
152.867	19	669.408
152.967	0	0
153.067	3	105.696
153.167	10	352.32
153.267	0	0
153.367	0	0
153.467	5	176.16
153.567	12	422.784
153.667	3	105.696
153.767	14	493.248
153.868	12	422.784
153.968	6	211.392
154.068	19	669.408
154.168	5	176.16
154.268	15	528.48
154.368	17	598.944
154.468	9	317.088
154.568	8	281.856
154.668	7	246.624
154.768	2	70.464
154.869	7	246.624
154.969	8	281.856
155.069	13	458.016
155.169	14	493.248
155.269	16	563.712
155.369	16	563.712
155.469	17	598.944
155.569	5	176.16
155.669	8	281.856
155.769	23	810.336
155.87	8	281.856
155.97	11	387.552
156.07	23	810.336
156.17	16	563.712
156.27	13	458.016
156.37	20	704.64
156.47	19	669.408
156.57	19	669.408
156.67	19	669.408
156.77	9	317.088
156.87	16	563.712
156.971	17	598.944
157.071	23	810.336
157.171	18	634.176
157.271	15	528.48
157.371	34	1197.89
157.471	15	528.48
157.571	2	70.464
157.671	24	845.568
157.771	17	598.944
157.871	27	951.264
157.971	26	916.032
158.072	15	528.48
158.172	2	70.464
158.272	11	387.552
158.372	26	916.032
158.472	10	352.32
158.572	14	493.248
158.672	7	246.624
158.772	15	528.48
158.873	12	422.784
158.973	24	845.568
159.073	6	211.392
159.173	20	704.64
159.273	6	211.392
159.373	17	598.944
159.473	6	211.392
159.573	12	422.784
159.673	11	387.552
159.774	4	140.928
159.874	3	105.696
159.974	14	493.248
160.074	1	35.232
160.174	10	352.32
160.274	9	317.088
160.374	4	140.928
160.474	4	140.928
160.574	0	0
160.675	2	70.464
160.775	11	387.552
160.875	7	246.624
160.975	11	387.552
161.075	7	246.624
161.175	8	281.856
161.275	6	211.392
161.704	7	246.624
161.804	18	634.176
161.904	10	352.32
162.004	1	35.232
162.105	12	422.784
162.205	6	211.392
162.305	8	281.856
162.405	12	422.784
162.505	15	528.48
162.605	10	352.32
162.705	7	246.624
162.805	10	352.32
162.905	6	211.392
163.005	7	246.624
163.106	12	422.784
163.206	17	598.944
163.306	10	352.32
163.406	17	598.944
163.506	21	739.872
163.606	11	387.552
163.706	5	176.16
163.806	9	317.088
163.906	13	458.016
164.006	24	845.568
164.106	7	246.624
164.207	13	458.016
164.307	12	422.784
164.407	11	387.552
164.507	17	598.944
164.607	15	528.48
164.707	16	563.712
164.807	25	880.8
164.907	28	986.496
165.007	28	986.496
165.107	7	246.624
165.208	13	458.016
165.308	13	458.016
165.408	4	140.928
165.508	0	0
165.608	29	1021.73
165.708	11	387.552
165.808	6	211.392
165.908	3	105.696
166.008	16	563.712
166.109	19	669.408
166.209	16	563.712
166.309	11	387.552
166.409	18	634.176
166.509	10	352.32
166.609	13	458.016
166.709	23	810.336
166.809	5	176.16
166.909	2	70.464
167.009	14	493.248
167.109	11	387.552
167.21	14	493.248
167.31	15	528.48
167.41	4	140.928
167.51	12	422.784
167.61	0	0
167.71	17	598.944
167.81	0	0
167.91	17	598.944
168.01	7	246.624
168.11	10	352.32
168.21	8	281.856
168.311	15	528.48
168.411	21	739.872
168.511	14	493.248
168.611	8	281.856
168.711	20	704.64
168.811	0	0
168.911	0	0
169.011	0	0
169.111	0	0
169.211	0	0
169.312	0	0
169.412	0	0
169.512	0	0
169.612	0	0
169.712	23	810.336
169.812	0	0
169.912	0	0
170.012	12	422.784
170.112	0	0
170.213	3	105.696
170.313	6	211.392
170.413	2	70.464
170.513	9	317.088
170.613	10	352.32
170.713	7	246.624
170.813	4	140.928
170.913	12	422.784
171.014	12	422.784
171.114	7	246.624
171.214	8	281.856
171.314	0	0
171.414	14	493.248
171.514	1	35.232
171.614	16	563.712
171.714	5	176.16
171.814	12	422.784
171.914	5	176.16
172.015	16	563.712
172.115	6	211.392
172.215	10	352.32
172.315	13	458.016
172.415	9	317.088
172.515	6	211.392
172.615	15	528.48
172.716	5	176.16
172.816	14	493.248
172.916	5	176.16
173.016	21	739.872
173.116	3	105.696
173.216	13	458.016
173.316	24	845.568
173.416	16	563.712
173.516	22	775.104
173.617	6	211.392
173.717	11	387.552
173.817	11	387.552
173.917	23	810.336
174.017	6	211.392
174.117	3	105.696
174.217	20	704.64
174.317	0	0
174.418	0	0
174.518	23	810.336
174.618	7	246.624
174.718	7	246.624
174.818	0	0
174.918	0	0
175.018	0	0
175.118	0	0
175.218	0	0
175.318	0	0
175.418	17	598.944
175.518	0	0
175.619	6	211.392
175.719	4	140.928
175.819	2	70.464
175.919	9	317.088
176.019	2	70.464
176.119	10	352.32
176.219	7	246.624
176.319	10	352.32
176.419	10	352.32
176.519	9	317.088
176.62	8	281.856
176.72	13	458.016
176.82	12	422.784
176.92	11	387.552
177.02	8	281.856
177.12	4	140.928
177.22	11	387.552
177.32	9	317.088
177.42	10	352.32
177.52	7	246.624
177.621	15	528.48
177.721	13	458.016
177.821	18	634.176
177.921	5	176.16
178.021	14	493.248
178.121	0	0
178.221	17	598.944
178.321	7	246.624
178.421	5	176.16
178.521	7	246.624
178.622	5	176.16
178.722	9	317.088
178.822	8	281.856
178.922	7	246.624
179.022	7	246.624
179.122	9	317.088
179.222	10	352.32
179.322	2	70.464
179.422	4	140.928
179.522	10	352.32
179.622	4	140.928
179.723	15	528.48
179.823	8	281.856
179.923	12	422.784
180.023	11	387.552
180.123	3	105.696
180.223	7	246.624
180.323	0	0
180.423	14	493.248
180.523	8	281.856
180.623	8	281.856
180.723	15	528.48
180.823	15	528.48
180.923	9	317.088
181.024	9	317.088
181.124	16	563.712
181.224	26	916.032
181.324	1	35.232
181.424	12	422.784
181.524	11	387.552
181.624	3	105.696
181.724	1	35.232
181.824	24	845.568
181.924	1	35.232
182.024	9	317.088
182.125	11	387.552
182.225	13	458.016
182.325	10	352.32
182.425	12	422.784
182.525	14	493.248
182.625	15	528.48
182.725	11	387.552
182.825	9	317.088
182.925	11	387.552
183.025	13	458.016
183.125	19	669.408
183.225	14	493.248
183.325	14	493.248
183.425	19	669.408
183.526	25	880.8
183.626	15	528.48
183.726	15	528.48
183.826	23	810.336
183.926	15	528.48
184.026	19	669.408
184.126	23	810.336
184.226	20	704.64
184.326	10	352.32
184.426	5	176.16
184.526	26	916.032
184.626	8	281.856
184.727	17	598.944
184.827	14	493.248
184.927	15	528.48
185.027	20	704.64
185.127	12	422.784
185.227	9	317.088
185.327	17	598.944
185.427	14	493.248
185.527	14	493.248
185.627	21	739.872
185.727	13	458.016
185.827	18	634.176
185.927	23	810.336
186.027	10	352.32
186.127	17	598.944
186.228	26	916.032
186.328	17	598.944
186.428	15	528.48
186.528	24	845.568
186.628	7	246.624
186.728	23	810.336
186.828	14	493.248
186.928	9	317.088
187.028	11	387.552
187.128	11	387.552
187.229	15	528.48
187.329	7	246.624
187.429	7	246.624
187.529	15	528.48
187.629	5	176.16
187.729	9	317.088
187.829	11	387.552
187.929	13	458.016
188.029	13	458.016
188.129	1	35.232
188.229	15	528.48
188.329	12	422.784
188.429	10	352.32
188.53	13	458.016
188.63	15	528.48
188.73	1	35.232
188.83	0	0
188.93	18	634.176
189.03	11	387.552
189.13	6	211.392
189.23	7	246.624
189.33	13	458.016
189.43	13	458.016
189.53	15	528.48
189.63	14	493.248
189.73	5	176.16
189.83	14	493.248
189.931	7	246.624
190.031	15	528.48
190.131	19	669.408
190.231	17	598.944
190.331	11	387.552
190.431	19	669.408
190.531	15	528.48
190.631	18	634.176
190.731	9	317.088
190.831	16	563.712
190.931	13	458.016
191.031	1	35.232
191.132	25	880.8
191.232	16	563.712
191.332	20	704.64
191.707	6	211.392
191.807	26	916.032
191.907	15	528.48
192.007	16	563.712
192.108	15	528.48
192.208	13	458.016
192.308	15	528.48
192.408	18	634.176
192.508	20	704.64
192.608	16	563.712
192.708	20	704.64
192.808	20	704.64
192.908	20	704.64
193.008	25	880.8
193.108	15	528.48
193.209	18	634.176
193.309	24	845.568
193.409	28	986.496
193.509	17	598.944
193.609	22	775.104
193.709	27	951.264
193.809	23	810.336
193.909	27	951.264
194.009	22	775.104
194.109	29	1021.73
194.209	24	845.568
194.31	32	1127.42
194.41	25	880.8
194.51	25	880.8
194.61	12	422.784
194.71	25	880.8
194.81	16	563.712
194.91	21	739.872
195.01	15	528.48
195.11	14	493.248
195.21	23	810.336
195.31	9	317.088
195.411	22	775.104
195.511	5	176.16
195.611	22	775.104
195.711	14	493.248
195.811	25	880.8
195.911	14	493.248
196.011	2	70.464
196.111	23	810.336
196.211	11	387.552
196.311	18	634.176
196.411	0	0
196.511	16	563.712
196.612	3	105.696
196.712	15	528.48
196.812	11	387.552
196.912	12	422.784
197.012	16	563.712
197.112	17	598.944
197.212	6	211.392
197.312	18	634.176
197.412	17	598.944
197.512	7	246.624
197.612	10	352.32
197.712	9	317.088
197.812	7	246.624
197.912	8	281.856
198.012	12	422.784
198.113	6	211.392
198.213	15	528.48
198.313	16	563.712
198.413	14	493.248
198.513	15	528.48
198.613	12	422.784
198.713	17	598.944
198.813	20	704.64
198.913	7	246.624
199.013	16	563.712
199.113	22	775.104
199.213	16	563.712
199.313	24	845.568
199.414	13	458.016
199.514	20	704.64
199.614	13	458.016
199.714	24	845.568
199.814	19	669.408
199.914	11	387.552
200.014	25	880.8
200.114	24	845.568
200.214	23	810.336
200.314	26	916.032
200.414	27	951.264
200.514	17	598.944
200.614	23	810.336
200.714	17	598.944
200.815	17	598.944
200.915	10	352.32
201.015	15	528.48
201.115	20	704.64
201.215	6	211.392
201.315	15	528.48
201.415	8	281.856
201.515	20	704.64
201.615	22	775.104
201.715	3	105.696
201.815	22	775.104
201.915	12	422.784
202.015	26	916.032
202.115	18	634.176
202.216	15	528.48
202.316	15	528.48
202.416	14	493.248
202.516	29	1021.73
202.616	5	176.16
202.716	30	1056.96
202.816	25	880.8
202.916	23	810.336
203.016	27	951.264
203.116	26	916.032
203.216	21	739.872
203.317	26	916.032
203.417	19	669.408
203.517	18	634.176
203.617	34	1197.89
203.717	6	211.392
203.817	22	775.104
203.917	32	1127.42
204.017	12	422.784
204.117	18	634.176
204.217	36	1268.35
204.317	4	140.928
204.417	25	880.8
204.517	21	739.872
204.617	1	35.232
204.717	23	810.336
204.818	19	669.408
204.918	23	810.336
205.018	14	493.248
205.118	20	704.64
205.218	10	352.32
205.318	30	1056.96
205.418	15	528.48
205.518	22	775.104
205.618	23	810.336
205.718	22	775.104
205.818	5	176.16
205.919	28	986.496
206.019	14	493.248
206.119	0	0
206.219	24	845.568
206.319	3	105.696
206.419	22	775.104
206.519	4	140.928
206.619	16	563.712
206.719	14	493.248
206.819	19	669.408
206.919	22	775.104
207.019	16	563.712
207.119	22	775.104
207.219	7	246.624
207.32	23	810.336
207.42	25	880.8
207.52	0	0
207.62	32	1127.42
207.72	17	598.944
207.82	19	669.408
207.92	15	528.48
208.02	26	916.032
208.12	35	1233.12
208.22	15	528.48
208.32	32	1127.42
208.42	26	916.032
208.52	38	1338.82
208.62	29	1021.73
208.72	19	669.408
208.821	22	775.104
208.921	14	493.248
209.021	27	951.264
209.121	42	1479.74
209.221	36	1268.35
209.321	8	281.856
209.421	22	775.104
209.521	22	775.104
209.621	32	1127.42
209.721	2	70.464
209.821	15	528.48
209.921	3	105.696
210.021	23	810.336
210.122	22	775.104
210.222	2	70.464
210.322	23	810.336
210.422	1	35.232
210.522	4	140.928
210.622	22	775.104
210.722	4	140.928
210.822	3	105.696
210.922	27	951.264
211.022	11	387.552
211.122	28	986.496
211.222	0	0
211.322	6	211.392
211.422	21	739.872
211.522	30	1056.96
211.622	8	281.856
211.722	26	916.032
211.822	11	387.552
211.923	33	1162.66
212.023	11	387.552
212.123	34	1197.89
212.223	26	916.032
212.323	19	669.408
212.423	33	1162.66
212.523	37	1303.58
212.623	10	352.32
212.723	20	704.64
212.823	35	1233.12
212.923	27	951.264
213.024	5	176.16
213.124	13	458.016
213.224	6	211.392
213.324	28	986.496
213.424	14	493.248
213.524	21	739.872
213.624	23	810.336
213.724	24	845.568
213.824	25	880.8
213.924	17	598.944
214.024	27	951.264
214.124	25	880.8
214.225	23	810.336
214.325	26	916.032
214.425	30	1056.96
214.525	17	598.944
214.625	29	1021.73
214.725	33	1162.66
214.825	34	1197.89
214.925	35	1233.12
215.025	20	704.64
215.125	36	1268.35
215.225	29	1021.73
215.325	35	1233.12
215.426	33	1162.66
215.526	34	1197.89
215.626	36	1268.35
215.726	42	1479.74
215.826	43	1514.98
215.926	44	1550.21
216.026	45	1585.44
216.169	34	1197.89
216.269	44	1550.21
216.369	47	1655.9
216.469	48	1691.14
216.569	49	1726.37
216.669	50	1761.6
216.77	51	1796.83
216.87	52	1832.06
216.97	53	1867.3
217.07	54	1902.53
217.17	55	1937.76
217.27	52	1832.06
217.37	49	1726.37
217.47	56	1972.99
217.57	43	1514.98
217.67	57	2008.22
217.77	61	2149.15
217.87	61	2149.15
217.97	57	2008.22
218.07	51	1796.83
218.17	64	2254.85
218.271	65	2290.08
218.371	3	105.696
218.471	0	0
218.571	66	2325.31
218.671	35	1233.12
218.771	34	1197.89
218.871	24	845.568
218.971	31	1092.19
219.071	25	880.8
219.171	36	1268.35
219.271	40	1409.28
219.371	33	1162.66
219.471	14	493.248
219.571	36	1268.35
219.671	43	1514.98
219.771	14	493.248
219.871	30	1056.96
219.971	45	1585.44
220.071	6	211.392
220.171	40	1409.28
220.271	28	986.496
220.371	19	669.408
220.471	48	1691.14
220.571	6	211.392
220.672	43	1514.98
220.772	50	1761.6
220.872	51	1796.83
220.972	52	1832.06
221.072	53	1867.3
221.172	54	1902.53
221.272	55	1937.76
221.372	52	1832.06
221.472	42	1479.74
221.572	54	1902.53
221.672	55	1937.76
221.773	45	1585.44
221.873	55	1937.76
221.973	58	2043.46
222.073	61	2149.15
222.173	61	2149.15
222.273	62	2184.38
222.374	64	2254.85
222.474	66	2325.31
222.574	67	2360.54
222.674	68	2395.78
222.774	69	2431.01
222.874	69	2431.01
222.974	71	2501.47
223.074	72	2536.7
223.174	21	739.872
223.274	73	2571.94
223.374	74	2607.17
223.474	75	2642.4
223.575	76	2677.63
223.675	77	2712.86
223.775	78	2748.1
223.875	79	2783.33
223.975	80	2818.56
224.075	81	2853.79
224.175	82	2889.02
224.275	83	2924.26
224.375	81	2853.79
224.475	81	2853.79
224.575	84	2959.49
224.675	82	2889.02
224.775	52	1832.06
224.876	87	3065.18
224.976	87	3065.18
225.076	90	3170.88
225.176	89	3135.65
225.276	91	3206.11
225.376	90	3170.88
225.476	89	3135.65
225.576	93	3276.58
225.676	95	3347.04
225.776	87	3065.18
225.876	89	3135.65
225.976	99	3487.97
226.076	100	3523.2
226.176	94	3311.81
226.277	97	3417.5
226.377	103	3628.9
226.477	90	3170.88
226.577	62	2184.38
226.677	105	3699.36
226.777	106	3734.59
226.877	100	3523.2
226.977	106	3734.59
227.077	109	3840.29
227.177	110	3875.52
227.277	110	3875.52
227.377	103	3628.9
227.477	109	3840.29
227.577	99	3487.97
227.677	105	3699.36
227.778	102	3593.66
227.878	106	3734.59
227.978	71	2501.47
228.078	80	2818.56
228.178	119	4192.61
228.278	120	4227.84
228.378	121	4263.07
228.478	94	3311.81
228.578	35	1233.12
228.678	0	0
228.778	47	1655.9
228.878	76	2677.63
228.978	19	669.408
229.078	63	2219.62
229.178	31	1092.19
229.278	46	1620.67
229.378	43	1514.98
229.478	28	986.496
229.578	65	2290.08
229.678	31	1092.19
229.778	66	2325.31
229.878	69	2431.01
229.979	27	951.264
230.079	2	70.464
230.179	68	2395.78
230.279	37	1303.58
230.379	38	1338.82
230.479	27	951.264
230.579	20	704.64
230.679	40	1409.28
230.779	41	1444.51
230.879	42	1479.74
230.979	28	986.496
231.079	25	880.8
231.179	44	1550.21
231.279	24	845.568
231.379	23	810.336
231.479	2	70.464
231.579	0	0
231.679	0	0
231.78	4	140.928
231.88	42	1479.74
231.98	25	880.8
232.08	26	916.032
232.18	27	951.264
232.28	28	986.496
232.38	29	1021.73
232.48	30	1056.96
232.58	31	1092.19
232.68	32	1127.42
232.781	33	1162.66
232.881	32	1127.42
232.981	27	951.264
233.081	35	1233.12
233.181	34	1197.89
233.281	29	1021.73
233.381	33	1162.66
233.481	39	1374.05
233.581	40	1409.28
233.682	39	1374.05
233.782	42	1479.74
233.882	42	1479.74
233.982	43	1514.98
234.082	45	1585.44
234.182	46	1620.67
234.282	46	1620.67
234.382	8	281.856
234.482	48	1691.14
234.582	49	1726.37
234.682	50	1761.6
234.782	51	1796.83
234.883	52	1832.06
234.983	53	1867.3
235.083	54	1902.53
235.183	54	1902.53
235.283	56	1972.99
235.383	54	1902.53
235.483	58	2043.46
235.583	59	2078.69
235.683	60	2113.92
235.783	44	1550.21
235.883	49	1726.37
235.983	53	1867.3
236.084	49	1726.37
236.184	64	2254.85
236.284	65	2290.08
236.384	63	2219.62
236.484	65	2290.08
236.584	68	2395.78
236.684	69	2431.01
236.784	70	2466.24
236.884	71	2501.47
236.984	72	2536.7
237.084	73	2571.94
237.184	74	2607.17
237.284	49	1726.37
237.385	75	2642.4
237.485	76	2677.63
237.585	77	2712.86
237.685	76	2677.63
237.785	76	2677.63
237.885	69	2431.01
237.985	74	2607.17
238.085	80	2818.56
238.185	81	2853.79
238.285	84	2959.49
238.386	85	2994.72
238.486	86	3029.95
238.586	87	3065.18
238.686	84	2959.49
238.786	88	3100.42
238.886	90	3170.88
238.986	91	3206.11
239.086	92	3241.34
239.186	93	3276.58
239.286	88	3100.42
239.386	94	3311.81
239.486	95	3347.04
239.587	45	1585.44
239.687	97	3417.5
239.787	30	1056.96
239.887	90	3170.88
239.987	96	3382.27
240.087	98	3452.74
240.187	98	3452.74
240.287	102	3593.66
240.387	103	3628.9
240.488	99	3487.97
240.588	103	3628.9
240.688	104	3664.13
240.788	105	3699.36
240.888	93	3276.58
240.988	101	3558.43
241.088	109	3840.29
241.188	105	3699.36
241.288	97	3417.5
241.388	113	3981.22
241.488	114	4016.45
241.588	115	4051.68
241.688	115	4051.68
241.789	62	2184.38
241.889	1	35.232
241.989	0	0
242.089	116	4086.91
242.189	2	70.464
242.289	60	2113.92
242.389	4	140.928
242.489	32	1127.42
242.589	2	70.464
242.689	33	1162.66
242.79	34	1197.89
242.89	16	563.712
242.99	35	1233.12
243.09	36	1268.35
243.19	37	1303.58
243.29	38	1338.82
243.39	28	986.496
243.49	40	1409.28
243.59	41	1444.51
243.69	40	1409.28
243.79	41	1444.51
243.891	37	1303.58
243.991	45	1585.44
244.091	46	1620.67
244.191	45	1585.44
244.291	7	246.624
244.391	2	70.464
244.491	2	70.464
244.591	4	140.928
244.691	5	176.16
244.792	3	105.696
244.892	32	1127.42
244.992	26	916.032
245.092	25	880.8
245.192	28	986.496
245.292	28	986.496
245.392	27	951.264
245.492	23	810.336
245.593	31	1092.19
245.693	30	1056.96
245.793	31	1092.19
245.893	33	1162.66
245.993	31	1092.19
246.093	36	1268.35
246.193	36	1268.35
246.293	38	1338.82
246.393	39	1374.05
246.494	30	1056.96
246.594	38	1338.82
246.694	41	1444.51
246.794	40	1409.28
246.894	41	1444.51
246.994	44	1550.21
247.094	45	1585.44
247.194	44	1550.21
247.294	43	1514.98
247.394	19	669.408
247.494	48	1691.14
247.594	25	880.8
247.695	24	845.568
247.795	11	387.552
247.895	26	916.032
247.995	11	387.552
248.095	15	528.48
248.195	17	598.944
248.295	29	1021.73
248.395	24	845.568
248.495	16	563.712
248.595	33	1162.66
248.696	33	1162.66
248.796	26	916.032
248.896	35	1233.12
248.996	36	1268.35
249.096	34	1197.89
249.196	9	317.088
249.296	38	1338.82
249.396	39	1374.05
249.497	33	1162.66
249.597	39	1374.05
249.697	42	1479.74
249.797	39	1374.05
249.897	12	422.784
249.997	44	1550.21
250.097	20	704.64
250.197	36	1268.35
250.297	16	563.712
250.398	4	140.928
250.498	23	810.336
250.598	26	916.032
250.698	26	916.032
250.798	11	387.552
250.898	27	951.264
250.998	29	1021.73
251.099	12	422.784
251.199	30	1056.96
251.299	30	1056.96
251.399	32	1127.42
251.499	33	1162.66
251.599	34	1197.89
251.699	23	810.336
251.799	8	281.856
251.899	17	598.944
251.999	18	634.176
252.099	20	704.64
252.2	21	739.872
252.3	22	775.104
252.4	23	810.336
252.5	24	845.568
252.6	14	493.248
252.7	24	845.568
252.8	24	845.568
252.9	27	951.264
253.001	28	986.496
253.101	29	1021.73
253.201	30	1056.96
253.301	31	1092.19
253.401	31	1092.19
253.501	19	669.408
253.601	18	634.176
253.701	34	1197.89
253.801	6	211.392
253.902	19	669.408
254.002	20	704.64
254.102	21	739.872
254.202	22	775.104
254.302	23	810.336
254.402	22	775.104
254.502	25	880.8
254.602	26	916.032
254.702	27	951.264
254.803	28	986.496
254.903	29	1021.73
255.003	30	1056.96
255.103	31	1092.19
255.203	32	1127.42
255.303	33	1162.66
255.403	34	1197.89
255.503	31	1092.19
255.603	30	1056.96
255.703	33	1162.66
255.803	32	1127.42
255.904	31	1092.19
256.004	39	1374.05
256.104	40	1409.28
256.204	40	1409.28
256.304	42	1479.74
256.404	43	1514.98
256.504	44	1550.21
256.604	39	1374.05
256.704	44	1550.21
256.804	47	1655.9
256.905	48	1691.14
257.005	19	669.408
257.105	49	1726.37
257.205	50	1761.6
257.305	51	1796.83
257.405	52	1832.06
257.505	53	1867.3
257.605	54	1902.53
257.705	55	1937.76
257.805	56	1972.99
257.906	57	2008.22
258.006	58	2043.46
258.106	59	2078.69
258.206	60	2113.92
258.306	61	2149.15
258.406	20	704.64
258.507	58	2043.46
258.607	62	2184.38
258.707	64	2254.85
258.807	65	2290.08
258.907	66	2325.31
259.007	67	2360.54
259.107	67	2360.54
259.207	67	2360.54
259.307	66	2325.31
259.407	67	2360.54
259.508	72	2536.7
259.608	73	2571.94
259.708	74	2607.17
259.808	75	2642.4
259.908	75	2642.4
260.008	74	2607.17
260.108	78	2748.1
260.208	79	2783.33
260.308	80	2818.56
260.409	81	2853.79
260.509	82	2889.02
260.609	83	2924.26
260.709	35	1233.12
260.809	84	2959.49
260.909	43	1514.98
261.009	44	1550.21
261.109	45	1585.44
261.209	45	1585.44
261.31	41	1444.51
261.41	33	1162.66
261.51	43	1514.98
261.61	47	1655.9
261.71	44	1550.21
261.81	49	1726.37
261.91	47	1655.9
262.01	51	1796.83
262.11	54	1902.53
262.21	55	1937.76
262.31	56	1972.99
262.41	52	1832.06
262.51	39	1374.05
262.611	14	493.248
262.711	16	563.712
262.811	34	1197.89
262.911	15	528.48
263.011	13	458.016
263.111	29	1021.73
263.211	14	493.248
263.311	16	563.712
263.411	14	493.248
263.511	18	634.176
263.612	21	739.872
263.712	22	775.104
263.812	23	810.336
263.912	24	845.568
264.012	25	880.8
264.113	26	916.032
264.213	26	916.032
264.313	21	739.872
264.413	22	775.104
264.513	29	1021.73
264.613	29	1021.73
264.713	31	1092.19
