time	pps	kbps
0.100103	0	0
0.200225	1	35.232
0.300347	2	70.464
0.400418	4	140.928
0.500482	8	281.856
0.600594	16	563.712
0.700678	9	317.088
0.800748	18	634.176
0.900808	24	845.568
1.00093	24	845.568
1.10104	8	281.856
1.2011	5	176.16
1.30131	21	739.872
1.40136	17	598.944
1.50147	20	704.64
1.60159	10	352.32
1.70171	8	281.856
1.80183	8	281.856
1.90191	25	880.8
2.00203	11	387.552
2.10213	10	352.32
2.20223	19	669.408
2.30229	5	176.16
2.40236	8	281.856
2.50265	23	810.336
2.60271	24	845.568
2.70279	0	0
2.80287	35	1233.12
2.90303	0	0
3.00315	15	528.48
3.10327	11	387.552
3.20337	23	810.336
3.30346	27	951.264
3.40358	8	281.856
3.5037	10	352.32
3.60379	6	211.392
3.70388	13	458.016
3.80401	23	810.336
3.90413	18	634.176
4.00421	13	458.016
4.10462	20	704.64
4.2047	24	845.568
4.30478	19	669.408
4.40486	12	422.784
4.50495	15	528.48
4.60504	17	598.944
4.70514	5	176.16
4.80526	15	528.48
4.90538	9	317.088
5.0055	6	211.392
5.10562	11	387.552
5.20574	17	598.944
5.30586	9	317.088
5.40595	8	281.856
5.50604	10	352.32
5.60616	13	458.016
5.70628	7	246.624
5.80639	10	352.32
5.9065	2	70.464
6.00657	9	317.088
6.10664	10	352.32
6.20671	30	1056.96
6.30685	32	1127.42
6.40694	29	1021.73
6.50708	15	528.48
6.60717	31	1092.19
6.70725	2	70.464
6.80736	35	1233.12
6.90744	36	1268.35
7.00753	0	0
7.10765	15	528.48
7.2077	13	458.016
7.30783	20	704.64
7.40796	37	1303.58
7.50809	7	246.624
7.60821	37	1303.58
7.70832	26	916.032
7.80843	0	0
7.90851	21	739.872
8.00885	12	422.784
8.10892	21	739.872
8.20904	11	387.552
8.30915	17	598.944
8.40927	25	880.8
8.50933	14	493.248
8.60945	13	458.016
8.70955	28	986.496
8.80964	17	598.944
8.90976	0	0
9.00984	0	0
9.10989	2	70.464
9.20996	16	563.712
9.31008	24	845.568
9.41019	21	739.872
9.51024	5	176.16
9.61032	0	0
9.71041	31	1092.19
9.81048	5	176.16
9.91062	12	422.784
10.011	7	246.624
10.1111	19	669.408
10.2112	8	281.856
10.3114	33	1162.66
10.4115	4	140.928
10.5116	10	352.32
10.6117	20	704.64
10.7118	36	1268.35
10.8119	1	35.232
10.912	17	598.944
11.0121	0	0
11.1122	5	176.16
11.2123	21	739.872
11.3124	0	0
11.4125	3	105.696
11.5126	30	1056.96
11.6127	7	246.624
11.7129	2	70.464
11.813	16	563.712
11.913	8	281.856
12.0131	12	422.784
12.1132	6	211.392
12.2133	17	598.944
12.3134	17	598.944
12.4135	15	528.48
12.5136	20	704.64
12.6137	10	352.32
12.7139	5	176.16
12.814	15	528.48
12.9141	13	458.016
13.0142	3	105.696
13.1142	32	1127.42
13.2143	8	281.856
13.3144	11	387.552
13.4145	17	598.944
13.5146	19	669.408
13.6147	3	105.696
13.7147	18	634.176
13.8148	9	317.088
13.9149	13	458.016
14.015	3	105.696
14.1153	12	422.784
14.2153	18	634.176
14.3154	19	669.408
14.4155	7	246.624
14.5157	3	105.696
14.6158	3	105.696
14.7158	15	528.48
14.816	13	458.016
14.916	23	810.336
15.0161	4	140.928
15.1163	14	493.248
15.2164	22	775.104
15.3165	29	1021.73
15.4166	23	810.336
15.5167	4	140.928
15.6168	5	176.16
15.7169	6	211.392
15.817	8	281.856
15.9171	7	246.624
16.0172	3	105.696
16.1173	2	70.464
16.2174	4	140.928
16.3175	5	176.16
16.4175	6	211.392
16.5176	8	281.856
16.6177	8	281.856
16.7178	5	176.16
16.8179	9	317.088
16.918	9	317.088
17.0181	8	281.856
17.1182	7	246.624
17.2183	6	211.392
17.3184	4	140.928
17.4186	9	317.088
17.5187	15	528.48
17.6188	18	634.176
17.7189	14	493.248
17.819	27	951.264
17.9191	4	140.928
18.0192	11	387.552
18.1193	2	70.464
18.2194	6	211.392
18.3195	12	422.784
18.4196	11	387.552
18.5197	6	211.392
18.6199	4	140.928
18.72	17	598.944
18.82	11	387.552
18.9201	11	387.552
19.0202	8	281.856
19.1203	9	317.088
19.2204	10	352.32
19.3206	6	211.392
19.4207	13	458.016
19.5208	25	880.8
19.6209	7	246.624
19.721	8	281.856
19.8211	11	387.552
19.9212	0	0
20.0213	0	0
20.1214	21	739.872
20.2216	15	528.48
20.3217	8	281.856
20.4218	6	211.392
20.5219	10	352.32
20.622	8	281.856
20.7221	0	0
20.8222	3	105.696
20.9223	0	0
21.0224	10	352.32
21.1225	4	140.928
21.2226	9	317.088
21.3227	23	810.336
21.4229	11	387.552
21.523	4	140.928
21.6231	25	880.8
21.7232	8	281.856
21.8233	10	352.32
21.9234	1	35.232
22.0234	20	704.64
22.1235	3	105.696
22.2237	0	0
22.3238	0	0
22.4238	5	176.16
22.524	16	563.712
22.6241	4	140.928
22.7242	12	422.784
22.8243	13	458.016
22.9244	9	317.088
23.0245	0	0
23.1246	9	317.088
23.2247	22	775.104
23.3248	2	70.464
23.4249	35	1233.12
23.525	1	35.232
23.6251	0	0
23.7252	14	493.248
23.8253	6	211.392
23.9254	6	211.392
24.0255	6	211.392
24.1256	6	211.392
24.2257	9	317.088
24.3258	16	563.712
24.4259	13	458.016
24.5261	7	246.624
24.6262	8	281.856
24.7263	6	211.392
24.8264	0	0
24.9265	0	0
25.0266	0	0
25.1267	0	0
25.2268	7	246.624
25.3269	1	35.232
25.427	0	0
25.5271	0	0
25.6272	6	211.392
25.7273	1	35.232
25.8273	0	0
25.9274	10	352.32
26.0275	11	387.552
26.1276	24	845.568
26.2277	26	916.032
26.3278	17	598.944
26.4279	3	105.696
26.528	0	0
26.6281	9	317.088
26.7282	0	0
26.8283	0	0
26.9284	22	775.104
27.0284	2	70.464
27.1285	37	1303.58
27.2286	20	704.64
27.3288	40	1409.28
27.4289	0	0
27.529	0	0
27.6291	0	0
27.7292	0	0
27.8293	0	0
27.9294	0	0
28.0295	0	0
28.1296	0	0
28.2297	0	0
28.3299	0	0
28.43	0	0
28.5301	0	0
28.6302	0	0
28.7303	17	598.944
28.8304	0	0
28.9305	33	1162.66
29.0306	1	35.232
29.1307	3	105.696
29.2308	0	0
29.3309	0	0
29.4311	0	0
29.5312	34	1197.89
29.6313	0	0
29.7314	2	70.464
29.8315	0	0
29.9316	0	0
30.0317	0	0
30.1318	0	0
30.2319	0	0
30.332	22	775.104
30.432	0	0
30.5321	2	70.464
30.6323	0	0
30.7323	0	0
30.8324	0	0
30.9325	0	0
31.0327	0	0
31.1327	0	0
31.2328	14	493.248
31.3329	21	739.872
31.433	0	0
31.5331	0	0
31.6331	26	916.032
31.7332	0	0
31.8334	0	0
31.9335	0	0
32.0336	18	634.176
32.1336	0	0
32.2337	12	422.784
32.3338	1	35.232
32.4339	0	0
32.534	31	1092.19
32.6341	1	35.232
32.7342	32	1127.42
32.8343	1	35.232
32.9344	1	35.232
33.0345	0	0
33.1346	26	916.032
33.2348	0	0
33.3348	4	140.928
33.435	0	0
33.5351	22	775.104
33.6352	0	0
33.7353	0	0
33.8353	0	0
33.9354	0	0
34.0355	32	1127.42
34.1356	2	70.464
34.2357	9	317.088
34.3359	20	704.64
34.4364	24	845.568
34.5365	23	810.336
34.6366	21	739.872
34.7367	15	528.48
34.8368	7	246.624
34.9369	11	387.552
35.0369	3	105.696
35.1371	0	0
35.2372	0	0
35.3373	0	0
35.4374	0	0
35.5375	0	0
35.6376	0	0
35.7377	0	0
35.8378	0	0
35.9379	0	0
36.038	21	739.872
36.1382	10	352.32
36.2383	5	176.16
36.3384	0	0
36.4385	28	986.496
36.5386	0	0
36.6388	0	0
36.7389	0	0
36.8389	0	0
36.939	0	0
37.0392	0	0
37.1392	25	880.8
37.2393	7	246.624
37.3394	2	70.464
37.4395	5	176.16
37.5396	19	669.408
37.6397	0	0
37.7398	0	0
37.8399	0	0
37.94	0	0
38.0401	0	0
38.1402	0	0
38.2403	0	0
38.3405	0	0
38.4406	2	70.464
38.5407	26	916.032
38.6408	20	704.64
38.7409	4	140.928
38.841	0	0
38.9411	0	0
39.0412	0	0
39.1413	8	281.856
39.2414	0	0
39.3415	0	0
39.4416	10	352.32
39.5417	0	0
39.6418	0	0
39.7419	22	775.104
39.8421	23	810.336
39.9422	19	669.408
40.0422	22	775.104
40.1423	13	458.016
40.2424	23	810.336
40.3426	7	246.624
40.4427	15	528.48
40.5428	0	0
40.6428	6	211.392
40.7429	19	669.408
40.843	22	775.104
40.9431	0	0
41.0432	23	810.336
41.1438	3	105.696
41.2439	22	775.104
41.344	24	845.568
41.4442	5	176.16
41.5443	1	35.232
41.6444	0	0
41.7445	0	0
41.8446	24	845.568
41.9447	19	669.408
42.0448	2	70.464
42.1449	0	0
42.245	0	0
42.3451	0	0
42.4452	20	704.64
42.5453	1	35.232
42.6454	0	0
42.7455	0	0
42.8456	0	0
42.9457	0	0
43.0458	0	0
43.1459	12	422.784
43.2461	6	211.392
43.3462	7	246.624
43.4463	13	458.016
43.5465	14	493.248
43.6466	14	493.248
43.7467	3	105.696
43.8468	14	493.248
43.9469	13	458.016
44.047	7	246.624
44.1471	0	0
44.2472	14	493.248
44.3473	14	493.248
44.4474	0	0
44.5475	0	0
44.6477	0	0
44.7478	4	140.928
44.8478	12	422.784
44.948	3	105.696
45.0481	12	422.784
45.1482	6	211.392
45.2483	0	0
45.3484	12	422.784
45.4485	13	458.016
45.5486	10	352.32
45.6487	0	0
45.7488	0	0
45.8489	3	105.696
45.949	13	458.016
46.0492	13	458.016
46.1493	13	458.016
46.2494	3	105.696
46.3494	13	458.016
46.4495	12	422.784
46.5497	0	0
46.6498	0	0
46.7499	13	458.016
46.8499	13	458.016
46.9501	13	458.016
47.0501	2	70.464
47.1502	0	0
47.2503	0	0
47.3504	0	0
47.4506	0	0
47.5507	0	0
47.6508	2	70.464
47.7509	11	387.552
47.851	1	35.232
47.9511	0	0
48.0512	0	0
48.1513	0	0
48.2514	11	387.552
48.3515	9	317.088
48.4516	3	105.696
48.5517	0	0
48.6518	0	0
48.7519	9	317.088
48.852	4	140.928
48.9521	9	317.088
49.0521	10	352.32
49.1522	4	140.928
49.2523	10	352.32
49.3524	7	246.624
49.4525	9	317.088
49.5526	1	35.232
49.6528	10	352.32
49.753	10	352.32
49.8531	0	0
49.9531	10	352.32
50.0532	3	105.696
50.1533	0	0
50.2533	0	0
50.3535	0	0
50.4536	0	0
50.5537	10	352.32
50.6538	8	281.856
50.7539	8	281.856
50.854	9	317.088
50.954	5	176.16
51.0542	4	140.928
51.1543	0	0
51.2544	0	0
51.3545	0	0
51.4545	0	0
51.5546	9	317.088
51.6547	7	246.624
51.7548	6	211.392
51.8549	0	0
51.955	0	0
52.0551	8	281.856
52.1553	3	105.696
52.2554	0	0
52.3555	6	211.392
52.4557	5	176.16
52.5557	5	176.16
52.6559	2	70.464
52.756	4	140.928
52.8561	4	140.928
52.9562	0	0
53.0563	0	0
53.1564	0	0
53.2565	0	0
53.3566	5	176.16
53.4567	4	140.928
53.5568	0	0
53.6569	0	0
53.7571	0	0
53.8572	4	140.928
53.9573	0	0
54.0574	4	140.928
54.1576	0	0
54.2577	4	140.928
54.3578	4	140.928
54.4579	2	70.464
54.558	4	140.928
54.6581	4	140.928
54.7582	2	70.464
54.8583	4	140.928
54.9584	4	140.928
55.0585	3	105.696
55.1586	0	0
55.2587	4	140.928
55.3588	1	35.232
55.459	3	105.696
55.5592	2	70.464
55.6593	0	0
55.7594	0	0
55.8595	3	105.696
55.9596	3	105.696
56.0597	3	105.696
56.1598	0	0
56.2599	0	0
56.36	0	0
56.4601	0	0
56.5602	0	0
56.6603	0	0
56.7605	0	0
56.8605	2	70.464
56.9606	1	35.232
57.0607	2	70.464
57.1609	2	70.464
57.2609	2	70.464
57.361	2	70.464
57.4611	2	70.464
57.5612	0	0
57.6613	0	0
57.7614	2	70.464
57.8615	2	70.464
57.9616	2	70.464
58.0617	2	70.464
58.1618	0	0
58.2619	2	70.464
58.362	2	70.464
58.4621	2	70.464
58.5622	2	70.464
58.6622	1	35.232
58.7623	2	70.464
58.8624	2	70.464
58.9625	2	70.464
59.0626	1	35.232
59.1627	2	70.464
59.2628	2	70.464
59.3629	2	70.464
59.463	2	70.464
59.5631	0	0
59.6633	0	0
59.7633	2	70.464
59.8634	2	70.464
59.9635	1	35.232
60.0636	0	0
60.1637	2	70.464
60.2638	2	70.464
60.3639	2	70.464
60.464	2	70.464
60.5641	2	70.464
60.6642	0	0
60.7643	2	70.464
60.8644	2	70.464
60.9645	2	70.464
61.0646	0	0
61.1647	2	70.464
61.2648	2	70.464
61.3649	2	70.464
61.4649	2	70.464
61.565	2	70.464
61.6651	2	70.464
61.7652	2	70.464
61.8653	2	70.464
61.9654	1	35.232
62.0655	0	0
62.1656	2	70.464
62.2657	2	70.464
62.3657	2	70.464
62.4658	2	70.464
62.5659	2	70.464
62.666	2	70.464
62.7661	2	70.464
62.8663	2	70.464
62.9664	2	70.464
63.0665	2	70.464
63.1666	2	70.464
63.2667	1	35.232
63.3669	2	70.464
63.4669	2	70.464
63.5671	1	35.232
63.6672	1	35.232
63.7673	0	0
63.8673	0	0
63.9674	2	70.464
64.0676	2	70.464
64.1677	0	0
64.2678	0	0
64.3679	0	0
64.468	0	0
64.5681	0	0
64.6682	2	70.464
64.7684	2	70.464
64.8684	2	70.464
64.9685	2	70.464
65.0687	2	70.464
65.1688	2	70.464
65.2689	2	70.464
65.369	3	105.696
65.469	3	105.696
65.5692	3	105.696
65.6693	1	35.232
65.7694	3	105.696
65.8695	3	105.696
65.9696	2	70.464
66.0697	3	105.696
66.1698	4	140.928
66.2699	4	140.928
66.37	4	140.928
66.4701	5	176.16
66.5702	5	176.16
66.6703	0	0
66.7704	3	105.696
66.8705	6	211.392
66.9706	3	105.696
67.0707	0	0
67.1708	5	176.16
67.2709	4	140.928
67.371	0	0
67.4711	0	0
67.5712	0	0
67.6713	2	70.464
67.7715	3	105.696
67.8716	3	105.696
67.9717	3	105.696
68.0718	2	70.464
68.1719	0	0
68.272	4	140.928
68.3721	3	105.696
68.4722	3	105.696
68.5723	1	35.232
68.6725	3	105.696
68.7726	3	105.696
68.8727	3	105.696
68.9728	2	70.464
69.0729	3	105.696
69.173	3	105.696
69.2731	3	105.696
69.3732	3	105.696
69.4733	0	0
69.5734	3	105.696
69.6736	1	35.232
69.7736	0	0
69.8737	0	0
69.9738	3	105.696
70.0739	3	105.696
70.174	3	105.696
70.2741	3	105.696
70.3742	2	70.464
70.4743	3	105.696
70.5744	3	105.696
70.6745	3	105.696
70.7746	1	35.232
70.8747	3	105.696
70.9748	3	105.696
71.0749	3	105.696
71.175	3	105.696
71.2751	3	105.696
71.3752	3	105.696
71.4753	3	105.696
71.5755	1	35.232
71.6756	2	70.464
71.7757	3	105.696
71.8759	3	105.696
71.9759	3	105.696
72.0761	3	105.696
72.1762	0	0
72.2762	0	0
72.3763	0	0
72.4764	4	140.928
72.5765	2	70.464
72.6766	1	35.232
72.7767	1	35.232
72.8768	0	0
72.977	3	105.696
73.0771	2	70.464
73.1772	2	70.464
73.2773	3	105.696
73.3774	3	105.696
73.4779	3	105.696
73.578	2	70.464
73.6781	2	70.464
73.7782	0	0
73.8782	0	0
73.9783	3	105.696
74.0784	1	35.232
74.1785	0	0
74.2786	0	0
74.3787	2	70.464
74.4789	2	70.464
74.579	2	70.464
74.6792	2	70.464
74.7793	2	70.464
74.8794	2	70.464
74.9795	2	70.464
75.0796	0	0
75.1798	2	70.464
75.2799	2	70.464
75.38	2	70.464
75.4801	2	70.464
75.5802	2	70.464
75.6804	2	70.464
75.7804	2	70.464
75.8806	2	70.464
75.9807	1	35.232
76.0808	2	70.464
76.1808	1	35.232
76.281	2	70.464
76.3811	2	70.464
76.4812	2	70.464
76.5813	3	105.696
76.6814	3	105.696
76.7815	3	105.696
76.8816	3	105.696
76.9817	4	140.928
77.0818	4	140.928
77.1819	4	140.928
77.2821	5	176.16
77.3822	5	176.16
77.4823	6	211.392
77.5824	6	211.392
77.6826	7	246.624
77.7827	8	281.856
77.8828	8	281.856
77.9829	9	317.088
78.0831	9	317.088
78.1832	0	0
78.2833	0	0
78.3835	11	387.552
78.4835	9	317.088
78.5836	9	317.088
78.6837	10	352.32
78.7838	10	352.32
78.8839	4	140.928
78.984	0	0
79.0841	10	352.32
79.1843	8	281.856
79.2844	8	281.856
79.3845	8	281.856
79.4845	9	317.088
79.5847	9	317.088
79.6848	9	317.088
79.7849	9	317.088
79.885	9	317.088
79.9851	4	140.928
80.0853	9	317.088
80.1854	9	317.088
80.2855	9	317.088
80.3856	9	317.088
80.4857	6	211.392
80.5858	0	0
80.6859	9	317.088
80.786	7	246.624
80.8861	7	246.624
80.9862	8	281.856
81.0863	8	281.856
81.1864	8	281.856
81.2865	8	281.856
81.3867	8	281.856
81.4867	8	281.856
81.5868	2	70.464
81.6869	0	0
81.787	0	0
81.8872	8	281.856
81.9873	6	211.392
82.0874	5	176.16
82.1875	0	0
82.2876	0	0
82.3877	7	246.624
82.4878	5	176.16
82.5879	6	211.392
82.688	6	211.392
82.788	6	211.392
82.8881	6	211.392
82.9883	6	211.392
83.0884	6	211.392
83.1885	6	211.392
83.2886	6	211.392
83.3887	6	211.392
83.4888	6	211.392
83.589	6	211.392
83.689	6	211.392
83.7892	6	211.392
83.8892	6	211.392
83.9893	6	211.392
84.0894	4	140.928
84.1895	4	140.928
84.2896	6	211.392
84.3897	6	211.392
84.4898	6	211.392
84.5898	6	211.392
84.6899	6	211.392
84.79	7	246.624
84.8901	6	211.392
84.9902	7	246.624
85.0903	7	246.624
85.1904	7	246.624
85.2905	8	281.856
85.3906	8	281.856
85.4907	9	317.088
85.5908	9	317.088
85.6909	7	246.624
85.791	0	0
85.8911	0	0
85.9912	0	0
86.0913	2	70.464
86.1915	8	281.856
86.2916	8	281.856
86.3916	8	281.856
86.4918	9	317.088
86.5919	0	0
86.692	0	0
86.7921	9	317.088
86.8922	7	246.624
86.9923	7	246.624
87.0924	7	246.624
87.1925	4	140.928
87.2926	8	281.856
87.3927	8	281.856
87.4928	8	281.856
87.5929	8	281.856
87.6929	5	176.16
87.793	8	281.856
87.8932	8	281.856
87.9932	8	281.856
88.0933	7	246.624
88.1935	7	246.624
88.2936	8	281.856
88.3937	8	281.856
88.4938	8	281.856
88.5938	4	140.928
88.6939	0	0
88.794	3	105.696
88.8941	5	176.16
88.9942	7	246.624
89.0943	7	246.624
89.1944	7	246.624
89.2946	7	246.624
89.3947	7	246.624
89.4947	8	281.856
89.5948	8	281.856
89.6949	7	246.624
89.795	0	0
89.8951	8	281.856
89.9952	6	211.392
90.0954	6	211.392
90.1955	7	246.624
90.2956	7	246.624
90.3957	5	176.16
90.4958	6	211.392
90.5959	7	246.624
90.696	7	246.624
90.7961	7	246.624
90.8962	7	246.624
90.9963	7	246.624
91.0964	4	140.928
91.1965	7	246.624
91.2966	7	246.624
91.3966	6	211.392
91.4967	6	211.392
91.5969	7	246.624
91.697	7	246.624
91.7971	7	246.624
91.8972	7	246.624
91.9973	7	246.624
92.0974	7	246.624
92.1975	7	246.624
92.2976	8	281.856
92.3979	7	246.624
92.498	5	176.16
92.5981	8	281.856
92.6982	8	281.856
92.7983	9	317.088
92.8985	9	317.088
92.9985	9	317.088
93.0987	8	281.856
93.1988	10	352.32
93.2989	11	387.552
93.399	7	246.624
93.4991	0	0
93.5992	0	0
93.6993	0	0
93.7995	12	422.784
93.8996	9	317.088
93.9997	10	352.32
94.0998	7	246.624
94.1998	6	211.392
94.3	0	0
94.4001	5	176.16
94.5001	8	281.856
94.6002	5	176.16
94.7003	9	317.088
94.8004	7	246.624
94.9005	0	0
95.0006	9	317.088
95.1007	7	246.624
95.2009	7	246.624
95.301	7	246.624
95.4011	0	0
95.5011	0	0
95.6013	0	0
95.7014	5	176.16
95.8015	0	0
95.9016	5	176.16
96.0017	3	105.696
96.1019	6	211.392
96.2019	5	176.16
96.302	5	176.16
96.4021	4	140.928
96.5022	3	105.696
96.6023	0	0
96.7024	0	0
96.8025	5	176.16
96.9027	4	140.928
97.0028	3	105.696
97.1029	4	140.928
97.203	2	70.464
97.3031	5	176.16
97.4032	5	176.16
97.5034	5	176.16
97.6034	5	176.16
97.7035	5	176.16
97.8036	5	176.16
97.9037	5	176.16
98.0038	5	176.16
98.1039	5	176.16
98.2039	5	176.16
98.304	2	70.464
98.4041	5	176.16
98.5043	5	176.16
98.6044	5	176.16
98.7045	4	140.928
98.8046	5	176.16
98.9046	5	176.16
99.0047	5	176.16
99.1048	5	176.16
99.2049	6	211.392
99.305	4	140.928
99.4051	0	0
99.5053	0	0
99.6054	0	0
99.7058	2	70.464
99.8058	4	140.928
99.9059	5	176.16
100.006	1	35.232
100.106	5	176.16
100.206	5	176.16
100.306	5	176.16
100.406	6	211.392
100.507	6	211.392
100.607	4	140.928
100.707	2	70.464
100.807	6	211.392
100.907	6	211.392
101.007	6	211.392
101.107	6	211.392
101.207	6	211.392
101.307	6	211.392
101.408	6	211.392
101.508	6	211.392
101.608	6	211.392
101.708	1	35.232
101.808	6	211.392
101.908	6	211.392
102.008	6	211.392
102.108	5	176.16
102.208	6	211.392
102.309	6	211.392
102.409	5	176.16
102.509	0	0
102.609	7	246.624
102.709	5	176.16
102.809	2	70.464
102.909	0	0
103.009	4	140.928
103.109	6	211.392
103.21	6	211.392
103.31	6	211.392
103.41	4	140.928
103.51	0	0
103.61	5	176.16
103.71	3	105.696
103.81	5	176.16
103.91	1	35.232
104.01	0	0
104.11	0	0
104.211	0	0
104.311	5	176.16
104.411	4	140.928
104.511	4	140.928
104.611	5	176.16
104.711	5	176.16
104.811	5	176.16
104.911	5	176.16
105.011	0	0
105.111	0	0
105.211	5	176.16
105.312	3	105.696
105.412	4	140.928
105.512	4	140.928
105.612	1	35.232
105.712	4	140.928
105.812	4	140.928
105.912	4	140.928
106.012	4	140.928
106.112	4	140.928
106.213	4	140.928
106.313	4	140.928
106.413	3	105.696
106.513	2	70.464
106.613	4	140.928
106.713	3	105.696
106.813	4	140.928
106.913	0	0
107.013	1	35.232
107.113	0	0
107.214	0	0
107.314	3	105.696
107.414	4	140.928
107.514	0	0
107.614	4	140.928
107.714	4	140.928
107.814	0	0
107.914	0	0
108.014	0	0
108.115	0	0
108.215	0	0
108.315	0	0
108.415	0	0
108.515	0	0
108.615	0	0
108.715	0	0
108.815	0	0
108.915	0	0
109.015	0	0
109.116	0	0
109.216	0	0
109.316	0	0
109.416	0	0
109.516	0	0
109.616	0	0
109.716	0	0
109.816	0	0
109.916	0	0
110.017	0	0
110.117	4	140.928
110.217	3	105.696
110.317	0	0
110.417	3	105.696
110.517	0	0
110.617	0	0
110.717	4	140.928
110.817	3	105.696
110.917	0	0
111.017	3	105.696
111.118	3	105.696
111.218	0	0
111.318	3	105.696
111.418	3	105.696
111.518	3	105.696
111.618	3	105.696
111.718	3	105.696
111.818	2	70.464
111.918	0	0
112.018	0	0
112.119	3	105.696
112.219	2	70.464
112.319	3	105.696
112.419	3	105.696
112.519	3	105.696
112.619	3	105.696
112.719	3	105.696
112.819	3	105.696
112.919	1	35.232
113.02	3	105.696
113.12	3	105.696
113.22	2	70.464
113.32	0	0
113.42	0	0
113.52	0	0
113.62	0	0
113.72	0	0
113.82	3	105.696
113.92	2	70.464
114.021	2	70.464
114.121	3	105.696
114.221	2	70.464
114.321	2	70.464
114.421	2	70.464
114.521	2	70.464
114.621	2	70.464
114.721	2	70.464
114.821	2	70.464
114.922	2	70.464
115.022	2	70.464
115.122	2	70.464
115.222	1	35.232
115.322	0	0
115.422	0	0
115.522	2	70.464
115.622	2	70.464
115.722	2	70.464
115.822	2	70.464
115.923	2	70.464
116.023	2	70.464
116.123	2	70.464
116.223	0	0
116.323	2	70.464
116.423	2	70.464
116.523	0	0
116.623	2	70.464
116.723	0	0
116.823	1	35.232
116.924	1	35.232
117.024	2	70.464
117.124	1	35.232
117.224	2	70.464
117.324	2	70.464
117.424	2	70.464
117.524	2	70.464
117.624	2	70.464
117.724	2	70.464
117.824	2	70.464
117.925	2	70.464
118.025	2	70.464
118.125	1	35.232
118.225	2	70.464
118.325	2	70.464
118.425	2	70.464
118.525	1	35.232
118.625	2	70.464
118.725	3	105.696
118.825	3	105.696
118.925	3	105.696
119.026	3	105.696
119.126	1	35.232
119.226	4	140.928
119.326	4	140.928
119.426	3	105.696
119.526	0	0
119.626	0	0
119.726	0	0
119.826	0	0
119.926	5	176.16
120.027	1	35.232
120.127	0	0
120.227	4	140.928
120.327	4	140.928
120.427	5	176.16
120.527	4	140.928
120.627	5	176.16
120.727	5	176.16
120.828	5	176.16
120.928	5	176.16
121.028	3	105.696
121.128	5	176.16
121.228	4	140.928
121.328	5	176.16
121.428	5	176.16
121.528	5	176.16
121.629	5	176.16
121.729	4	140.928
121.829	5	176.16
121.929	5	176.16
122.029	5	176.16
122.129	5	176.16
122.229	5	176.16
122.329	5	176.16
122.429	5	176.16
122.53	6	211.392
122.63	0	0
122.73	6	211.392
122.83	5	176.16
122.93	5	176.16
123.03	5	176.16
123.13	5	176.16
123.23	5	176.16
123.33	5	176.16
123.43	5	176.16
123.531	6	211.392
123.631	6	211.392
123.731	3	105.696
123.831	6	211.392
123.931	5	176.16
124.031	6	211.392
124.132	6	211.392
124.232	6	211.392
124.332	6	211.392
124.432	5	176.16
124.532	6	211.392
124.632	6	211.392
124.732	3	105.696
124.832	6	211.392
124.932	6	211.392
125.032	5	176.16
125.132	0	0
125.232	0	0
125.333	0	0
125.433	0	0
125.533	0	0
125.633	0	0
125.733	5	176.16
125.833	4	140.928
125.933	4	140.928
126.033	5	176.16
126.133	2	70.464
126.233	0	0
126.334	4	140.928
126.434	3	105.696
126.534	3	105.696
126.634	4	140.928
126.734	4	140.928
126.834	4	140.928
126.934	4	140.928
127.034	4	140.928
127.134	3	105.696
127.234	0	0
127.335	0	0
127.435	0	0
127.535	4	140.928
127.635	3	105.696
127.735	3	105.696
127.835	2	70.464
127.935	0	0
128.035	0	0
128.135	3	105.696
128.236	3	105.696
128.336	3	105.696
128.436	3	105.696
128.536	3	105.696
128.636	3	105.696
128.736	3	105.696
128.836	3	105.696
128.936	3	105.696
129.036	3	105.696
129.136	3	105.696
129.237	3	105.696
129.337	3	105.696
129.437	3	105.696
129.537	3	105.696
129.637	3	105.696
129.737	3	105.696
129.837	0	0
129.937	0	0
130.038	0	0
130.138	3	105.696
130.238	2	70.464
130.338	2	70.464
130.438	3	105.696
130.538	3	105.696
130.638	3	105.696
130.738	3	105.696
130.838	3	105.696
130.938	3	105.696
131.038	3	105.696
131.139	3	105.696
131.239	3	105.696
131.339	3	105.696
131.439	3	105.696
131.539	3	105.696
131.639	3	105.696
131.739	3	105.696
131.839	3	105.696
131.939	3	105.696
132.039	3	105.696
132.14	3	105.696
132.24	3	105.696
132.34	3	105.696
132.44	4	140.928
132.54	4	140.928
132.64	4	140.928
132.74	4	140.928
132.84	1	35.232
132.94	4	140.928
133.041	5	176.16
133.141	5	176.16
133.241	6	211.392
133.341	6	211.392
133.441	7	246.624
133.541	7	246.624
133.641	2	70.464
133.741	0	0
133.841	8	281.856
133.941	7	246.624
134.042	7	246.624
134.142	7	246.624
134.242	7	246.624
134.342	1	35.232
134.442	0	0
134.542	0	0
134.642	7	246.624
134.742	0	0
134.842	6	211.392
134.942	6	211.392
135.043	6	211.392
135.143	6	211.392
135.243	6	211.392
135.343	0	0
135.443	0	0
135.543	0	0
135.643	7	246.624
135.743	3	105.696
135.843	0	0
135.943	5	176.16
136.044	6	211.392
136.144	6	211.392
136.244	6	211.392
136.344	6	211.392
136.444	4	140.928
136.544	6	211.392
136.644	4	140.928
136.744	0	0
136.844	6	211.392
136.944	5	176.16
137.045	1	35.232
137.145	0	0
137.245	5	176.16
137.345	4	140.928
137.445	4	140.928
137.545	4	140.928
137.645	2	70.464
137.745	4	140.928
137.845	4	140.928
137.946	4	140.928
138.046	4	140.928
138.146	4	140.928
138.246	4	140.928
138.346	4	140.928
138.446	1	35.232
138.546	0	0
138.646	0	0
138.746	4	140.928
138.846	3	105.696
138.947	2	70.464
139.047	4	140.928
139.147	4	140.928
139.247	4	140.928
139.347	4	140.928
139.447	4	140.928
139.547	4	140.928
139.647	4	140.928
139.747	4	140.928
139.848	4	140.928
139.948	0	0
140.048	0	0
140.148	4	140.928
140.248	3	105.696
140.348	3	105.696
140.448	3	105.696
140.548	3	105.696
140.648	4	140.928
140.748	3	105.696
140.849	0	0
140.949	0	0
141.049	4	140.928
141.149	3	105.696
141.249	3	105.696
141.349	3	105.696
141.449	3	105.696
141.549	3	105.696
141.649	3	105.696
141.749	3	105.696
141.85	3	105.696
141.95	3	105.696
142.05	3	105.696
142.15	3	105.696
142.25	3	105.696
142.35	3	105.696
142.45	2	70.464
142.55	3	105.696
142.65	3	105.696
142.75	3	105.696
142.851	3	105.696
142.951	4	140.928
143.051	3	105.696
143.151	4	140.928
143.251	4	140.928
143.351	4	140.928
143.451	4	140.928
143.551	5	176.16
143.651	2	70.464
143.751	3	105.696
143.851	0	0
143.952	5	176.16
144.052	4	140.928
144.152	4	140.928
144.252	4	140.928
144.352	5	176.16
144.452	4	140.928
144.552	4	140.928
144.652	4	140.928
144.752	0	0
144.852	4	140.928
144.953	4	140.928
145.053	4	140.928
145.153	4	140.928
145.253	2	70.464
145.353	2	70.464
145.453	4	140.928
145.553	4	140.928
145.653	4	140.928
145.753	4	140.928
145.854	3	105.696
145.954	3	105.696
146.054	4	140.928
146.154	4	140.928
146.254	4	140.928
146.354	4	140.928
146.454	2	70.464
146.554	0	0
146.654	0	0
146.755	0	0
146.855	0	0
146.955	0	0
147.055	4	140.928
147.155	3	105.696
147.255	0	0
147.355	3	105.696
147.455	4	140.928
147.555	3	105.696
147.656	3	105.696
147.756	3	105.696
147.856	3	105.696
147.956	3	105.696
148.056	0	0
148.156	0	0
148.256	1	35.232
148.356	2	70.464
148.456	3	105.696
148.556	1	35.232
148.657	0	0
148.757	3	105.696
148.857	2	70.464
148.957	2	70.464
149.057	2	70.464
149.157	2	70.464
149.257	2	70.464
149.357	2	70.464
149.457	3	105.696
149.558	2	70.464
149.658	0	0
149.758	0	0
149.858	3	105.696
149.958	2	70.464
150.058	2	70.464
150.158	2	70.464
150.258	2	70.464
150.359	2	70.464
150.459	2	70.464
150.559	1	35.232
150.659	0	0
150.759	0	0
150.859	0	0
150.959	0	0
151.059	0	0
151.159	1	35.232
151.259	1	35.232
151.36	1	35.232
151.46	1	35.232
151.56	1	35.232
151.66	2	70.464
151.76	2	70.464
151.86	2	70.464
151.96	2	70.464
152.06	2	70.464
152.16	1	35.232
152.261	2	70.464
152.361	3	105.696
152.461	3	105.696
152.561	3	105.696
152.661	3	105.696
152.761	3	105.696
152.861	3	105.696
152.961	3	105.696
153.061	1	35.232
153.162	4	140.928
153.262	4	140.928
153.362	4	140.928
153.462	5	176.16
153.562	2	70.464
153.662	0	0
153.762	5	176.16
153.862	4	140.928
153.962	4	140.928
154.062	3	105.696
154.163	5	176.16
154.263	4	140.928
154.363	5	176.16
154.463	5	176.16
154.563	5	176.16
154.663	5	176.16
154.763	5	176.16
154.863	5	176.16
154.964	5	176.16
155.064	3	105.696
155.164	5	176.16
155.264	5	176.16
155.364	5	176.16
155.464	5	176.16
155.564	5	176.16
155.664	5	176.16
155.764	5	176.16
155.864	5	176.16
155.965	3	105.696
156.065	5	176.16
156.165	5	176.16
156.265	6	211.392
156.365	6	211.392
156.465	6	211.392
156.565	5	176.16
156.665	6	211.392
156.765	7	246.624
156.865	4	140.928
156.965	7	246.624
157.066	8	281.856
157.166	8	281.856
157.266	0	0
157.366	8	281.856
157.466	7	246.624
157.566	7	246.624
157.666	7	246.624
157.766	8	281.856
157.866	7	246.624
157.966	8	281.856
158.067	8	281.856
158.167	7	246.624
158.267	8	281.856
158.367	8	281.856
158.467	8	281.856
158.567	7	246.624
158.667	5	176.16
158.767	7	246.624
158.867	8	281.856
158.967	7	246.624
159.068	8	281.856
159.168	7	246.624
159.268	8	281.856
159.368	8	281.856
159.468	9	317.088
159.568	9	317.088
159.668	9	317.088
159.768	3	105.696
159.868	9	317.088
159.968	8	281.856
160.068	9	317.088
160.169	0	0
160.269	0	0
160.369	0	0
160.469	9	317.088
160.569	7	246.624
160.669	0	0
160.769	0	0
160.869	0	0
160.969	0	0
161.07	1	35.232
161.17	7	246.624
161.27	6	211.392
161.37	6	211.392
161.47	6	211.392
161.57	6	211.392
161.67	7	246.624
161.77	7	246.624
161.87	7	246.624
161.97	7	246.624
162.07	7	246.624
162.171	6	211.392
162.271	2	70.464
162.371	7	246.624
162.471	7	246.624
162.571	3	105.696
162.671	0	0
162.771	0	0
162.871	7	246.624
162.971	6	211.392
163.071	6	211.392
163.171	0	0
163.271	0	0
163.372	6	211.392
163.472	5	176.16
163.572	1	35.232
163.672	5	176.16
163.772	4	140.928
163.872	4	140.928
163.972	4	140.928
164.072	4	140.928
164.172	4	140.928
164.272	4	140.928
164.373	4	140.928
164.473	4	140.928
164.573	1	35.232
164.673	4	140.928
164.773	4	140.928
164.873	4	140.928
164.973	0	0
165.073	0	0
165.173	0	0
165.274	4	140.928
165.374	4	140.928
165.474	4	140.928
165.574	4	140.928
165.674	4	140.928
165.774	4	140.928
165.874	2	70.464
165.974	0	0
166.074	4	140.928
166.174	3	105.696
166.274	3	105.696
166.374	4	140.928
166.475	4	140.928
166.575	4	140.928
166.675	4	140.928
166.775	4	140.928
166.875	4	140.928
166.975	4	140.928
167.075	0	0
167.175	0	0
167.275	0	0
167.376	0	0
167.476	0	0
167.576	4	140.928
167.676	3	105.696
167.776	3	105.696
167.876	3	105.696
167.976	3	105.696
168.076	3	105.696
168.176	3	105.696
168.276	3	105.696
168.376	3	105.696
168.477	3	105.696
168.577	3	105.696
168.677	3	105.696
168.777	3	105.696
168.877	3	105.696
168.977	3	105.696
169.077	3	105.696
169.177	3	105.696
169.277	3	105.696
169.378	4	140.928
169.478	2	70.464
169.578	0	0
169.678	4	140.928
169.778	3	105.696
169.878	3	105.696
169.978	3	105.696
170.078	3	105.696
170.178	3	105.696
170.279	2	70.464
170.379	4	140.928
170.479	2	70.464
170.579	0	0
170.679	0	0
170.779	4	140.928
170.879	3	105.696
170.979	3	105.696
171.079	2	70.464
171.18	0	0
171.28	0	0
171.38	0	0
171.48	3	105.696
171.58	2	70.464
171.68	1	35.232
171.78	3	105.696
171.88	3	105.696
171.98	3	105.696
172.081	1	35.232
172.181	3	105.696
172.281	2	70.464
172.381	2	70.464
172.481	2	70.464
172.581	2	70.464
172.681	2	70.464
172.781	2	70.464
172.881	2	70.464
172.982	2	70.464
173.082	2	70.464
173.182	1	35.232
173.282	0	0
173.382	2	70.464
173.482	2	70.464
173.582	2	70.464
173.682	2	70.464
173.782	2	70.464
173.883	2	70.464
173.983	2	70.464
174.083	1	35.232
174.183	2	70.464
174.283	2	70.464
174.383	1	35.232
174.483	2	70.464
174.583	0	0
174.683	2	70.464
174.783	2	70.464
174.884	2	70.464
174.984	2	70.464
175.084	2	70.464
175.184	2	70.464
175.284	3	105.696
175.384	3	105.696
175.484	3	105.696
175.584	3	105.696
175.684	3	105.696
175.784	3	105.696
175.885	3	105.696
175.985	4	140.928
176.085	4	140.928
176.185	4	140.928
176.285	4	140.928
176.385	5	176.16
176.485	0	0
176.585	0	0
176.685	5	176.16
176.785	1	35.232
176.886	0	0
176.986	0	0
177.086	0	0
177.186	0	0
177.286	0	0
177.386	0	0
177.486	0	0
177.586	4	140.928
177.686	3	105.696
177.786	4	140.928
177.886	4	140.928
177.987	4	140.928
178.087	4	140.928
178.187	4	140.928
178.287	4	140.928
178.387	4	140.928
178.487	4	140.928
178.587	4	140.928
178.687	4	140.928
178.787	4	140.928
178.888	4	140.928
178.988	4	140.928
179.088	4	140.928
179.188	4	140.928
179.288	4	140.928
179.388	4	140.928
179.488	4	140.928
179.588	4	140.928
179.688	4	140.928
179.788	4	140.928
179.889	5	176.16
179.989	5	176.16
180.089	5	176.16
180.189	1	35.232
180.289	5	176.16
180.389	6	211.392
180.489	6	211.392
180.589	1	35.232
180.689	2	70.464
180.789	5	176.16
180.889	5	176.16
180.99	6	211.392
181.09	6	211.392
181.19	6	211.392
181.29	6	211.392
181.39	6	211.392
181.49	6	211.392
181.59	6	211.392
181.69	7	246.624
181.79	7	246.624
181.89	7	246.624
181.99	7	246.624
182.091	7	246.624
182.191	5	176.16
182.291	7	246.624
182.391	7	246.624
182.491	6	211.392
182.591	7	246.624
182.691	2	70.464
182.792	0	0
182.892	7	246.624
182.992	5	176.16
183.092	6	211.392
183.192	4	140.928
183.292	0	0
183.392	6	211.392
183.492	5	176.16
183.592	5	176.16
183.692	0	0
183.793	3	105.696
183.893	5	176.16
183.993	4	140.928
184.093	4	140.928
184.193	4	140.928
184.293	4	140.928
184.393	4	140.928
184.493	1	35.232
184.593	4	140.928
184.693	4	140.928
184.793	5	176.16
184.894	5	176.16
184.994	5	176.16
185.094	5	176.16
185.194	5	176.16
185.294	5	176.16
185.394	2	70.464
185.494	5	176.16
185.594	5	176.16
185.695	3	105.696
185.795	2	70.464
185.895	0	0
185.995	5	176.16
186.095	4	140.928
186.195	4	140.928
186.295	4	140.928
186.395	3	105.696
186.495	1	35.232
186.595	4	140.928
186.695	4	140.928
186.795	5	176.16
186.896	5	176.16
186.996	5	176.16
187.096	5	176.16
187.196	4	140.928
187.296	0	0
187.396	0	0
187.496	0	0
187.596	0	0
187.696	5	176.16
187.796	3	105.696
187.897	0	0
187.997	1	35.232
188.097	4	140.928
188.197	3	105.696
188.297	3	105.696
188.397	3	105.696
188.497	3	105.696
188.597	3	105.696
188.697	3	105.696
188.797	3	105.696
188.898	3	105.696
188.998	3	105.696
189.098	3	105.696
189.198	1	35.232
189.298	0	0
189.398	0	0
189.498	3	105.696
189.598	3	105.696
189.698	3	105.696
189.798	3	105.696
189.899	3	105.696
189.999	3	105.696
190.099	3	105.696
190.199	3	105.696
190.299	0	0
190.399	3	105.696
190.499	3	105.696
190.599	3	105.696
190.699	3	105.696
190.8	3	105.696
190.9	0	0
191	3	105.696
191.1	3	105.696
191.2	3	105.696
191.3	3	105.696
191.4	3	105.696
191.5	3	105.696
191.6	3	105.696
191.7	3	105.696
191.8	3	105.696
191.901	1	35.232
192.001	3	105.696
192.101	3	105.696
192.201	3	105.696
192.301	3	105.696
192.401	3	105.696
192.501	3	105.696
192.601	4	140.928
192.701	4	140.928
192.801	4	140.928
192.902	4	140.928
193.002	5	176.16
193.102	5	176.16
193.202	5	176.16
193.302	5	176.16
193.402	2	70.464
193.502	0	0
193.602	0	0
193.702	0	0
193.802	0	0
193.903	6	211.392
194.003	5	176.16
194.103	5	176.16
194.203	5	176.16
194.303	6	211.392
194.403	6	211.392
194.503	6	211.392
194.603	6	211.392
194.703	6	211.392
194.804	6	211.392
194.904	6	211.392
195.004	6	211.392
195.104	6	211.392
195.204	6	211.392
195.304	6	211.392
195.404	5	176.16
195.504	6	211.392
195.604	0	0
195.704	5	176.16
195.804	5	176.16
195.905	5	176.16
196.005	6	211.392
196.105	6	211.392
196.205	6	211.392
196.305	6	211.392
196.405	6	211.392
196.505	6	211.392
196.605	6	211.392
196.705	6	211.392
196.805	3	105.696
196.906	0	0
197.006	0	0
197.106	1	35.232
197.206	5	176.16
197.306	0	0
197.406	0	0
197.506	0	0
197.606	5	176.16
197.706	1	35.232
197.806	5	176.16
197.907	5	176.16
198.007	1	35.232
198.107	6	211.392
198.207	5	176.16
198.307	6	211.392
198.407	6	211.392
198.507	6	211.392
198.607	6	211.392
198.707	6	211.392
198.808	6	211.392
198.908	6	211.392
199.008	1	35.232
199.108	5	176.16
199.208	1	35.232
199.308	5	176.16
199.408	5	176.16
199.508	5	176.16
199.608	5	176.16
199.709	5	176.16
199.809	5	176.16
199.909	1	35.232
200.009	0	0
200.109	0	0
200.209	0	0
200.309	0	0
200.409	0	0
200.509	0	0
200.609	2	70.464
200.709	2	70.464
200.81	4	140.928
200.91	3	105.696
201.01	4	140.928
201.11	3	105.696
201.21	0	0
201.31	3	105.696
201.41	2	70.464
201.51	2	70.464
201.61	1	35.232
201.71	2	70.464
201.811	3	105.696
201.911	3	105.696
202.011	3	105.696
202.111	2	70.464
202.211	0	0
202.311	3	105.696
202.411	2	70.464
202.511	2	70.464
202.611	2	70.464
202.712	2	70.464
202.812	2	70.464
202.912	2	70.464
203.012	2	70.464
203.112	2	70.464
203.212	2	70.464
203.312	2	70.464
203.412	0	0
203.512	2	70.464
203.612	2	70.464
203.713	2	70.464
203.813	2	70.464
203.913	2	70.464
204.013	2	70.464
204.113	3	105.696
204.213	3	105.696
204.313	3	105.696
204.413	3	105.696
204.513	3	105.696
204.613	3	105.696
204.714	3	105.696
204.814	4	140.928
204.914	4	140.928
205.014	2	70.464
205.114	4	140.928
205.214	5	176.16
205.314	6	211.392
205.414	6	211.392
205.514	7	246.624
205.614	7	246.624
205.715	8	281.856
205.815	3	105.696
205.915	9	317.088
206.015	10	352.32
206.115	5	176.16
206.215	12	422.784
206.315	13	458.016
206.415	15	528.48
206.515	16	563.712
206.615	17	598.944
206.716	12	422.784
206.816	2	70.464
206.916	18	634.176
207.016	0	0
207.116	16	563.712
207.216	13	458.016
207.316	7	246.624
207.416	1	35.232
207.517	0	0
207.617	0	0
207.717	14	493.248
207.817	11	387.552
207.917	11	387.552
208.017	11	387.552
208.117	12	422.784
208.217	12	422.784
208.318	8	281.856
208.418	9	317.088
208.518	12	422.784
208.618	10	352.32
208.718	12	422.784
208.818	12	422.784
208.918	9	317.088
209.018	12	422.784
209.118	12	422.784
209.218	8	281.856
209.318	12	422.784
209.418	11	387.552
209.519	12	422.784
209.619	12	422.784
209.719	11	387.552
209.819	12	422.784
209.919	12	422.784
210.019	12	422.784
210.119	13	458.016
210.219	7	246.624
210.319	11	387.552
210.419	8	281.856
210.519	13	458.016
210.62	13	458.016
210.72	13	458.016
210.82	14	493.248
210.92	14	493.248
211.02	10	352.32
211.12	15	528.48
211.22	13	458.016
211.32	16	563.712
211.42	16	563.712
211.52	17	598.944
211.62	14	493.248
211.72	16	563.712
211.821	16	563.712
211.921	0	0
212.021	19	669.408
212.121	16	563.712
212.221	17	598.944
212.321	6	211.392
212.421	0	0
212.521	0	0
212.621	0	0
212.722	0	0
212.822	0	0
212.922	0	0
213.022	0	0
213.122	14	493.248
213.222	11	387.552
213.322	14	493.248
213.422	11	387.552
213.522	11	387.552
213.622	3	105.696
213.722	12	422.784
213.822	12	422.784
213.923	12	422.784
214.023	12	422.784
214.123	9	317.088
214.223	12	422.784
214.323	12	422.784
214.423	7	246.624
214.523	13	458.016
214.623	12	422.784
214.723	13	458.016
214.823	11	387.552
214.923	0	0
215.023	0	0
215.124	13	458.016
215.224	0	0
215.324	10	352.32
215.424	2	70.464
215.524	0	0
215.624	2	70.464
215.724	8	281.856
215.824	8	281.856
215.924	9	317.088
216.025	9	317.088
216.125	9	317.088
216.225	9	317.088
216.325	9	317.088
216.425	9	317.088
216.525	9	317.088
216.625	9	317.088
216.725	9	317.088
216.825	9	317.088
216.925	6	211.392
217.025	9	317.088
217.126	0	0
217.226	9	317.088
217.326	8	281.856
217.426	8	281.856
217.526	8	281.856
217.626	8	281.856
217.726	0	0
217.826	0	0
217.926	9	317.088
218.026	7	246.624
218.127	7	246.624
218.227	7	246.624
218.327	6	211.392
218.427	7	246.624
218.527	0	0
218.627	7	246.624
218.727	6	211.392
218.827	6	211.392
218.927	6	211.392
219.028	6	211.392
219.128	6	211.392
219.228	0	0
219.328	0	0
219.428	7	246.624
219.528	5	176.16
219.628	5	176.16
219.728	5	176.16
219.828	6	211.392
219.928	6	211.392
220.028	6	211.392
220.129	6	211.392
220.229	6	211.392
220.329	2	70.464
220.429	6	211.392
220.529	0	0
220.629	6	211.392
220.729	5	176.16
220.83	2	70.464
220.93	0	0
221.03	5	176.16
221.13	4	140.928
221.23	3	105.696
221.33	2	70.464
221.43	0	0
221.53	4	140.928
221.63	3	105.696
221.73	1	35.232
221.83	3	105.696
221.931	3	105.696
222.031	1	35.232
222.131	4	140.928
222.231	3	105.696
222.331	4	140.928
222.431	4	140.928
222.531	4	140.928
222.631	4	140.928
222.731	4	140.928
222.831	4	140.928
222.932	4	140.928
223.032	4	140.928
223.132	4	140.928
223.232	4	140.928
223.332	4	140.928
223.432	4	140.928
223.532	3	105.696
223.632	4	140.928
223.732	3	105.696
223.833	0	0
223.933	4	140.928
224.033	4	140.928
224.133	2	70.464
224.233	0	0
224.333	0	0
224.433	0	0
224.533	0	0
224.633	0	0
224.733	4	140.928
224.834	3	105.696
224.934	0	0
225.034	3	105.696
225.134	3	105.696
225.234	3	105.696
225.334	3	105.696
225.434	3	105.696
225.534	3	105.696
225.634	3	105.696
225.735	3	105.696
225.835	3	105.696
225.935	3	105.696
226.035	3	105.696
226.135	3	105.696
226.235	3	105.696
226.335	3	105.696
226.435	3	105.696
226.535	1	35.232
226.636	1	35.232
226.736	0	0
226.836	0	0
226.936	0	0
227.036	0	0
227.136	0	0
227.236	0	0
227.336	0	0
227.436	0	0
227.536	0	0
227.636	3	105.696
227.737	1	35.232
227.837	2	70.464
227.937	2	70.464
228.037	3	105.696
228.137	3	105.696
228.237	3	105.696
228.337	3	105.696
228.437	3	105.696
228.538	3	105.696
228.638	1	35.232
228.738	3	105.696
228.838	3	105.696
228.938	3	105.696
229.038	3	105.696
229.138	3	105.696
229.238	2	70.464
229.338	2	70.464
229.438	0	0
229.539	0	0
229.639	0	0
229.739	0	0
229.839	0	0
229.939	0	0
230.039	0	0
230.139	0	0
230.239	0	0
230.339	0	0
230.44	0	0
230.54	0	0
230.64	3	105.696
230.74	0	0
230.84	0	0
230.94	0	0
231.04	0	0
231.14	2	70.464
231.24	3	105.696
231.34	0	0
231.441	0	0
231.541	0	0
231.641	0	0
231.741	0	0
231.841	0	0
231.941	0	0
232.041	0	0
232.141	3	105.696
232.242	2	70.464
232.342	2	70.464
232.442	0	0
232.542	0	0
232.642	0	0
232.742	0	0
232.842	2	70.464
232.942	2	70.464
233.042	2	70.464
233.143	0	0
233.243	0	0
233.343	0	0
233.443	0	0
233.543	0	0
233.643	0	0
233.743	2	70.464
233.843	2	70.464
233.943	3	105.696
234.043	3	105.696
234.144	3	105.696
234.244	3	105.696
234.344	3	105.696
234.444	3	105.696
234.544	3	105.696
234.644	4	140.928
234.744	4	140.928
234.844	0	0
234.944	0	0
235.044	4	140.928
235.145	4	140.928
235.245	4	140.928
235.345	4	140.928
235.445	4	140.928
235.545	4	140.928
235.645	4	140.928
235.745	4	140.928
235.845	4	140.928
235.945	4	140.928
236.046	0	0
236.146	4	140.928
236.246	1	35.232
236.346	4	140.928
236.446	4	140.928
236.546	4	140.928
236.646	3	105.696
236.746	4	140.928
236.846	4	140.928
236.946	4	140.928
237.046	4	140.928
237.146	1	35.232
237.247	0	0
237.347	0	0
237.447	0	0
237.547	0	0
237.647	5	176.16
237.747	4	140.928
237.847	4	140.928
237.947	4	140.928
238.047	4	140.928
238.148	4	140.928
238.248	4	140.928
238.348	0	0
238.448	4	140.928
238.548	4	140.928
238.648	4	140.928
238.748	4	140.928
238.848	4	140.928
238.948	4	140.928
239.049	4	140.928
239.149	4	140.928
239.249	4	140.928
239.349	4	140.928
239.449	3	105.696
239.549	0	0
239.649	4	140.928
239.749	3	105.696
239.849	3	105.696
239.949	3	105.696
240.05	3	105.696
240.15	3	105.696
240.25	2	70.464
240.35	3	105.696
240.45	3	105.696
240.55	3	105.696
240.65	1	35.232
240.75	0	0
240.85	0	0
240.951	3	105.696
241.051	3	105.696
241.151	3	105.696
241.251	0	0
241.351	3	105.696
241.451	0	0
241.551	3	105.696
241.651	2	70.464
241.751	2	70.464
241.851	0	0
241.952	2	70.464
242.052	3	105.696
242.152	3	105.696
242.252	3	105.696
242.352	0	0
242.452	3	105.696
242.552	1	35.232
242.652	3	105.696
242.752	3	105.696
242.852	3	105.696
242.953	3	105.696
243.053	0	0
243.153	3	105.696
243.253	0	0
243.353	0	0
243.453	2	70.464
243.553	2	70.464
243.653	2	70.464
243.753	3	105.696
243.854	3	105.696
243.954	0	0
244.054	3	105.696
244.154	3	105.696
244.254	0	0
244.354	3	105.696
244.454	3	105.696
244.554	3	105.696
244.654	3	105.696
244.754	0	0
244.855	3	105.696
244.955	3	105.696
245.055	3	105.696
245.155	3	105.696
245.255	3	105.696
245.355	3	105.696
245.455	0	0
245.555	0	0
245.655	3	105.696
245.755	3	105.696
245.856	3	105.696
245.956	3	105.696
246.056	3	105.696
246.156	3	105.696
246.256	0	0
246.356	3	105.696
246.456	3	105.696
246.556	3	105.696
246.656	0	0
246.757	3	105.696
246.857	3	105.696
246.957	3	105.696
247.057	3	105.696
247.157	0	0
247.257	3	105.696
247.357	3	105.696
247.457	3	105.696
247.557	3	105.696
247.657	3	105.696
247.757	3	105.696
247.858	1	35.232
247.958	4	140.928
248.058	4	140.928
248.158	4	140.928
248.258	3	105.696
248.358	4	140.928
248.458	5	176.16
248.558	4	140.928
248.658	5	176.16
248.758	5	176.16
248.858	6	211.392
248.959	7	246.624
249.059	0	0
249.159	1	35.232
249.259	6	211.392
249.359	6	211.392
249.459	5	176.16
249.559	0	0
249.659	0	0
249.759	6	211.392
249.86	5	176.16
249.96	4	140.928
250.06	0	0
250.16	0	0
250.26	0	0
250.36	0	0
250.46	3	105.696
250.56	4	140.928
250.661	2	70.464
250.761	4	140.928
250.861	5	176.16
250.961	5	176.16
251.061	2	70.464
251.161	0	0
251.261	5	176.16
251.361	4	140.928
251.461	0	0
251.561	4	140.928
251.662	0	0
251.762	3	105.696
251.862	3	105.696
251.962	3	105.696
252.062	3	105.696
252.162	3	105.696
252.262	1	35.232
252.362	2	70.464
252.462	3	105.696
252.562	3	105.696
252.663	3	105.696
252.763	3	105.696
252.863	0	0
252.963	3	105.696
253.063	3	105.696
253.163	3	105.696
253.263	3	105.696
253.363	4	140.928
253.463	3	105.696
253.564	4	140.928
253.664	1	35.232
253.764	4	140.928
253.864	4	140.928
253.964	0	0
254.064	4	140.928
254.164	5	176.16
254.264	5	176.16
254.364	5	176.16
254.464	6	211.392
254.565	6	211.392
254.665	7	246.624
254.765	7	246.624
254.865	8	281.856
254.965	2	70.464
255.065	9	317.088
255.165	9	317.088
255.265	9	317.088
255.365	11	387.552
255.465	12	422.784
255.566	13	458.016
255.666	14	493.248
255.766	13	458.016
255.866	11	387.552
255.966	0	0
256.066	0	0
256.166	0	0
256.266	0	0
256.366	0	0
256.467	18	634.176
256.567	14	493.248
256.667	4	140.928
256.767	15	528.48
256.867	3	105.696
256.967	0	0
257.067	0	0
257.167	15	528.48
257.267	12	422.784
257.367	13	458.016
257.468	13	458.016
257.568	13	458.016
257.668	6	211.392
257.768	12	422.784
257.868	14	493.248
257.968	14	493.248
258.068	2	70.464
258.168	0	0
258.268	14	493.248
258.368	0	0
258.468	0	0
258.568	0	0
258.669	11	387.552
258.769	4	140.928
258.869	0	0
258.969	0	0
259.069	0	0
259.169	12	422.784
259.269	9	317.088
259.369	10	352.32
259.469	10	352.32
259.57	3	105.696
259.67	10	352.32
259.77	8	281.856
259.87	9	317.088
259.97	4	140.928
260.07	10	352.32
260.17	10	352.32
260.27	10	352.32
260.37	10	352.32
260.471	10	352.32
260.571	10	352.32
260.671	9	317.088
260.771	8	281.856
260.871	0	0
260.971	11	387.552
261.071	9	317.088
261.171	9	317.088
261.271	9	317.088
261.372	9	317.088
261.472	10	352.32
261.572	10	352.32
261.672	10	352.32
261.772	6	211.392
261.872	8	281.856
261.972	0	0
262.072	10	352.32
262.172	7	246.624
262.273	0	0
262.373	0	0
262.473	8	281.856
262.573	7	246.624
262.673	7	246.624
262.773	7	246.624
262.873	7	246.624
262.973	7	246.624
263.073	7	246.624
263.173	1	35.232
263.274	6	211.392
263.374	0	0
263.474	7	246.624
263.574	1	35.232
263.674	6	211.392
263.774	5	176.16
263.874	6	211.392
263.974	6	211.392
264.075	6	211.392
264.175	7	246.624
264.275	7	246.624
264.375	4	140.928
264.475	5	176.16
264.575	7	246.624
264.675	7	246.624
264.775	7	246.624
264.876	7	246.624
264.976	7	246.624
265.076	7	246.624
265.176	7	246.624
265.276	5	176.16
265.376	3	105.696
265.476	0	0
265.576	0	0
265.676	0	0
265.777	0	0
265.877	0	0
265.977	0	0
266.077	0	0
266.177	6	211.392
266.277	5	176.16
266.377	6	211.392
266.477	5	176.16
266.577	4	140.928
266.677	0	0
266.778	5	176.16
266.878	4	140.928
266.978	4	140.928
267.078	4	140.928
267.178	2	70.464
267.278	4	140.928
267.378	2	70.464
267.478	3	105.696
267.578	3	105.696
267.678	3	105.696
267.779	1	35.232
267.879	0	0
267.979	4	140.928
268.079	3	105.696
268.179	3	105.696
268.279	3	105.696
268.379	3	105.696
268.479	3	105.696
268.579	3	105.696
268.68	3	105.696
268.78	3	105.696
268.88	3	105.696
268.98	0	0
269.08	3	105.696
269.18	3	105.696
269.28	3	105.696
269.38	3	105.696
269.48	3	105.696
269.581	3	105.696
269.681	3	105.696
269.781	2	70.464
269.881	3	105.696
269.981	4	140.928
270.081	1	35.232
270.181	4	140.928
270.281	3	105.696
270.381	4	140.928
270.481	4	140.928
270.582	5	176.16
270.682	5	176.16
270.782	5	176.16
270.882	6	211.392
270.982	5	176.16
271.082	7	246.624
271.182	7	246.624
271.282	4	140.928
271.382	8	281.856
271.482	4	140.928
271.583	9	317.088
271.683	1	35.232
271.783	8	281.856
271.883	6	211.392
271.983	6	211.392
272.083	7	246.624
272.183	7	246.624
272.283	7	246.624
272.384	6	211.392
272.484	1	35.232
272.584	7	246.624
272.684	0	0
272.784	7	246.624
272.884	3	105.696
272.984	6	211.392
273.084	6	211.392
273.184	3	105.696
273.285	2	70.464
273.385	6	211.392
273.485	2	70.464
273.585	5	176.16
273.685	5	176.16
273.785	5	176.16
273.885	5	176.16
273.985	5	176.16
274.085	5	176.16
274.185	5	176.16
274.286	5	176.16
274.386	3	105.696
274.486	5	176.16
274.586	5	176.16
274.686	5	176.16
274.786	5	176.16
274.886	5	176.16
274.986	2	70.464
275.086	5	176.16
275.186	5	176.16
275.287	5	176.16
275.387	1	35.232
275.487	0	0
275.587	0	0
275.687	6	211.392
275.787	5	176.16
275.887	5	176.16
275.987	5	176.16
276.087	5	176.16
276.188	5	176.16
276.288	3	105.696
276.388	5	176.16
276.488	1	35.232
276.588	5	176.16
276.688	4	140.928
276.788	0	0
276.888	4	140.928
276.988	5	176.16
277.088	5	176.16
277.189	5	176.16
277.289	5	176.16
277.389	4	140.928
277.489	5	176.16
277.589	5	176.16
277.689	4	140.928
277.79	4	140.928
277.89	5	176.16
277.99	3	105.696
278.09	0	0
278.19	5	176.16
278.29	4	140.928
278.39	4	140.928
278.49	4	140.928
278.59	4	140.928
278.69	5	176.16
278.791	5	176.16
278.891	0	0
278.991	5	176.16
279.091	4	140.928
279.191	0	0
279.291	3	105.696
279.391	2	70.464
279.491	3	105.696
279.592	3	105.696
279.692	2	70.464
279.792	3	105.696
279.892	3	105.696
279.992	0	0
280.092	3	105.696
280.192	3	105.696
280.292	3	105.696
280.392	4	140.928
280.493	4	140.928
280.593	4	140.928
280.693	4	140.928
280.793	3	105.696
280.893	0	0
280.993	0	0
281.093	0	0
281.193	0	0
281.293	0	0
281.393	3	105.696
281.494	3	105.696
281.594	2	70.464
281.694	3	105.696
281.794	3	105.696
281.894	3	105.696
281.994	3	105.696
282.094	3	105.696
282.194	3	105.696
282.294	3	105.696
282.395	0	0
282.495	0	0
282.595	0	0
282.695	0	0
282.795	0	0
282.895	0	0
282.995	0	0
283.095	0	0
283.195	0	0
283.296	0	0
283.396	0	0
283.496	0	0
283.596	0	0
283.696	0	0
283.796	0	0
283.896	0	0
283.996	0	0
284.096	0	0
284.197	0	0
284.297	0	0
284.397	0	0
284.497	0	0
284.597	0	0
284.697	0	0
284.797	0	0
284.897	0	0
284.998	0	0
285.098	0	0
285.198	4	140.928
285.298	3	105.696
285.398	3	105.696
285.498	3	105.696
285.598	2	70.464
285.698	3	105.696
285.798	1	35.232
285.898	3	105.696
285.999	3	105.696
286.099	3	105.696
286.199	3	105.696
286.299	3	105.696
286.399	3	105.696
286.499	0	0
286.599	3	105.696
286.699	3	105.696
286.799	3	105.696
286.9	3	105.696
287	2	70.464
287.1	0	0
287.2	0	0
287.3	0	0
287.4	0	0
287.5	3	105.696
287.6	1	35.232
287.7	3	105.696
287.801	3	105.696
287.901	3	105.696
288.001	3	105.696
288.101	3	105.696
288.201	3	105.696
288.301	3	105.696
288.401	1	35.232
288.501	3	105.696
288.602	3	105.696
288.702	3	105.696
288.802	3	105.696
288.902	2	70.464
289.002	3	105.696
289.102	3	105.696
289.202	3	105.696
289.302	3	105.696
289.402	3	105.696
289.502	3	105.696
289.603	4	140.928
289.703	4	140.928
289.803	4	140.928
289.903	4	140.928
290.003	4	140.928
290.103	4	140.928
290.203	3	105.696
290.303	5	176.16
290.403	5	176.16
290.504	5	176.16
290.604	6	211.392
290.704	4	140.928
290.804	7	246.624
290.904	6	211.392
291.004	3	105.696
291.104	8	281.856
291.204	9	317.088
291.305	6	211.392
291.405	10	352.32
291.505	11	387.552
291.605	12	422.784
291.705	13	458.016
291.805	14	493.248
291.905	15	528.48
292.005	16	563.712
292.105	10	352.32
292.206	19	669.408
292.306	5	176.16
292.406	0	0
292.506	21	739.872
292.606	0	0
292.706	17	598.944
292.806	18	634.176
292.906	18	634.176
293.006	19	669.408
293.107	11	387.552
293.207	16	563.712
293.307	19	669.408
293.407	20	704.64
293.507	20	704.64
293.607	9	317.088
293.707	18	634.176
293.807	10	352.32
293.907	17	598.944
294.007	12	422.784
294.108	13	458.016
294.208	17	598.944
294.308	17	598.944
294.408	18	634.176
294.508	18	634.176
294.608	13	458.016
294.708	18	634.176
294.808	8	281.856
294.908	18	634.176
295.008	15	528.48
295.109	15	528.48
295.209	15	528.48
295.309	1	35.232
295.409	15	528.48
295.509	16	563.712
295.609	16	563.712
295.709	5	176.16
295.809	16	563.712
295.909	15	528.48
296.01	16	563.712
296.11	14	493.248
296.21	16	563.712
296.31	16	563.712
296.41	16	563.712
296.51	11	387.552
296.611	13	458.016
296.711	16	563.712
296.811	16	563.712
296.911	14	493.248
297.011	14	493.248
297.111	16	563.712
297.211	1	35.232
297.311	16	563.712
297.412	13	458.016
297.512	14	493.248
297.612	13	458.016
297.712	14	493.248
297.812	15	528.48
297.912	15	528.48
298.012	9	317.088
298.112	14	493.248
298.212	16	563.712
298.313	16	563.712
298.413	9	317.088
298.513	16	563.712
298.613	15	528.48
298.713	16	563.712
298.813	16	563.712
298.913	16	563.712
299.013	1	35.232
299.113	16	563.712
299.214	16	563.712
299.314	16	563.712
299.414	16	563.712
299.514	15	528.48
299.614	16	563.712
299.714	16	563.712
299.814	16	563.712
299.914	8	281.856
300.014	16	563.712
300.114	16	563.712
300.215	17	598.944
300.315	17	598.944
300.415	6	211.392
300.515	17	598.944
300.615	14	493.248
300.715	4	140.928
300.815	14	493.248
300.915	13	458.016
301.016	15	528.48
301.116	1	35.232
301.216	15	528.48
301.316	16	563.712
301.416	16	563.712
301.516	0	0
301.616	16	563.712
301.716	16	563.712
301.816	10	352.32
301.917	0	0
302.017	17	598.944
302.117	13	458.016
302.217	14	493.248
302.317	14	493.248
302.417	12	422.784
302.517	1	35.232
302.617	14	493.248
302.717	15	528.48
302.817	12	422.784
302.917	15	528.48
303.018	15	528.48
303.118	8	281.856
303.218	14	493.248
303.318	15	528.48
303.418	11	387.552
303.518	11	387.552
303.618	15	528.48
303.718	11	387.552
303.818	15	528.48
303.919	13	458.016
304.019	15	528.48
304.119	14	493.248
304.219	0	0
304.319	15	528.48
304.419	11	387.552
304.519	1	35.232
304.619	13	458.016
304.719	13	458.016
304.82	13	458.016
304.92	14	493.248
305.02	14	493.248
305.12	14	493.248
305.22	14	493.248
305.32	15	528.48
305.42	15	528.48
305.52	14	493.248
305.62	15	528.48
305.721	12	422.784
305.821	8	281.856
305.921	10	352.32
306.021	13	458.016
306.121	13	458.016
306.221	12	422.784
306.321	13	458.016
306.421	10	352.32
306.521	13	458.016
306.621	13	458.016
306.722	13	458.016
306.822	12	422.784
306.922	11	387.552
307.022	13	458.016
307.122	13	458.016
307.222	13	458.016
307.322	13	458.016
307.422	13	458.016
307.523	13	458.016
307.623	13	458.016
307.723	13	458.016
307.823	13	458.016
307.923	13	458.016
308.023	13	458.016
308.123	14	493.248
308.223	14	493.248
308.323	14	493.248
308.424	14	493.248
308.524	14	493.248
308.624	13	458.016
308.724	9	317.088
308.824	8	281.856
308.924	15	528.48
309.024	16	563.712
309.124	16	563.712
309.224	1	35.232
309.324	17	598.944
309.425	14	493.248
309.525	14	493.248
309.625	14	493.248
309.725	15	528.48
309.825	15	528.48
309.925	15	528.48
310.025	15	528.48
310.125	16	563.712
310.225	12	422.784
310.325	16	563.712
310.426	16	563.712
310.526	16	563.712
310.626	16	563.712
310.726	16	563.712
310.826	16	563.712
310.926	16	563.712
311.026	17	598.944
311.126	14	493.248
311.226	13	458.016
311.326	17	598.944
311.427	17	598.944
311.527	11	387.552
311.627	17	598.944
311.727	17	598.944
311.827	2	70.464
311.927	17	598.944
312.027	13	458.016
312.127	14	493.248
312.227	14	493.248
312.327	12	422.784
312.428	8	281.856
312.528	0	0
312.628	0	0
312.728	15	528.48
312.828	12	422.784
312.928	12	422.784
313.028	13	458.016
313.128	13	458.016
313.228	13	458.016
313.328	4	140.928
313.429	9	317.088
313.529	0	0
313.629	13	458.016
313.729	11	387.552
313.829	11	387.552
313.929	11	387.552
314.029	11	387.552
314.129	11	387.552
314.229	12	422.784
314.33	12	422.784
314.43	3	105.696
314.53	12	422.784
314.63	7	246.624
314.73	11	387.552
314.83	12	422.784
314.93	9	317.088
315.03	9	317.088
315.131	12	422.784
315.231	12	422.784
315.331	12	422.784
315.431	12	422.784
315.531	6	211.392
315.631	0	0
315.731	12	422.784
315.831	10	352.32
315.932	10	352.32
316.032	10	352.32
316.132	0	0
316.232	11	387.552
316.332	11	387.552
316.432	11	387.552
316.532	11	387.552
316.632	12	422.784
316.732	12	422.784
316.833	12	422.784
316.933	11	387.552
317.033	8	281.856
317.133	9	317.088
317.233	11	387.552
317.334	12	422.784
317.434	12	422.784
317.534	12	422.784
317.634	12	422.784
317.734	12	422.784
317.834	12	422.784
317.934	9	317.088
318.034	12	422.784
318.134	12	422.784
318.234	12	422.784
318.335	12	422.784
318.435	12	422.784
318.535	12	422.784
318.635	12	422.784
318.735	12	422.784
318.835	13	458.016
318.935	13	458.016
319.036	13	458.016
319.136	13	458.016
319.236	14	493.248
319.336	9	317.088
319.436	14	493.248
319.536	6	211.392
319.636	15	528.48
319.736	16	563.712
319.836	16	563.712
319.936	17	598.944
320.037	17	598.944
320.137	18	634.176
320.237	19	669.408
320.337	20	704.64
320.437	21	739.872
320.537	22	775.104
320.637	23	810.336
320.737	24	845.568
320.838	25	880.8
320.938	27	951.264
321.038	28	986.496
321.138	6	211.392
321.238	0	0
321.338	30	1056.96
321.438	25	880.8
321.538	25	880.8
321.638	26	916.032
321.738	26	916.032
321.839	27	951.264
321.939	27	951.264
322.039	28	986.496
322.139	28	986.496
322.239	4	140.928
322.339	29	1021.73
322.439	8	281.856
322.539	29	1021.73
322.64	29	1021.73
322.74	29	1021.73
322.84	30	1056.96
322.94	30	1056.96
323.04	30	1056.96
323.14	30	1056.96
323.24	30	1056.96
323.34	30	1056.96
323.44	30	1056.96
323.54	30	1056.96
323.641	4	140.928
323.741	0	0
323.841	30	1056.96
323.941	24	845.568
324.041	15	528.48
324.141	25	880.8
324.241	19	669.408
324.341	14	493.248
324.441	22	775.104
324.541	26	916.032
324.642	26	916.032
324.742	26	916.032
324.842	1	35.232
324.942	5	176.16
325.042	22	775.104
325.142	22	775.104
325.242	22	775.104
325.342	22	775.104
325.442	22	775.104
325.542	23	810.336
325.643	23	810.336
325.743	23	810.336
325.843	23	810.336
325.943	13	458.016
326.043	10	352.32
326.143	24	845.568
326.243	24	845.568
326.343	24	845.568
326.443	15	528.48
326.544	22	775.104
326.644	24	845.568
326.744	16	563.712
326.844	24	845.568
326.944	23	810.336
327.044	24	845.568
327.144	24	845.568
327.244	14	493.248
327.345	24	845.568
327.445	24	845.568
327.545	24	845.568
327.645	24	845.568
327.745	24	845.568
327.845	24	845.568
327.945	24	845.568
328.045	24	845.568
328.145	25	880.8
328.246	25	880.8
328.346	25	880.8
328.446	25	880.8
328.546	23	810.336
328.646	26	916.032
328.746	26	916.032
328.846	27	951.264
328.946	24	845.568
329.046	27	951.264
329.147	28	986.496
329.247	29	1021.73
329.347	30	1056.96
329.447	30	1056.96
329.547	31	1092.19
329.647	32	1127.42
329.747	33	1162.66
329.847	32	1127.42
329.947	32	1127.42
330.048	30	1056.96
330.148	32	1127.42
330.248	39	1374.05
330.348	26	916.032
330.448	41	1444.51
330.548	43	1514.98
330.648	44	1550.21
330.748	46	1620.67
330.848	48	1691.14
330.949	49	1726.37
331.049	50	1761.6
331.149	54	1902.53
331.249	57	2008.22
331.349	59	2078.69
331.449	62	2184.38
331.549	64	2254.85
331.65	45	1585.44
331.75	66	2325.31
331.85	18	634.176
331.95	73	2571.94
332.05	59	2078.69
332.15	60	2113.92
332.25	62	2184.38
332.35	53	1867.3
332.451	17	598.944
332.551	7	246.624
332.651	59	2078.69
332.751	52	1832.06
332.851	52	1832.06
332.951	53	1867.3
333.051	54	1902.53
333.151	54	1902.53
333.251	55	1937.76
333.352	55	1937.76
333.452	55	1937.76
333.552	56	1972.99
333.652	56	1972.99
333.752	56	1972.99
333.852	57	2008.22
333.952	57	2008.22
334.052	57	2008.22
334.152	2	70.464
334.252	57	2008.22
334.353	57	2008.22
334.453	57	2008.22
334.553	57	2008.22
334.653	57	2008.22
334.753	58	2043.46
334.853	58	2043.46
334.953	11	387.552
335.053	58	2043.46
335.153	39	1374.05
335.253	29	1021.73
335.353	0	0
335.453	1	35.232
335.553	0	0
335.654	57	2008.22
335.754	39	1374.05
335.854	49	1726.37
335.954	28	986.496
336.054	51	1796.83
336.154	37	1303.58
336.254	3	105.696
336.354	52	1832.06
336.454	32	1127.42
336.554	0	0
336.655	33	1162.66
336.755	35	1233.12
336.855	35	1233.12
336.955	36	1268.35
337.055	36	1268.35
337.155	12	422.784
337.255	37	1303.58
337.355	37	1303.58
337.455	37	1303.58
337.555	37	1303.58
337.656	38	1338.82
337.756	32	1127.42
337.856	28	986.496
337.956	38	1338.82
338.056	38	1338.82
338.156	38	1338.82
338.256	38	1338.82
338.356	35	1233.12
338.456	30	1056.96
338.557	38	1338.82
338.657	28	986.496
338.757	26	916.032
338.857	38	1338.82
338.957	7	246.624
339.057	38	1338.82
339.157	31	1092.19
339.257	32	1127.42
339.357	33	1162.66
339.457	33	1162.66
339.558	34	1197.89
339.658	5	176.16
339.758	35	1233.12
339.858	35	1233.12
339.958	36	1268.35
340.058	16	563.712
340.158	30	1056.96
340.258	17	598.944
340.358	30	1056.96
340.458	30	1056.96
340.559	24	845.568
340.659	30	1056.96
340.759	31	1092.19
340.859	31	1092.19
340.959	31	1092.19
341.059	30	1056.96
341.159	32	1127.42
341.259	21	739.872
341.359	32	1127.42
341.46	33	1162.66
341.56	33	1162.66
341.66	25	880.8
341.76	32	1127.42
341.86	15	528.48
341.96	33	1162.66
342.061	33	1162.66
342.161	33	1162.66
342.261	33	1162.66
342.361	33	1162.66
342.461	33	1162.66
342.561	33	1162.66
342.661	33	1162.66
342.761	32	1127.42
342.861	30	1056.96
342.962	28	986.496
343.062	27	951.264
343.162	33	1162.66
343.262	33	1162.66
343.362	33	1162.66
343.462	33	1162.66
343.562	34	1197.89
343.662	30	1056.96
343.762	34	1197.89
343.862	34	1197.89
343.963	35	1233.12
344.063	35	1233.12
344.163	35	1233.12
344.263	33	1162.66
344.363	33	1162.66
344.463	24	845.568
344.563	37	1303.58
344.663	38	1338.82
344.763	38	1338.82
344.863	8	281.856
344.964	39	1374.05
345.064	32	1127.42
345.164	33	1162.66
345.264	34	1197.89
345.364	34	1197.89
345.464	35	1233.12
345.564	36	1268.35
345.664	36	1268.35
345.764	37	1303.58
345.864	37	1303.58
345.964	38	1338.82
346.064	38	1338.82
346.165	38	1338.82
346.265	29	1021.73
346.365	35	1233.12
346.465	38	1338.82
346.565	36	1268.35
346.665	33	1162.66
346.765	39	1374.05
346.865	39	1374.05
346.965	38	1338.82
347.065	40	1409.28
347.166	24	845.568
347.266	21	739.872
347.366	28	986.496
347.466	27	951.264
347.566	29	1021.73
347.666	33	1162.66
347.766	23	810.336
347.866	34	1197.89
347.966	24	845.568
348.066	34	1197.89
348.167	23	810.336
348.267	35	1233.12
348.367	35	1233.12
348.467	28	986.496
348.567	33	1162.66
348.667	31	1092.19
348.767	35	1233.12
348.867	36	1268.35
348.967	36	1268.35
349.067	30	1056.96
349.167	34	1197.89
349.268	36	1268.35
349.368	36	1268.35
349.468	30	1056.96
349.568	31	1092.19
349.668	35	1233.12
349.768	36	1268.35
349.869	36	1268.35
349.969	36	1268.35
350.069	36	1268.35
350.169	36	1268.35
350.269	36	1268.35
350.369	34	1197.89
350.469	36	1268.35
350.569	36	1268.35
350.669	18	634.176
350.769	0	0
350.87	36	1268.35
350.97	30	1056.96
351.07	30	1056.96
351.17	31	1092.19
351.27	32	1127.42
351.37	32	1127.42
351.47	33	1162.66
351.57	26	916.032
351.67	15	528.48
351.771	22	775.104
351.871	21	739.872
351.971	2	70.464
352.071	26	916.032
352.171	6	211.392
352.271	27	951.264
352.371	29	1021.73
352.471	29	1021.73
352.571	30	1056.96
352.671	30	1056.96
352.772	30	1056.96
352.872	29	1021.73
352.972	30	1056.96
353.072	31	1092.19
353.172	30	1056.96
353.272	3	105.696
353.372	31	1092.19
353.472	25	880.8
353.572	25	880.8
353.672	26	916.032
353.773	10	352.32
353.873	26	916.032
353.973	26	916.032
354.073	22	775.104
354.173	27	951.264
354.273	6	211.392
354.373	27	951.264
354.473	22	775.104
354.573	22	775.104
354.673	22	775.104
354.773	23	810.336
354.874	23	810.336
354.974	8	281.856
355.074	23	810.336
355.174	24	845.568
355.274	24	845.568
355.374	11	387.552
355.474	2	70.464
355.574	24	845.568
355.674	19	669.408
355.774	20	704.64
355.875	20	704.64
355.975	20	704.64
356.075	21	739.872
356.175	21	739.872
356.275	18	634.176
356.375	16	563.712
356.475	18	634.176
356.575	21	739.872
356.676	21	739.872
356.776	18	634.176
356.876	21	739.872
356.976	21	739.872
357.076	21	739.872
357.176	19	669.408
357.276	22	775.104
357.376	22	775.104
357.476	19	669.408
357.576	22	775.104
357.677	22	775.104
357.777	22	775.104
357.877	21	739.872
357.977	22	775.104
358.077	22	775.104
358.177	22	775.104
358.277	22	775.104
358.377	22	775.104
358.478	22	775.104
358.578	22	775.104
358.678	12	422.784
358.778	22	775.104
358.878	23	810.336
358.978	11	387.552
359.078	8	281.856
359.178	19	669.408
359.279	19	669.408
359.379	20	704.64
359.479	1	35.232
359.579	20	704.64
359.679	21	739.872
359.779	21	739.872
359.879	22	775.104
359.979	21	739.872
360.079	22	775.104
360.18	3	105.696
360.28	22	775.104
360.38	2	70.464
360.48	18	634.176
360.58	19	669.408
360.68	8	281.856
360.78	19	669.408
360.881	4	140.928
360.981	17	598.944
361.081	20	704.64
361.181	20	704.64
361.281	14	493.248
361.381	1	35.232
361.481	19	669.408
361.581	16	563.712
361.681	16	563.712
361.781	5	176.16
361.882	17	598.944
361.982	17	598.944
362.082	16	563.712
362.182	16	563.712
362.282	18	634.176
362.382	18	634.176
362.482	2	70.464
362.583	0	0
362.683	3	105.696
362.783	15	528.48
362.883	14	493.248
362.983	15	528.48
363.083	15	528.48
363.183	15	528.48
363.283	15	528.48
363.383	11	387.552
363.483	12	422.784
363.583	15	528.48
363.684	16	563.712
363.784	2	70.464
363.884	16	563.712
363.984	16	563.712
364.084	8	281.856
364.184	16	563.712
364.284	13	458.016
364.384	0	0
364.484	13	458.016
364.585	13	458.016
364.685	14	493.248
364.785	2	70.464
364.885	14	493.248
364.985	1	35.232
365.085	14	493.248
365.185	11	387.552
365.285	11	387.552
365.386	2	70.464
365.486	10	352.32
365.586	12	422.784
365.686	12	422.784
365.786	12	422.784
365.886	12	422.784
365.986	12	422.784
366.086	12	422.784
366.187	1	35.232
366.287	2	70.464
366.387	10	352.32
366.487	10	352.32
366.587	10	352.32
366.687	4	140.928
366.787	11	387.552
366.887	11	387.552
366.987	11	387.552
367.088	11	387.552
367.188	11	387.552
367.288	11	387.552
367.388	4	140.928
367.488	4	140.928
367.588	11	387.552
367.688	9	317.088
367.788	9	317.088
367.889	8	281.856
367.989	7	246.624
368.089	10	352.32
368.189	10	352.32
368.289	10	352.32
368.389	10	352.32
368.489	10	352.32
368.589	2	70.464
368.689	10	352.32
368.79	8	281.856
368.89	4	140.928
368.99	8	281.856
369.09	8	281.856
369.19	9	317.088
369.29	7	246.624
369.39	9	317.088
369.49	9	317.088
369.59	9	317.088
369.691	9	317.088
369.791	4	140.928
369.891	9	317.088
369.991	9	317.088
370.091	9	317.088
370.191	9	317.088
370.291	9	317.088
370.391	9	317.088
370.491	6	211.392
370.592	5	176.16
370.692	9	317.088
370.792	9	317.088
370.892	9	317.088
370.992	9	317.088
371.092	9	317.088
371.192	8	281.856
371.293	8	281.856
371.393	10	352.32
371.493	10	352.32
371.593	10	352.32
371.693	10	352.32
371.793	11	387.552
371.893	5	176.16
371.993	11	387.552
372.093	12	422.784
372.194	4	140.928
372.294	10	352.32
372.394	10	352.32
372.494	10	352.32
372.594	11	387.552
372.694	11	387.552
372.794	11	387.552
372.894	12	422.784
372.994	12	422.784
373.095	12	422.784
373.195	12	422.784
373.295	0	0
373.395	2	70.464
373.495	10	352.32
373.595	10	352.32
373.695	10	352.32
373.795	10	352.32
373.895	11	387.552
373.995	11	387.552
374.096	11	387.552
374.196	7	246.624
374.296	11	387.552
374.396	11	387.552
374.496	1	35.232
374.596	11	387.552
374.696	1	35.232
374.796	9	317.088
374.896	9	317.088
374.997	9	317.088
375.097	9	317.088
375.197	10	352.32
375.297	9	317.088
375.397	6	211.392
375.497	9	317.088
375.597	10	352.32
375.697	10	352.32
375.797	10	352.32
375.897	10	352.32
375.998	10	352.32
376.098	10	352.32
376.198	10	352.32
376.298	10	352.32
376.398	10	352.32
376.498	9	317.088
376.598	6	211.392
376.698	10	352.32
376.799	5	176.16
376.899	10	352.32
376.999	8	281.856
377.099	8	281.856
377.199	6	211.392
377.299	6	211.392
377.399	9	317.088
377.499	7	246.624
377.6	8	281.856
377.7	10	352.32
377.8	10	352.32
377.9	10	352.32
378	1	35.232
378.1	2	70.464
378.2	0	0
378.3	8	281.856
378.4	8	281.856
378.5	4	140.928
378.601	8	281.856
378.701	9	317.088
378.801	9	317.088
378.901	6	211.392
379.001	9	317.088
379.101	9	317.088
379.201	0	0
379.301	9	317.088
379.401	9	317.088
379.501	9	317.088
379.602	2	70.464
379.702	9	317.088
379.802	9	317.088
379.902	9	317.088
380.002	9	317.088
380.102	7	246.624
380.202	9	317.088
380.302	9	317.088
380.402	9	317.088
380.503	9	317.088
380.603	9	317.088
380.703	10	352.32
380.803	10	352.32
380.903	10	352.32
381.003	2	70.464
381.103	10	352.32
381.203	11	387.552
381.304	11	387.552
381.404	11	387.552
381.504	8	281.856
381.604	12	422.784
381.704	10	352.32
381.804	10	352.32
381.904	11	387.552
382.004	11	387.552
382.104	0	0
382.204	11	387.552
382.305	11	387.552
382.405	12	422.784
382.505	12	422.784
382.605	6	211.392
382.705	0	0
382.805	2	70.464
382.905	10	352.32
383.005	10	352.32
383.106	9	317.088
383.206	8	281.856
383.306	8	281.856
383.406	10	352.32
383.507	11	387.552
383.607	8	281.856
383.707	11	387.552
383.808	11	387.552
383.908	11	387.552
384.008	10	352.32
384.108	11	387.552
384.208	11	387.552
384.308	0	0
384.408	11	387.552
384.508	10	352.32
384.608	11	387.552
384.708	11	387.552
384.809	11	387.552
384.909	5	176.16
385.009	6	211.392
385.109	11	387.552
385.209	9	317.088
385.309	9	317.088
385.409	9	317.088
385.509	10	352.32
385.609	10	352.32
385.71	3	105.696
385.81	10	352.32
385.91	10	352.32
386.01	3	105.696
386.11	10	352.32
386.21	7	246.624
386.31	5	176.16
386.41	7	246.624
386.51	7	246.624
386.61	9	317.088
386.711	9	317.088
386.811	9	317.088
386.911	4	140.928
387.011	9	317.088
387.111	9	317.088
387.211	9	317.088
387.311	9	317.088
387.411	2	70.464
387.512	9	317.088
387.612	8	281.856
387.712	8	281.856
387.812	8	281.856
387.912	8	281.856
388.012	8	281.856
388.112	8	281.856
388.212	8	281.856
388.312	8	281.856
388.412	8	281.856
388.512	8	281.856
388.612	2	70.464
388.713	8	281.856
388.813	8	281.856
388.913	8	281.856
389.013	8	281.856
389.113	8	281.856
389.213	9	317.088
389.313	2	70.464
389.413	9	317.088
389.514	9	317.088
389.614	9	317.088
389.714	9	317.088
389.814	5	176.16
389.914	9	317.088
390.014	9	317.088
390.114	3	105.696
390.214	9	317.088
390.315	10	352.32
390.415	10	352.32
390.515	10	352.32
390.615	9	317.088
390.715	10	352.32
390.815	11	387.552
390.915	12	422.784
391.015	0	0
391.115	12	422.784
391.216	10	352.32
391.316	8	281.856
391.416	4	140.928
391.516	11	387.552
391.616	10	352.32
391.716	11	387.552
391.816	2	70.464
391.916	7	246.624
392.016	9	317.088
392.117	10	352.32
392.217	0	0
392.317	10	352.32
392.417	10	352.32
392.517	10	352.32
392.617	10	352.32
392.717	10	352.32
392.817	10	352.32
392.917	10	352.32
393.018	10	352.32
393.118	7	246.624
393.218	9	317.088
393.318	10	352.32
393.418	1	35.232
393.518	10	352.32
393.618	8	281.856
393.718	9	317.088
393.818	8	281.856
393.918	4	140.928
394.019	9	317.088
394.119	7	246.624
394.219	10	352.32
394.319	10	352.32
394.419	10	352.32
394.519	10	352.32
394.619	4	140.928
394.719	6	211.392
394.819	10	352.32
394.92	10	352.32
395.02	10	352.32
395.12	10	352.32
395.22	10	352.32
395.32	10	352.32
395.42	9	317.088
395.52	10	352.32
395.62	10	352.32
395.72	6	211.392
395.82	7	246.624
395.921	10	352.32
396.021	6	211.392
396.121	10	352.32
396.221	7	246.624
396.321	11	387.552
396.421	11	387.552
396.521	11	387.552
396.621	9	317.088
396.721	11	387.552
396.822	12	422.784
396.922	8	281.856
397.022	2	70.464
397.122	10	352.32
397.222	10	352.32
397.322	4	140.928
397.422	10	352.32
397.522	9	317.088
397.622	11	387.552
397.722	11	387.552
397.823	8	281.856
397.923	6	211.392
398.023	12	422.784
398.123	2	70.464
398.223	0	0
398.323	1	35.232
398.423	11	387.552
398.523	10	352.32
398.623	10	352.32
398.723	10	352.32
398.824	6	211.392
398.924	10	352.32
399.024	10	352.32
399.124	7	246.624
399.224	9	317.088
399.324	5	176.16
399.424	7	246.624
399.524	10	352.32
399.625	11	387.552
399.725	11	387.552
399.825	9	317.088
399.925	11	387.552
400.025	11	387.552
400.125	11	387.552
400.225	11	387.552
400.325	11	387.552
400.425	3	105.696
400.526	0	0
400.626	11	387.552
400.726	9	317.088
400.826	9	317.088
400.926	9	317.088
401.026	1	35.232
401.126	10	352.32
401.226	10	352.32
401.327	10	352.32
401.427	10	352.32
401.527	10	352.32
401.627	2	70.464
401.728	7	246.624
401.828	6	211.392
401.928	9	317.088
402.028	9	317.088
402.128	9	317.088
402.228	5	176.16
402.328	9	317.088
402.429	7	246.624
402.529	9	317.088
402.629	9	317.088
402.729	9	317.088
402.829	9	317.088
402.929	9	317.088
403.029	4	140.928
403.129	7	246.624
403.229	9	317.088
403.33	9	317.088
403.43	9	317.088
403.53	9	317.088
403.63	9	317.088
403.73	5	176.16
403.83	8	281.856
403.93	6	211.392
404.03	0	0
404.13	10	352.32
404.23	8	281.856
404.331	8	281.856
404.431	8	281.856
404.531	9	317.088
404.631	9	317.088
404.731	9	317.088
404.831	7	246.624
404.931	3	105.696
405.031	9	317.088
405.132	9	317.088
405.232	9	317.088
405.332	9	317.088
405.432	10	352.32
405.532	10	352.32
405.632	8	281.856
405.732	6	211.392
405.832	10	352.32
405.932	10	352.32
406.033	9	317.088
406.133	0	0
406.233	10	352.32
406.333	8	281.856
406.433	8	281.856
406.533	8	281.856
406.633	9	317.088
406.733	9	317.088
406.833	9	317.088
406.933	8	281.856
407.034	4	140.928
407.134	8	281.856
407.234	9	317.088
407.334	9	317.088
407.434	10	352.32
407.534	6	211.392
407.634	10	352.32
407.734	10	352.32
407.834	10	352.32
407.934	6	211.392
408.035	8	281.856
408.135	10	352.32
408.235	10	352.32
408.335	10	352.32
408.435	10	352.32
408.535	10	352.32
408.635	8	281.856
408.735	8	281.856
408.836	7	246.624
408.936	8	281.856
409.036	10	352.32
409.136	10	352.32
409.236	0	0
409.336	9	317.088
409.436	4	140.928
409.537	9	317.088
409.637	7	246.624
409.737	8	281.856
409.837	9	317.088
409.937	10	352.32
410.037	10	352.32
410.137	10	352.32
410.237	8	281.856
410.338	10	352.32
410.438	8	281.856
410.538	10	352.32
410.638	8	281.856
410.738	10	352.32
410.838	10	352.32
410.938	9	317.088
411.038	10	352.32
411.138	10	352.32
411.239	10	352.32
411.339	7	246.624
411.439	10	352.32
411.539	10	352.32
411.639	10	352.32
411.739	11	387.552
411.839	6	211.392
411.939	11	387.552
412.039	10	352.32
412.139	11	387.552
412.24	10	352.32
412.34	11	387.552
412.44	3	105.696
412.54	11	387.552
412.64	12	422.784
412.74	12	422.784
412.84	12	422.784
412.941	13	458.016
413.041	13	458.016
413.141	9	317.088
413.241	12	422.784
413.341	14	493.248
413.441	15	528.48
413.541	13	458.016
413.641	16	563.712
413.741	17	598.944
413.841	14	493.248
413.942	18	634.176
414.042	20	704.64
414.142	21	739.872
414.242	22	775.104
414.342	11	387.552
414.442	24	845.568
414.542	0	0
414.642	0	0
414.742	20	704.64
414.842	18	634.176
414.943	16	563.712
415.043	22	775.104
415.143	22	775.104
415.243	23	810.336
415.343	3	105.696
415.443	23	810.336
415.543	9	317.088
415.643	24	845.568
415.743	6	211.392
415.843	7	246.624
415.944	25	880.8
416.044	2	70.464
416.144	2	70.464
416.244	20	704.64
416.344	19	669.408
416.444	21	739.872
416.545	12	422.784
416.645	16	563.712
416.745	21	739.872
416.845	22	775.104
416.945	10	352.32
417.045	0	0
417.145	22	775.104
417.245	18	634.176
417.345	13	458.016
417.446	6	211.392
417.546	0	0
417.646	18	634.176
417.746	13	458.016
417.846	8	281.856
417.946	15	528.48
418.046	1	35.232
418.146	15	528.48
418.247	7	246.624
418.347	8	281.856
418.447	1	35.232
418.547	13	458.016
418.647	10	352.32
418.747	5	176.16
418.847	11	387.552
418.947	11	387.552
419.047	11	387.552
419.148	7	246.624
419.248	0	0
419.348	0	0
419.448	4	140.928
419.548	9	317.088
419.648	9	317.088
419.748	7	246.624
419.848	10	352.32
419.948	10	352.32
420.049	10	352.32
420.149	7	246.624
420.249	4	140.928
420.349	0	0
420.449	6	211.392
420.549	8	281.856
420.649	8	281.856
420.749	7	246.624
420.849	5	176.16
420.949	9	317.088
421.05	9	317.088
421.15	9	317.088
421.25	7	246.624
421.35	9	317.088
421.45	9	317.088
421.55	2	70.464
421.65	9	317.088
421.75	7	246.624
421.85	7	246.624
421.951	7	246.624
422.051	8	281.856
422.151	5	176.16
422.251	8	281.856
422.351	4	140.928
422.451	8	281.856
422.551	8	281.856
422.651	1	35.232
422.751	8	281.856
422.851	0	0
422.952	6	211.392
423.052	7	246.624
423.152	7	246.624
423.252	6	211.392
423.352	6	211.392
423.452	7	246.624
423.552	6	211.392
423.652	2	70.464
423.753	7	246.624
423.853	0	0
423.953	4	140.928
424.053	3	105.696
424.153	6	211.392
424.253	4	140.928
424.353	0	0
424.453	5	176.16
424.553	3	105.696
424.654	3	105.696
424.754	1	35.232
424.854	0	0
424.954	0	0
425.054	5	176.16
425.154	4	140.928
425.254	4	140.928
425.354	3	105.696
425.454	3	105.696
425.555	4	140.928
425.655	2	70.464
425.755	4	140.928
425.855	4	140.928
425.955	4	140.928
426.055	4	140.928
426.155	4	140.928
426.255	3	105.696
426.356	3	105.696
426.456	3	105.696
426.556	4	140.928
426.656	4	140.928
426.756	1	35.232
426.857	4	140.928
426.957	5	176.16
427.057	5	176.16
427.157	5	176.16
427.257	0	0
427.357	0	0
427.457	0	0
427.557	5	176.16
427.657	0	0
427.758	0	0
427.858	0	0
427.958	2	70.464
428.058	4	140.928
428.158	4	140.928
428.258	4	140.928
428.358	0	0
428.458	0	0
428.559	5	176.16
428.659	4	140.928
428.759	4	140.928
428.859	2	70.464
428.959	4	140.928
429.059	3	105.696
429.159	4	140.928
429.259	4	140.928
429.359	3	105.696
429.46	4	140.928
429.56	4	140.928
429.66	4	140.928
429.76	4	140.928
429.86	4	140.928
429.96	4	140.928
430.06	4	140.928
430.16	4	140.928
430.26	4	140.928
430.361	4	140.928
430.461	4	140.928
430.561	0	0
430.661	0	0
430.761	4	140.928
430.861	4	140.928
430.961	1	35.232
431.061	4	140.928
431.161	4	140.928
431.262	4	140.928
431.362	4	140.928
431.462	4	140.928
431.562	3	105.696
431.662	3	105.696
431.762	4	140.928
431.862	4	140.928
431.962	4	140.928
432.062	4	140.928
432.163	4	140.928
432.263	3	105.696
432.363	4	140.928
432.463	5	176.16
432.563	5	176.16
432.663	5	176.16
432.763	5	176.16
432.863	5	176.16
432.963	5	176.16
433.064	5	176.16
433.164	2	70.464
433.264	4	140.928
433.364	5	176.16
433.464	4	140.928
433.564	6	211.392
433.665	6	211.392
433.765	6	211.392
433.865	7	246.624
433.965	7	246.624
434.065	5	176.16
434.165	8	281.856
434.265	3	105.696
434.365	9	317.088
434.466	9	317.088
434.566	10	352.32
434.666	11	387.552
434.766	12	422.784
434.866	12	422.784
434.966	13	458.016
435.066	10	352.32
435.166	13	458.016
435.267	11	387.552
435.367	17	598.944
435.467	19	669.408
435.567	20	704.64
435.667	22	775.104
435.767	24	845.568
435.867	23	810.336
435.967	15	528.48
436.067	28	986.496
436.168	30	1056.96
436.268	30	1056.96
436.368	17	598.944
436.468	36	1268.35
436.568	39	1374.05
436.668	20	704.64
436.768	43	1514.98
436.868	45	1585.44
436.968	45	1585.44
437.068	25	880.8
