time	pps	kbps
0.100102	0	0
0.20017	1	35.232
0.300258	2	70.464
0.400342	4	140.928
0.500405	8	281.856
0.600495	16	563.712
0.700573	6	211.392
0.80065	1	35.232
0.900721	37	1303.58
1.00083	2	70.464
1.10092	1	35.232
1.20099	1	35.232
1.30109	19	669.408
1.4012	2	70.464
1.50128	8	281.856
1.60142	4	140.928
1.70155	6	211.392
1.80164	7	246.624
1.9017	1	35.232
2.00182	9	317.088
2.10191	10	352.32
2.20199	4	140.928
2.30207	1	35.232
2.40219	4	140.928
2.50228	9	317.088
2.60237	5	176.16
2.70249	8	281.856
2.80261	2	70.464
2.90273	7	246.624
3.00285	3	105.696
3.10343	9	317.088
3.20349	6	211.392
3.3036	7	246.624
3.40372	12	422.784
3.50384	4	140.928
3.60395	9	317.088
3.70417	6	211.392
3.80424	10	352.32
3.90436	15	528.48
4.00443	14	493.248
4.10449	7	246.624
4.2046	8	281.856
4.30467	13	458.016
4.40477	17	598.944
4.50487	8	281.856
4.60503	17	598.944
4.7051	5	176.16
4.80522	18	634.176
4.90534	22	775.104
5.00566	5	176.16
5.10572	22	775.104
5.20584	15	528.48
5.3059	21	739.872
5.40595	20	704.64
5.50604	17	598.944
5.60616	22	775.104
5.70629	4	140.928
5.80639	3	105.696
5.90648	1	35.232
6.00658	16	563.712
6.1067	7	246.624
6.20682	16	563.712
6.30691	13	458.016
6.40703	16	563.712
6.50715	3	105.696
6.60727	13	458.016
6.70735	5	176.16
6.80746	19	669.408
6.90758	0	0
7.0077	2	70.464
7.10782	18	634.176
7.20792	13	458.016
7.30801	22	775.104
7.4081	7	246.624
7.50817	23	810.336
7.60829	6	211.392
7.70841	22	775.104
7.80853	25	880.8
7.90864	5	176.16
8.009	26	916.032
8.10907	2	70.464
8.20953	11	387.552
8.3096	20	704.64
8.40973	12	422.784
8.50985	4	140.928
8.60997	15	528.48
8.71009	17	598.944
8.81014	8	281.856
8.91026	17	598.944
9.01039	10	352.32
9.11047	0	0
9.21055	4	140.928
9.31063	7	246.624
9.41073	12	422.784
9.51084	12	422.784
9.61094	0	0
9.71106	7	246.624
9.81116	6	211.392
9.91126	5	176.16
10.0114	2	70.464
10.1115	14	493.248
10.2116	3	105.696
10.3117	15	528.48
10.4118	1	35.232
10.5119	16	563.712
10.612	5	176.16
10.7121	15	528.48
10.8122	2	70.464
10.9123	18	634.176
11.0123	7	246.624
11.1124	20	704.64
11.2125	21	739.872
11.3126	5	176.16
11.4127	22	775.104
11.5128	2	70.464
11.6129	3	105.696
11.7132	13	458.016
11.8133	12	422.784
11.9134	12	422.784
12.0135	2	70.464
12.1136	4	140.928
12.2137	14	493.248
12.3139	6	211.392
12.4139	16	563.712
12.514	4	140.928
12.6141	16	563.712
12.7142	3	105.696
12.8143	18	634.176
12.9145	2	70.464
13.0145	0	0
13.1147	19	669.408
13.2147	14	493.248
13.3148	20	704.64
13.4149	5	176.16
13.515	10	352.32
13.615	9	317.088
13.7151	11	387.552
13.8152	2	70.464
13.9153	23	810.336
14.0154	14	493.248
14.1155	9	317.088
14.2156	1	35.232
14.316	15	528.48
14.4161	2	70.464
14.5162	16	563.712
14.6163	12	422.784
14.7164	4	140.928
14.8165	15	528.48
14.9166	7	246.624
15.0166	3	105.696
15.1167	16	563.712
15.2169	15	528.48
15.317	6	211.392
15.4171	0	0
15.5172	3	105.696
15.6173	10	352.32
15.7174	16	563.712
15.8176	13	458.016
15.9176	11	387.552
16.0177	5	176.16
16.1179	2	70.464
16.218	4	140.928
16.3181	11	387.552
16.4182	5	176.16
16.5184	23	810.336
16.6185	7	246.624
16.7185	22	775.104
16.8187	3	105.696
16.9188	7	246.624
17.0189	7	246.624
17.119	20	704.64
17.2191	2	70.464
17.3192	10	352.32
17.4193	5	176.16
17.5194	25	880.8
17.6195	7	246.624
17.7196	14	493.248
17.8197	21	739.872
17.9199	0	0
18.0203	15	528.48
18.1204	17	598.944
18.2205	0	0
18.3206	1	35.232
18.4207	0	0
18.5208	19	669.408
18.6209	18	634.176
18.721	15	528.48
18.8211	10	352.32
18.9214	12	422.784
19.0214	18	634.176
19.1216	9	317.088
19.2217	20	704.64
19.3218	4	140.928
19.4219	11	387.552
19.522	12	422.784
19.6222	4	140.928
19.7223	7	246.624
19.8224	11	387.552
19.9225	0	0
20.0226	0	0
20.1227	15	528.48
20.2228	10	352.32
20.3229	13	458.016
20.4231	3	105.696
20.5232	13	458.016
20.6233	8	281.856
20.7234	0	0
20.8235	0	0
20.9236	0	0
21.0237	0	0
21.1239	0	0
21.224	0	0
21.3241	0	0
21.4242	2	70.464
21.5247	12	422.784
21.6247	2	70.464
21.7249	1	35.232
21.825	0	0
21.9251	0	0
22.0252	0	0
22.1253	3	105.696
22.2254	8	281.856
22.3255	3	105.696
22.4256	11	387.552
22.5257	12	422.784
22.6258	6	211.392
22.7259	0	0
22.826	0	0
22.9261	3	105.696
23.0262	0	0
23.1263	0	0
23.2264	0	0
23.3265	0	0
23.4265	0	0
23.5266	0	0
23.6267	14	493.248
23.7268	2	70.464
23.8269	2	70.464
23.927	9	317.088
24.0271	7	246.624
24.1272	3	105.696
24.2273	11	387.552
24.3274	6	211.392
24.4275	12	422.784
24.5276	2	70.464
24.6277	1	35.232
24.7278	1	35.232
24.8279	9	317.088
24.928	7	246.624
25.0281	2	70.464
25.1283	15	528.48
25.2284	3	105.696
25.3285	1	35.232
25.4286	1	35.232
25.5287	15	528.48
25.6288	7	246.624
25.7289	2	70.464
25.829	0	0
25.9291	0	0
26.0292	0	0
26.1293	0	0
26.2294	0	0
26.3295	1	35.232
26.4296	7	246.624
26.5297	10	352.32
26.6298	1	35.232
26.7299	0	0
26.8301	0	0
26.9301	10	352.32
27.0302	5	176.16
27.1303	10	352.32
27.2304	0	0
27.3305	13	458.016
27.4306	1	35.232
27.5307	1	35.232
27.6308	2	70.464
27.7309	13	458.016
27.831	8	281.856
27.9311	2	70.464
28.0312	15	528.48
28.1313	8	281.856
28.2314	2	70.464
28.3315	16	563.712
28.4316	14	493.248
28.5317	10	352.32
28.6319	0	0
28.732	14	493.248
28.8321	9	317.088
28.9322	20	704.64
29.0323	0	0
29.1324	0	0
29.2325	1	35.232
29.3327	10	352.32
29.4328	5	176.16
29.5329	0	0
29.633	12	422.784
29.7331	13	458.016
29.8332	0	0
29.9333	14	493.248
30.0334	8	281.856
30.1335	13	458.016
30.2336	12	422.784
30.3337	0	0
30.4337	0	0
30.5338	0	0
30.6339	0	0
30.734	0	0
30.8341	0	0
30.9342	17	598.944
31.0343	10	352.32
31.1344	8	281.856
31.2345	5	176.16
31.3345	5	176.16
31.4346	0	0
31.5347	13	458.016
31.6348	1	35.232
31.7349	0	0
31.835	0	0
31.9351	0	0
32.0352	0	0
32.1353	0	0
32.2354	0	0
32.3355	0	0
32.4356	0	0
32.5357	1	35.232
32.6358	4	140.928
32.7359	5	176.16
32.836	0	0
32.9361	0	0
33.0362	0	0
33.1363	0	0
33.2363	0	0
33.3364	6	211.392
33.4366	0	0
33.5367	7	246.624
33.6368	3	105.696
33.7369	5	176.16
33.837	9	317.088
33.9371	2	70.464
34.0371	0	0
34.1372	4	140.928
34.2373	10	352.32
34.3374	1	35.232
34.4375	6	211.392
34.5376	11	387.552
34.6377	1	35.232
34.7378	12	422.784
34.8379	0	0
34.9379	5	176.16
35.038	11	387.552
35.1381	0	0
35.2382	0	0
35.3383	15	528.48
35.4384	5	176.16
35.5385	7	246.624
35.6386	7	246.624
35.7387	0	0
35.8387	12	422.784
35.9388	5	176.16
36.0389	3	105.696
36.139	17	598.944
36.2391	0	0
36.3392	2	70.464
36.4393	19	669.408
36.5394	1	35.232
36.6396	20	704.64
36.7397	0	0
36.8398	1	35.232
36.9399	0	0
37.0399	0	0
37.14	21	739.872
37.2401	0	0
37.3402	1	35.232
37.4403	1	35.232
37.5404	9	317.088
37.6405	0	0
37.7406	13	458.016
37.8407	14	493.248
37.9408	4	140.928
38.0409	0	0
38.1411	0	0
38.2412	15	528.48
38.3413	3	105.696
38.4414	0	0
38.5415	0	0
38.6416	0	0
38.7418	1	35.232
38.8418	0	0
38.9419	5	176.16
39.042	11	387.552
39.1421	0	0
39.2422	2	70.464
39.3423	8	281.856
39.4424	2	70.464
39.5425	0	0
39.6426	0	0
39.7427	0	0
39.8428	6	211.392
39.9429	6	211.392
40.043	1	35.232
40.1431	1	35.232
40.2432	11	387.552
40.3433	2	70.464
40.4434	1	35.232
40.5435	0	0
40.6435	0	0
40.7436	13	458.016
40.8438	14	493.248
40.9439	8	281.856
41.044	3	105.696
41.1441	0	0
41.2442	0	0
41.3443	0	0
41.4444	6	211.392
41.5445	12	422.784
41.6446	15	528.48
41.7447	18	634.176
41.8448	2	70.464
41.9449	2	70.464
42.045	1	35.232
42.1451	13	458.016
42.2453	9	317.088
42.3453	8	281.856
42.4454	0	0
42.5455	0	0
42.6457	9	317.088
42.7458	14	493.248
42.8459	20	704.64
42.946	6	211.392
43.0461	0	0
43.1462	0	0
43.2463	0	0
43.3464	0	0
43.4464	0	0
43.5465	2	70.464
43.6466	21	739.872
43.7468	2	70.464
43.8469	13	458.016
43.947	5	176.16
44.0471	7	246.624
44.1472	2	70.464
44.2473	14	493.248
44.3474	15	528.48
44.4475	0	0
44.5476	0	0
44.6477	0	0
44.7478	13	458.016
44.8479	11	387.552
44.948	4	140.928
45.0481	0	0
45.1483	0	0
45.2484	7	246.624
45.3485	2	70.464
45.4486	17	598.944
45.5487	20	704.64
45.6488	0	0
45.7489	0	0
45.849	2	70.464
45.9491	20	704.64
46.0492	4	140.928
46.1493	22	775.104
46.2494	2	70.464
46.3495	23	810.336
46.4496	1	35.232
46.5497	0	0
46.6498	0	0
46.7499	0	0
46.8501	2	70.464
46.9501	24	845.568
47.0502	3	105.696
47.1503	2	70.464
47.2504	17	598.944
47.3505	0	0
47.4506	26	916.032
47.5508	4	140.928
47.6509	11	387.552
47.751	15	528.48
47.8511	0	0
47.9512	9	317.088
48.0512	4	140.928
48.1514	0	0
48.2515	3	105.696
48.3516	0	0
48.4517	2	70.464
48.5518	0	0
48.6519	27	951.264
48.752	3	105.696
48.8521	15	528.48
48.9522	10	352.32
49.0523	2	70.464
49.1524	9	317.088
49.2524	13	458.016
49.3525	16	563.712
49.4527	20	704.64
49.5528	0	0
49.6529	0	0
49.7531	0	0
49.8532	0	0
49.9533	0	0
50.0534	0	0
50.1535	7	246.624
50.2536	18	634.176
50.3537	16	563.712
50.4538	3	105.696
50.5539	0	0
50.654	0	0
50.7541	23	810.336
50.8542	5	176.16
50.9543	0	0
51.0544	0	0
51.1544	2	70.464
51.2546	0	0
51.3547	5	176.16
51.4553	23	810.336
51.5554	0	0
51.6555	0	0
51.7555	1	35.232
51.8556	1	35.232
51.9557	19	669.408
52.0558	7	246.624
52.1559	0	0
52.256	26	916.032
52.3562	4	140.928
52.4562	27	951.264
52.5563	4	140.928
52.6564	0	0
52.7566	10	352.32
52.8567	0	0
52.9568	6	211.392
53.0569	28	986.496
53.157	9	317.088
53.2571	0	0
53.3572	10	352.32
53.4573	0	0
53.5574	27	951.264
53.6576	0	0
53.7577	32	1127.42
53.8578	7	246.624
53.9579	0	0
54.0582	9	317.088
54.1582	12	422.784
54.2584	8	281.856
54.3585	0	0
54.4586	0	0
54.5586	0	0
54.6588	0	0
54.7588	27	951.264
54.8589	8	281.856
54.959	6	211.392
55.0591	0	0
55.1592	0	0
55.2592	8	281.856
55.3593	11	387.552
55.4594	20	704.64
55.5595	1	35.232
55.6596	0	0
55.7597	0	0
55.8598	21	739.872
55.9599	17	598.944
56.0601	5	176.16
56.1602	0	0
56.2603	0	0
56.3604	0	0
56.4604	0	0
56.5606	0	0
56.6607	23	810.336
56.7608	2	70.464
56.8609	1	35.232
56.961	7	246.624
57.0612	22	775.104
57.1612	10	352.32
57.2613	1	35.232
57.3613	26	916.032
57.4615	2	70.464
57.5616	9	317.088
57.6616	13	458.016
57.7617	16	563.712
57.8618	2	70.464
57.9619	3	105.696
58.0621	26	916.032
58.1622	4	140.928
58.2623	8	281.856
58.3624	22	775.104
58.4624	30	1056.96
58.5625	3	105.696
58.6626	1	35.232
58.7627	0	0
58.8628	0	0
58.9629	0	0
59.063	25	880.8
59.1632	6	211.392
59.2633	4	140.928
59.3633	0	0
59.4638	15	528.48
59.5639	2	70.464
59.664	3	105.696
59.764	15	528.48
59.8641	19	669.408
59.9642	0	0
60.0643	0	0
60.1645	5	176.16
60.2646	21	739.872
60.3646	22	775.104
60.4647	6	211.392
60.5649	2	70.464
60.665	4	140.928
60.7651	18	634.176
60.8653	9	317.088
60.9654	24	845.568
61.0654	3	105.696
61.1655	0	0
61.2656	0	0
61.3657	25	880.8
61.4658	6	211.392
61.5659	24	845.568
61.666	0	0
61.7661	0	0
61.8662	0	0
61.9664	0	0
62.0665	0	0
62.1666	0	0
62.2666	0	0
62.3667	1	35.232
62.4667	21	739.872
62.5668	6	211.392
62.6669	8	281.856
62.7671	13	458.016
62.8671	17	598.944
62.9673	18	634.176
63.0674	3	105.696
63.1675	19	669.408
63.2676	3	105.696
63.3677	17	598.944
63.4678	21	739.872
63.568	3	105.696
63.6682	19	669.408
63.7682	6	211.392
63.8683	23	810.336
63.9684	2	70.464
64.0685	24	845.568
64.1686	0	0
64.2687	2	70.464
64.3688	23	810.336
64.4689	8	281.856
64.5691	0	0
64.6692	25	880.8
64.7693	1	35.232
64.8694	27	951.264
64.9699	5	176.16
65.07	4	140.928
65.1701	25	880.8
65.2702	30	1056.96
65.3702	4	140.928
65.4703	19	669.408
65.5705	12	422.784
65.6706	1	35.232
65.7707	32	1127.42
65.8708	3	105.696
65.9709	32	1127.42
66.071	34	1197.89
66.1711	9	317.088
66.2713	29	1021.73
66.3714	0	0
66.4715	2	70.464
66.5716	27	951.264
66.6717	0	0
66.7718	12	422.784
66.8718	15	528.48
66.9719	1	35.232
67.072	0	0
67.1721	2	70.464
67.2722	18	634.176
67.3723	3	105.696
67.4724	19	669.408
67.5725	4	140.928
67.6726	0	0
67.7726	22	775.104
67.8727	11	387.552
67.9728	16	563.712
68.0729	2	70.464
68.173	0	0
68.2731	0	0
68.3732	6	211.392
68.4733	19	669.408
68.5734	14	493.248
68.6735	1	35.232
68.7737	2	70.464
68.8738	15	528.48
68.9739	16	563.712
69.074	4	140.928
69.1741	17	598.944
69.2742	0	0
69.3743	0	0
69.4744	6	211.392
69.5744	16	563.712
69.6745	0	0
69.7746	0	0
69.8747	1	35.232
69.9748	1	35.232
70.0749	19	669.408
70.175	11	387.552
70.2751	12	422.784
70.3752	19	669.408
70.4753	19	669.408
70.5754	8	281.856
70.6755	4	140.928
70.7756	6	211.392
70.8757	7	246.624
70.9757	6	211.392
71.0759	19	669.408
71.176	9	317.088
71.2761	21	739.872
71.3762	23	810.336
71.4763	13	458.016
71.5764	19	669.408
71.6765	2	70.464
71.7767	11	387.552
71.8768	6	211.392
71.9769	24	845.568
72.0769	14	493.248
72.177	1	35.232
72.2771	15	528.48
72.3772	2	70.464
72.4773	0	0
72.5774	1	35.232
72.6776	19	669.408
72.7777	0	0
72.8778	11	387.552
72.9779	7	246.624
73.078	17	598.944
73.1781	11	387.552
73.2782	0	0
73.3783	19	669.408
73.4784	5	176.16
73.5785	0	0
73.6786	0	0
73.7787	0	0
73.8788	2	70.464
73.9789	20	704.64
74.0789	5	176.16
74.1791	0	0
74.2792	0	0
74.3793	1	35.232
74.4794	22	775.104
74.5796	4	140.928
74.6797	0	0
74.7798	8	281.856
74.8799	17	598.944
74.98	14	493.248
75.0801	24	845.568
75.1801	1	35.232
75.2802	25	880.8
75.3803	3	105.696
75.4805	4	140.928
75.5806	0	0
75.6807	27	951.264
75.7808	0	0
75.8809	2	70.464
75.9811	28	986.496
76.0812	27	951.264
76.1813	5	176.16
76.2815	9	317.088
76.3816	25	880.8
76.4817	13	458.016
76.5818	6	211.392
76.6819	20	704.64
76.782	14	493.248
76.8821	0	0
76.9821	0	0
77.0823	0	0
77.1824	5	176.16
77.2825	0	0
77.3826	0	0
77.4828	28	986.496
77.5829	11	387.552
77.683	9	317.088
77.7831	0	0
77.8832	0	0
77.9833	2	70.464
78.0834	0	0
78.1835	0	0
78.2837	5	176.16
78.3837	14	493.248
78.4838	9	317.088
78.5839	4	140.928
78.684	10	352.32
78.7841	7	246.624
78.8842	12	422.784
78.9844	0	0
79.0844	14	493.248
79.1845	5	176.16
79.2847	15	528.48
79.3848	6	211.392
79.4849	0	0
79.585	17	598.944
79.6851	2	70.464
79.7852	0	0
79.8854	2	70.464
79.9855	7	246.624
80.0856	3	105.696
80.1857	8	281.856
80.2858	10	352.32
80.3859	11	387.552
80.486	0	0
80.5861	0	0
80.6862	12	422.784
80.7863	4	140.928
80.8864	13	458.016
80.9865	5	176.16
81.0867	2	70.464
81.1868	0	0
81.2869	15	528.48
81.387	16	563.712
81.4871	0	0
81.5872	0	0
81.6872	9	317.088
81.7874	7	246.624
81.8875	0	0
81.9876	0	0
82.0877	0	0
82.1878	0	0
82.2879	0	0
82.388	0	0
82.4881	0	0
82.5882	0	0
82.6883	1	35.232
82.7884	14	493.248
82.8885	3	105.696
82.9886	10	352.32
83.0887	4	140.928
83.1888	0	0
83.2889	0	0
83.3891	0	0
83.4892	0	0
83.5893	0	0
83.6894	2	70.464
83.7895	10	352.32
83.8896	7	246.624
83.9897	5	176.16
84.0898	9	317.088
84.1899	5	176.16
84.29	8	281.856
84.3901	2	70.464
84.4902	11	387.552
84.5903	12	422.784
84.6904	5	176.16
84.7905	14	493.248
84.8906	11	387.552
84.9907	5	176.16
85.0908	16	563.712
85.1909	5	176.16
85.291	17	598.944
85.3911	4	140.928
85.4912	0	0
85.5913	18	634.176
85.6914	6	211.392
85.7916	0	0
85.8917	1	35.232
85.9918	11	387.552
86.0919	12	422.784
86.192	8	281.856
86.2921	10	352.32
86.3922	13	458.016
86.4923	9	317.088
86.5924	0	0
86.6926	0	0
86.7927	0	0
86.8928	16	563.712
86.9929	10	352.32
87.093	2	70.464
87.1931	9	317.088
87.2933	12	422.784
87.3933	7	246.624
87.4934	6	211.392
87.5935	7	246.624
87.6936	0	0
87.7937	0	0
87.8938	1	35.232
87.9939	13	458.016
88.094	9	317.088
88.1941	3	105.696
88.2942	2	70.464
88.3943	10	352.32
88.4945	4	140.928
88.5945	0	0
88.6946	0	0
88.7948	4	140.928
88.8948	3	105.696
88.9949	0	0
89.095	0	0
89.1952	0	0
89.2953	5	176.16
89.3954	6	211.392
89.4955	6	211.392
89.5958	8	281.856
89.6959	1	35.232
89.7959	0	0
89.896	9	317.088
89.9962	2	70.464
90.0963	1	35.232
90.1964	6	211.392
90.2965	11	387.552
90.3966	4	140.928
90.4967	12	422.784
90.5968	6	211.392
90.6969	13	458.016
90.797	9	317.088
90.8971	11	387.552
90.9971	11	387.552
91.0972	9	317.088
91.1973	0	0
91.2975	16	563.712
91.3976	9	317.088
91.4977	17	598.944
91.5977	10	352.32
91.6978	12	422.784
91.798	2	70.464
91.898	20	704.64
91.9981	20	704.64
92.0983	4	140.928
92.1985	23	810.336
92.2986	6	211.392
92.3987	0	0
92.4988	18	634.176
92.5989	0	0
92.699	13	458.016
92.7991	14	493.248
92.8992	5	176.16
92.9993	0	0
93.0994	0	0
93.1995	0	0
93.2996	15	528.48
93.3997	2	70.464
93.4998	0	0
93.5999	0	0
93.6999	0	0
93.8	2	70.464
93.9001	14	493.248
94.0002	3	105.696
94.1003	10	352.32
94.2004	2	70.464
94.3005	0	0
94.4006	6	211.392
94.5007	5	176.16
94.6007	12	422.784
94.7008	10	352.32
94.8009	0	0
94.901	0	0
95.0011	0	0
95.1012	11	387.552
95.2014	3	105.696
95.3015	5	176.16
95.4016	0	0
95.5017	0	0
95.6018	0	0
95.7019	11	387.552
95.8021	0	0
95.9022	0	0
96.0023	16	563.712
96.1024	6	211.392
96.2025	17	598.944
96.3026	12	422.784
96.4027	12	422.784
96.5028	0	0
96.6029	0	0
96.703	0	0
96.8032	19	669.408
96.9033	3	105.696
97.0034	12	422.784
97.1035	3	105.696
97.2036	10	352.32
97.3037	10	352.32
97.4038	7	246.624
97.5039	18	634.176
97.604	6	211.392
97.7041	19	669.408
97.8042	17	598.944
97.9043	24	845.568
98.0044	7	246.624
98.1045	0	0
98.2046	0	0
98.3047	0	0
98.4048	2	70.464
98.505	0	0
98.6051	24	845.568
98.7052	4	140.928
98.8053	14	493.248
98.9054	16	563.712
99.0055	7	246.624
99.1057	4	140.928
99.2057	11	387.552
99.3058	5	176.16
99.406	9	317.088
99.506	0	0
99.6062	0	0
99.7063	0	0
99.8064	0	0
99.9065	19	669.408
100.007	0	0
100.107	11	387.552
100.207	10	352.32
100.307	9	317.088
100.407	0	0
100.507	0	0
100.607	11	387.552
100.707	3	105.696
100.807	5	176.16
100.907	9	317.088
101.008	10	352.32
101.108	5	176.16
101.208	3	105.696
101.308	9	317.088
101.408	6	211.392
101.508	13	458.016
101.608	7	246.624
101.708	2	70.464
101.809	14	493.248
101.909	15	528.48
102.009	4	140.928
102.109	12	422.784
102.209	4	140.928
102.309	17	598.944
102.409	17	598.944
102.509	0	0
102.609	18	634.176
102.709	8	281.856
102.81	4	140.928
102.91	0	0
103.01	17	598.944
103.11	3	105.696
103.21	12	422.784
103.31	3	105.696
103.41	1	35.232
103.51	0	0
103.61	13	458.016
103.711	1	35.232
103.811	3	105.696
103.911	10	352.32
104.011	7	246.624
104.111	16	563.712
104.211	9	317.088
104.311	0	0
104.411	2	70.464
104.511	0	0
104.611	17	598.944
104.711	12	422.784
104.812	18	634.176
104.912	15	528.48
105.012	2	70.464
105.112	0	0
105.212	2	70.464
105.312	0	0
105.412	19	669.408
105.513	13	458.016
105.613	9	317.088
105.713	0	0
105.813	0	0
105.913	0	0
106.013	0	0
106.113	0	0
106.214	0	0
106.314	0	0
106.414	0	0
106.514	7	246.624
106.614	16	563.712
106.714	13	458.016
106.814	2	70.464
106.914	0	0
107.014	5	176.16
107.114	0	0
107.215	0	0
107.315	14	493.248
107.415	0	0
107.515	7	246.624
107.615	11	387.552
107.715	15	528.48
107.815	2	70.464
107.915	16	563.712
108.015	7	246.624
108.116	13	458.016
108.216	0	0
108.316	0	0
108.416	0	0
108.516	7	246.624
108.616	13	458.016
108.716	1	35.232
108.816	0	0
108.916	0	0
109.016	0	0
109.117	0	0
109.217	0	0
109.317	0	0
109.417	0	0
109.517	0	0
109.617	0	0
109.717	0	0
109.817	0	0
109.917	0	0
110.018	21	739.872
110.118	10	352.32
110.218	4	140.928
110.318	11	387.552
110.418	3	105.696
110.518	0	0
110.619	0	0
110.719	5	176.16
110.819	13	458.016
110.919	11	387.552
111.019	2	70.464
111.119	11	387.552
111.219	5	176.16
111.319	17	598.944
111.42	13	458.016
111.52	2	70.464
111.62	18	634.176
111.72	4	140.928
111.82	2	70.464
111.92	0	0
112.02	0	0
112.12	20	704.64
112.22	2	70.464
112.321	12	422.784
112.421	0	0
112.521	0	0
112.621	0	0
112.721	0	0
112.821	9	317.088
112.921	9	317.088
113.021	3	105.696
113.122	12	422.784
113.222	4	140.928
113.322	0	0
113.422	1	35.232
113.522	0	0
113.622	6	211.392
113.722	2	70.464
113.822	2	70.464
113.922	8	281.856
114.022	8	281.856
114.123	3	105.696
114.223	17	598.944
114.323	7	246.624
114.423	0	0
114.523	2	70.464
114.623	19	669.408
114.723	2	70.464
114.823	2	70.464
114.923	19	669.408
115.024	4	140.928
115.124	0	0
115.224	0	0
115.324	0	0
115.424	0	0
115.524	2	70.464
115.624	20	704.64
115.724	5	176.16
115.824	10	352.32
115.925	13	458.016
116.025	13	458.016
116.125	11	387.552
116.225	5	176.16
116.325	14	493.248
116.425	5	176.16
116.525	2	70.464
116.625	0	0
116.725	0	0
116.825	9	317.088
116.926	10	352.32
117.026	10	352.32
117.126	4	140.928
117.226	11	387.552
117.326	3	105.696
117.426	11	387.552
117.526	13	458.016
117.626	6	211.392
117.726	14	493.248
117.826	2	70.464
117.926	16	563.712
118.027	17	598.944
118.127	13	458.016
118.227	14	493.248
118.327	17	598.944
118.427	17	598.944
118.527	9	317.088
118.627	11	387.552
118.727	19	669.408
118.827	17	598.944
118.927	4	140.928
119.028	20	704.64
119.128	21	739.872
119.228	20	704.64
119.328	20	704.64
119.428	0	0
119.528	23	810.336
119.628	5	176.16
119.728	15	528.48
119.828	11	387.552
119.928	3	105.696
120.029	0	0
120.129	0	0
120.229	0	0
120.329	17	598.944
120.429	10	352.32
120.529	5	176.16
120.629	6	211.392
120.729	2	70.464
120.829	12	422.784
120.93	6	211.392
121.03	1	35.232
121.13	9	317.088
121.23	10	352.32
121.33	11	387.552
121.43	7	246.624
121.53	12	422.784
121.63	10	352.32
121.73	13	458.016
121.83	9	317.088
121.93	12	422.784
122.031	0	0
122.131	16	563.712
122.231	8	281.856
122.331	3	105.696
122.431	11	387.552
122.531	12	422.784
122.631	0	0
122.731	0	0
122.832	0	0
122.932	0	0
123.032	8	281.856
123.132	5	176.16
123.232	0	0
123.332	8	281.856
123.432	2	70.464
123.532	8	281.856
123.632	10	352.32
123.732	4	140.928
123.833	10	352.32
123.933	12	422.784
124.033	12	422.784
124.133	3	105.696
124.233	14	493.248
124.333	15	528.48
124.433	16	563.712
124.533	11	387.552
124.633	8	281.856
124.733	18	634.176
124.833	18	634.176
124.934	6	211.392
125.034	19	669.408
125.134	0	0
125.234	21	739.872
125.334	1	35.232
125.434	12	422.784
125.534	6	211.392
125.634	13	458.016
125.734	10	352.32
125.834	0	0
125.935	7	246.624
126.035	16	563.712
126.135	9	317.088
126.235	0	0
126.335	3	105.696
126.435	17	598.944
126.535	10	352.32
126.635	6	211.392
126.735	6	211.392
126.836	0	0
126.936	17	598.944
127.036	10	352.32
127.136	8	281.856
127.236	21	739.872
127.336	2	70.464
127.437	21	739.872
127.537	2	70.464
127.637	2	70.464
127.737	22	775.104
127.837	3	105.696
127.937	1	35.232
128.037	25	880.8
128.137	6	211.392
128.237	24	845.568
128.338	4	140.928
128.438	0	0
128.538	27	951.264
128.638	28	986.496
128.738	4	140.928
128.838	23	810.336
128.938	3	105.696
129.038	10	352.32
129.139	18	634.176
129.239	2	70.464
129.339	0	0
129.439	0	0
129.539	0	0
129.639	0	0
129.739	0	0
129.839	1	35.232
129.939	0	0
130.039	0	0
130.139	10	352.32
130.24	17	598.944
130.34	4	140.928
130.44	17	598.944
130.54	5	176.16
130.64	0	0
130.74	2	70.464
130.841	18	634.176
130.941	15	528.48
131.041	7	246.624
131.141	21	739.872
131.241	2	70.464
131.341	1	35.232
131.441	22	775.104
131.541	7	246.624
131.641	18	634.176
131.741	0	0
131.842	24	845.568
131.942	4	140.928
132.042	17	598.944
132.142	26	916.032
132.242	17	598.944
132.342	14	493.248
132.442	2	70.464
132.542	27	951.264
132.642	12	422.784
132.742	0	0
132.843	5	176.16
132.943	27	951.264
133.043	15	528.48
133.143	17	598.944
133.243	3	105.696
133.343	2	70.464
133.443	2	70.464
133.543	16	563.712
133.643	12	422.784
133.743	0	0
133.844	1	35.232
133.944	20	704.64
134.044	3	105.696
134.144	2	70.464
134.244	1	35.232
134.344	6	211.392
134.444	2	70.464
134.544	16	563.712
134.644	0	0
134.745	6	211.392
134.845	20	704.64
134.945	4	140.928
135.045	0	0
135.145	24	845.568
135.245	5	176.16
135.345	1	35.232
135.445	18	634.176
135.545	0	0
135.646	2	70.464
135.746	9	317.088
135.846	26	916.032
135.946	11	387.552
136.046	17	598.944
136.146	0	0
136.246	6	211.392
136.346	25	880.8
136.446	0	0
136.547	28	986.496
136.647	2	70.464
136.747	23	810.336
136.847	2	70.464
136.947	18	634.176
137.047	0	0
137.147	6	211.392
137.247	0	0
137.347	32	1127.42
137.448	3	105.696
137.548	18	634.176
137.648	16	563.712
137.748	7	246.624
137.848	0	0
137.948	0	0
138.048	20	704.64
138.148	13	458.016
138.248	5	176.16
138.349	18	634.176
138.449	2	70.464
138.549	13	458.016
138.649	14	493.248
138.749	0	0
138.849	0	0
138.949	1	35.232
139.049	12	422.784
139.149	2	70.464
139.249	0	0
139.35	24	845.568
139.45	13	458.016
139.55	6	211.392
139.65	9	317.088
139.75	3	105.696
139.85	13	458.016
139.95	10	352.32
140.05	0	0
140.15	17	598.944
140.25	9	317.088
140.351	19	669.408
140.451	1	35.232
140.551	9	317.088
140.651	13	458.016
140.751	15	528.48
140.851	0	0
140.951	0	0
141.051	0	0
141.151	0	0
141.251	1	35.232
141.352	21	739.872
141.452	1	35.232
141.552	0	0
141.652	13	458.016
141.752	8	281.856
141.852	4	140.928
141.952	11	387.552
142.052	0	0
142.152	15	528.48
142.252	16	563.712
142.353	6	211.392
142.453	3	105.696
142.553	8	281.856
142.653	0	0
142.753	18	634.176
142.853	1	35.232
142.953	11	387.552
143.053	4	140.928
143.153	12	422.784
143.253	2	70.464
143.354	13	458.016
143.454	14	493.248
143.554	12	422.784
143.654	12	422.784
143.754	2	70.464
143.854	8	281.856
143.954	0	0
144.054	17	598.944
144.154	1	35.232
144.254	9	317.088
144.354	0	0
144.455	0	0
144.555	0	0
144.655	11	387.552
144.755	12	422.784
144.855	13	458.016
144.955	6	211.392
145.055	1	35.232
145.155	14	493.248
145.256	5	176.16
145.356	11	387.552
145.456	7	246.624
145.556	17	598.944
145.656	14	493.248
145.756	9	317.088
145.856	9	317.088
145.956	14	493.248
146.056	8	281.856
146.157	3	105.696
146.257	19	669.408
146.357	14	493.248
146.457	5	176.16
146.557	10	352.32
146.657	0	0
146.757	0	0
146.857	23	810.336
146.958	12	422.784
147.058	0	0
147.158	0	0
147.258	6	211.392
147.358	10	352.32
147.458	0	0
147.558	2	70.464
147.658	15	528.48
147.758	5	176.16
147.859	6	211.392
147.959	9	317.088
148.059	0	0
148.16	0	0
148.26	0	0
148.36	0	0
148.46	0	0
148.56	0	0
148.66	0	0
148.76	0	0
148.86	0	0
148.96	0	0
149.06	6	211.392
149.161	11	387.552
149.261	10	352.32
149.361	6	211.392
149.461	8	281.856
149.561	9	317.088
149.661	0	0
149.761	13	458.016
149.861	8	281.856
149.961	7	246.624
150.061	15	528.48
150.162	10	352.32
150.262	7	246.624
150.362	0	0
150.462	11	387.552
150.562	6	211.392
150.662	0	0
150.762	13	458.016
150.862	0	0
150.962	0	0
151.062	2	70.464
151.163	0	0
151.263	17	598.944
151.363	11	387.552
151.463	1	35.232
151.563	8	281.856
151.663	13	458.016
151.763	0	0
151.863	2	70.464
151.964	14	493.248
152.064	14	493.248
152.164	9	317.088
152.264	16	563.712
152.364	17	598.944
152.464	9	317.088
152.564	19	669.408
152.664	9	317.088
152.764	12	422.784
152.864	20	704.64
152.965	1	35.232
153.065	15	528.48
153.165	22	775.104
153.265	5	176.16
153.365	10	352.32
153.465	9	317.088
153.565	10	352.32
153.665	0	0
153.766	12	422.784
153.866	3	105.696
153.966	9	317.088
154.066	10	352.32
154.166	3	105.696
154.266	11	387.552
154.366	11	387.552
154.466	12	422.784
154.566	5	176.16
154.666	14	493.248
154.767	6	211.392
154.867	11	387.552
154.967	15	528.48
155.067	12	422.784
155.167	9	317.088
155.267	15	528.48
155.367	19	669.408
155.467	8	281.856
155.567	19	669.408
155.668	9	317.088
155.768	9	317.088
155.868	9	317.088
155.969	22	775.104
156.069	13	458.016
156.169	17	598.944
156.269	22	775.104
156.369	11	387.552
156.469	26	916.032
156.569	27	951.264
156.669	22	775.104
156.769	16	563.712
156.869	7	246.624
156.97	30	1056.96
157.07	3	105.696
157.17	14	493.248
157.27	0	0
157.37	17	598.944
157.47	18	634.176
157.57	3	105.696
157.67	6	211.392
157.77	15	528.48
157.87	12	422.784
157.971	19	669.408
158.071	22	775.104
158.171	10	352.32
158.271	23	810.336
158.371	7	246.624
158.471	22	775.104
158.571	6	211.392
158.671	6	211.392
158.771	23	810.336
158.871	16	563.712
158.972	21	739.872
159.072	24	845.568
159.172	18	634.176
159.272	27	951.264
159.372	9	317.088
159.472	7	246.624
159.572	29	1021.73
159.672	8	281.856
159.772	14	493.248
159.872	18	634.176
159.973	0	0
160.073	19	669.408
160.173	0	0
160.273	0	0
160.373	20	704.64
160.473	11	387.552
160.573	7	246.624
160.673	12	422.784
160.774	11	387.552
160.874	5	176.16
160.974	15	528.48
161.074	9	317.088
161.174	0	0
161.274	17	598.944
161.374	18	634.176
161.475	2	70.464
161.575	18	634.176
161.675	10	352.32
161.775	12	422.784
161.875	20	704.64
161.975	11	387.552
162.075	6	211.392
162.175	21	739.872
162.275	5	176.16
162.375	24	845.568
162.475	6	211.392
162.575	6	211.392
162.676	17	598.944
162.776	9	317.088
162.876	0	0
162.976	14	493.248
163.076	3	105.696
163.176	0	0
163.276	0	0
163.376	0	0
163.476	6	211.392
163.576	4	140.928
163.677	9	317.088
163.777	3	105.696
163.877	9	317.088
163.977	11	387.552
164.077	12	422.784
164.177	3	105.696
164.277	13	458.016
164.377	0	0
164.477	14	493.248
164.578	15	528.48
164.678	3	105.696
164.778	0	0
164.878	2	70.464
164.978	3	105.696
165.078	13	458.016
165.178	2	70.464
165.278	0	0
165.378	7	246.624
165.478	8	281.856
165.578	10	352.32
165.679	12	422.784
165.779	8	281.856
165.879	10	352.32
165.979	0	0
166.079	8	281.856
166.179	10	352.32
166.279	16	563.712
166.379	11	387.552
166.479	13	458.016
166.579	11	387.552
166.679	14	493.248
166.78	18	634.176
166.88	4	140.928
166.98	19	669.408
167.08	3	105.696
167.18	0	0
167.28	0	0
167.38	0	0
167.48	0	0
167.58	22	775.104
167.681	10	352.32
167.781	2	70.464
167.881	13	458.016
167.981	14	493.248
168.081	6	211.392
168.181	12	422.784
168.281	13	458.016
168.381	10	352.32
168.481	0	0
168.581	0	0
168.681	15	528.48
168.782	9	317.088
168.882	7	246.624
168.982	10	352.32
169.082	1	35.232
169.182	13	458.016
169.282	2	70.464
169.382	8	281.856
169.483	8	281.856
169.583	0	0
169.683	10	352.32
169.783	11	387.552
169.883	1	35.232
169.983	5	176.16
170.083	8	281.856
170.183	7	246.624
170.283	2	70.464
170.383	8	281.856
170.484	0	0
170.584	9	317.088
170.684	5	176.16
170.784	0	0
170.884	11	387.552
170.984	9	317.088
171.084	2	70.464
171.184	11	387.552
171.284	12	422.784
171.385	3	105.696
171.485	0	0
171.585	0	0
171.685	4	140.928
171.785	10	352.32
171.885	9	317.088
171.985	0	0
172.085	1	35.232
172.185	0	0
172.286	0	0
172.386	0	0
172.486	10	352.32
172.586	0	0
172.686	6	211.392
172.786	0	0
172.886	7	246.624
172.986	4	140.928
173.086	4	140.928
173.186	0	0
173.287	0	0
173.387	6	211.392
173.487	5	176.16
173.587	4	140.928
173.687	0	0
173.787	7	246.624
173.887	8	281.856
173.987	2	70.464
174.087	0	0
174.187	9	317.088
174.288	1	35.232
174.388	0	0
174.488	10	352.32
174.588	0	0
174.688	11	387.552
174.788	3	105.696
174.888	12	422.784
174.988	6	211.392
175.088	10	352.32
175.188	2	70.464
175.289	0	0
175.389	0	0
175.489	0	0
175.589	0	0
175.689	15	528.48
175.789	0	0
175.889	9	317.088
175.989	6	211.392
176.089	4	140.928
176.189	11	387.552
176.29	8	281.856
176.39	9	317.088
176.49	13	458.016
176.59	4	140.928
176.69	9	317.088
176.79	0	0
176.89	2	70.464
176.99	13	458.016
177.09	9	317.088
177.191	10	352.32
177.291	1	35.232
177.391	0	0
177.491	0	0
177.591	0	0
177.691	2	70.464
177.791	0	0
177.891	0	0
177.991	9	317.088
178.091	7	246.624
178.192	1	35.232
178.292	7	246.624
178.392	9	317.088
178.492	2	70.464
178.592	10	352.32
178.692	0	0
178.793	9	317.088
178.893	7	246.624
178.993	12	422.784
179.093	7	246.624
179.193	6	211.392
179.293	0	0
179.394	14	493.248
179.494	3	105.696
179.594	0	0
179.694	4	140.928
179.794	14	493.248
179.894	13	458.016
179.994	0	0
180.094	0	0
180.194	0	0
180.294	10	352.32
180.394	0	0
180.495	13	458.016
180.595	0	0
180.695	0	0
180.795	0	0
180.895	10	352.32
180.995	10	352.32
181.095	4	140.928
181.195	12	422.784
181.295	12	422.784
181.395	2	70.464
181.496	14	493.248
181.596	15	528.48
181.696	2	70.464
181.796	16	563.712
181.896	7	246.624
181.996	16	563.712
182.096	16	563.712
182.197	14	493.248
182.297	14	493.248
182.397	8	281.856
182.497	0	0
182.597	0	0
182.698	1	35.232
182.798	6	211.392
182.898	0	0
182.998	11	387.552
183.098	3	105.696
183.198	0	0
183.298	0	0
183.398	0	0
183.498	2	70.464
183.598	10	352.32
183.699	0	0
183.799	0	0
183.899	2	70.464
183.999	0	0
184.099	0	0
184.2	5	176.16
184.3	6	211.392
184.4	8	281.856
184.5	7	246.624
184.6	1	35.232
184.7	9	317.088
184.8	6	211.392
184.9	9	317.088
185.001	1	35.232
185.101	11	387.552
185.201	13	458.016
185.301	4	140.928
185.401	1	35.232
185.501	14	493.248
185.601	15	528.48
185.701	10	352.32
185.801	3	105.696
185.901	0	0
186.001	0	0
186.102	1	35.232
186.202	8	281.856
186.302	9	317.088
186.402	2	70.464
186.502	9	317.088
186.602	2	70.464
186.702	9	317.088
186.802	12	422.784
186.902	2	70.464
187.002	2	70.464
187.102	13	458.016
187.203	0	0
187.303	2	70.464
187.403	15	528.48
187.503	2	70.464
187.603	6	211.392
187.703	14	493.248
187.803	1	35.232
187.903	0	0
188.003	16	563.712
188.104	16	563.712
188.204	13	458.016
188.304	0	0
188.404	4	140.928
188.504	13	458.016
188.604	20	704.64
188.704	2	70.464
188.804	1	35.232
188.905	21	739.872
189.005	2	70.464
189.105	0	0
189.205	0	0
189.305	15	528.48
189.405	5	176.16
189.505	6	211.392
189.605	4	140.928
189.705	22	775.104
189.805	0	0
189.906	1	35.232
190.006	22	775.104
190.106	11	387.552
190.206	0	0
190.306	0	0
190.406	26	916.032
190.506	7	246.624
190.606	7	246.624
190.707	23	810.336
190.807	14	493.248
190.907	1	35.232
191.007	0	0
191.107	0	0
191.207	0	0
191.307	1	35.232
191.407	28	986.496
191.507	3	105.696
191.607	8	281.856
191.708	6	211.392
191.808	11	387.552
191.908	1	35.232
192.008	0	0
192.108	2	70.464
192.208	13	458.016
192.308	0	0
192.408	7	246.624
192.509	12	422.784
192.609	11	387.552
192.709	6	211.392
192.809	12	422.784
192.909	7	246.624
193.009	10	352.32
193.109	12	422.784
193.209	13	458.016
193.31	13	458.016
193.41	5	176.16
193.51	0	0
193.61	0	0
193.71	0	0
193.81	0	0
193.91	0	0
194.01	0	0
194.11	2	70.464
194.21	5	176.16
194.31	0	0
194.411	0	0
194.511	7	246.624
194.611	5	176.16
194.711	4	140.928
194.811	6	211.392
194.911	5	176.16
195.011	5	176.16
195.111	7	246.624
195.211	5	176.16
195.312	7	246.624
195.412	4	140.928
195.512	6	211.392
195.612	4	140.928
195.712	0	0
195.812	7	246.624
195.912	8	281.856
196.012	5	176.16
196.112	5	176.16
196.212	10	352.32
196.313	2	70.464
196.413	9	317.088
196.513	2	70.464
196.613	10	352.32
196.713	5	176.16
196.813	13	458.016
196.913	14	493.248
197.013	10	352.32
197.113	11	387.552
197.213	12	422.784
197.313	1	35.232
197.414	16	563.712
197.514	10	352.32
197.614	10	352.32
197.714	0	0
197.814	0	0
197.914	18	634.176
198.014	3	105.696
198.114	11	387.552
198.214	12	422.784
198.315	6	211.392
198.415	1	35.232
198.515	0	0
198.615	1	35.232
198.715	13	458.016
198.815	8	281.856
198.915	3	105.696
199.015	1	35.232
199.115	9	317.088
199.216	2	70.464
199.316	11	387.552
199.416	10	352.32
199.516	4	140.928
199.616	13	458.016
199.716	11	387.552
199.816	6	211.392
199.916	4	140.928
200.017	15	528.48
200.117	14	493.248
200.217	2	70.464
200.317	0	0
200.417	0	0
200.517	0	0
200.617	17	598.944
200.718	5	176.16
200.818	7	246.624
200.918	11	387.552
201.018	7	246.624
201.118	0	0
201.218	11	387.552
201.318	3	105.696
201.419	7	246.624
201.519	9	317.088
201.619	10	352.32
201.719	11	387.552
201.819	12	422.784
201.919	5	176.16
202.019	0	0
202.119	11	387.552
202.22	0	0
202.32	14	493.248
202.42	6	211.392
202.52	7	246.624
202.62	6	211.392
202.72	11	387.552
202.82	12	422.784
202.92	9	317.088
203.02	11	387.552
203.121	10	352.32
203.221	15	528.48
203.321	16	563.712
203.421	10	352.32
203.521	11	387.552
203.621	13	458.016
203.721	10	352.32
203.821	18	634.176
203.921	2	70.464
204.021	20	704.64
204.121	20	704.64
204.222	9	317.088
204.322	22	775.104
204.422	19	669.408
204.522	20	704.64
204.622	18	634.176
204.722	12	422.784
204.822	24	845.568
204.922	18	634.176
205.022	17	598.944
205.122	9	317.088
205.223	25	880.8
205.323	14	493.248
205.423	9	317.088
205.523	11	387.552
205.623	18	634.176
205.723	5	176.16
205.824	3	105.696
205.924	10	352.32
206.024	10	352.32
206.124	10	352.32
206.224	9	317.088
206.324	12	422.784
206.425	9	317.088
206.525	13	458.016
206.625	1	35.232
206.725	0	0
206.825	0	0
206.925	15	528.48
207.025	0	0
207.125	4	140.928
207.226	8	281.856
207.326	1	35.232
207.426	11	387.552
207.526	10	352.32
207.626	10	352.32
207.726	8	281.856
207.826	12	422.784
207.927	15	528.48
208.027	15	528.48
208.127	6	211.392
208.227	17	598.944
208.327	7	246.624
208.427	18	634.176
208.527	9	317.088
208.627	13	458.016
208.727	15	528.48
208.827	14	493.248
208.928	17	598.944
209.028	7	246.624
209.128	23	810.336
209.228	11	387.552
209.328	10	352.32
209.428	8	281.856
209.528	11	387.552
209.628	14	493.248
209.728	9	317.088
209.828	15	528.48
209.928	16	563.712
210.029	8	281.856
210.129	14	493.248
210.229	9	317.088
210.329	13	458.016
210.429	14	493.248
210.529	10	352.32
210.629	12	422.784
210.729	12	422.784
210.829	5	176.16
210.93	19	669.408
211.03	12	422.784
211.13	14	493.248
211.23	16	563.712
211.33	6	211.392
211.43	21	739.872
211.53	12	422.784
211.63	19	669.408
211.73	8	281.856
211.83	10	352.32
211.93	0	0
212.03	0	0
212.13	21	739.872
212.23	8	281.856
212.331	2	70.464
212.431	9	317.088
212.531	7	246.624
212.631	11	387.552
212.731	9	317.088
212.831	2	70.464
212.931	5	176.16
213.031	17	598.944
213.131	7	246.624
213.231	11	387.552
213.332	10	352.32
213.432	9	317.088
213.532	11	387.552
213.632	10	352.32
213.732	15	528.48
213.832	0	0
213.932	7	246.624
214.032	7	246.624
214.132	9	317.088
214.232	10	352.32
214.332	7	246.624
214.432	8	281.856
214.533	5	176.16
214.633	10	352.32
214.733	11	387.552
214.833	2	70.464
214.933	0	0
215.033	0	0
215.133	9	317.088
215.233	8	281.856
215.333	4	140.928
215.433	0	0
215.534	9	317.088
215.634	1	35.232
215.734	6	211.392
215.834	6	211.392
215.934	0	0
216.034	8	281.856
216.134	9	317.088
216.234	2	70.464
216.334	9	317.088
216.434	5	176.16
216.534	11	387.552
216.635	8	281.856
216.735	9	317.088
216.835	10	352.32
216.935	14	493.248
217.035	15	528.48
217.135	1	35.232
217.235	0	0
217.335	4	140.928
217.435	12	422.784
217.535	3	105.696
217.636	9	317.088
217.736	1	35.232
217.836	0	0
217.936	11	387.552
218.036	1	35.232
218.136	1	35.232
218.236	0	0
218.336	0	0
218.436	0	0
218.536	0	0
218.637	7	246.624
218.737	3	105.696
218.837	5	176.16
218.937	0	0
219.037	6	211.392
219.137	4	140.928
219.237	0	0
219.337	0	0
219.437	8	281.856
219.538	8	281.856
219.638	2	70.464
219.738	0	0
219.838	3	105.696
219.938	9	317.088
220.038	11	387.552
220.138	8	281.856
220.238	0	0
220.338	0	0
220.438	1	35.232
220.538	0	0
220.638	10	352.32
220.739	6	211.392
220.839	0	0
220.939	0	0
221.039	0	0
221.139	0	0
221.239	0	0
221.339	1	35.232
221.439	0	0
221.539	8	281.856
221.639	9	317.088
221.74	0	0
221.84	10	352.32
221.94	2	70.464
222.04	7	246.624
222.14	12	422.784
222.24	4	140.928
222.34	8	281.856
222.44	12	422.784
222.54	9	317.088
222.64	15	528.48
222.74	11	387.552
222.841	3	105.696
222.941	1	35.232
223.041	0	0
223.141	17	598.944
223.241	11	387.552
223.341	4	140.928
223.441	0	0
223.541	0	0
223.641	0	0
223.742	19	669.408
223.842	1	35.232
223.942	0	0
224.042	16	563.712
224.142	2	70.464
224.242	0	0
224.342	2	70.464
224.442	14	493.248
224.543	18	634.176
224.643	0	0
224.743	0	0
224.843	0	0
224.943	0	0
225.043	0	0
225.143	1	35.232
225.243	18	634.176
225.343	6	211.392
225.443	2	70.464
225.543	7	246.624
225.644	24	845.568
225.744	11	387.552
225.844	10	352.32
225.944	0	0
226.044	7	246.624
226.144	24	845.568
226.244	17	598.944
226.344	1	35.232
226.444	18	634.176
226.545	7	246.624
226.645	2	70.464
226.745	12	422.784
226.845	21	739.872
226.945	0	0
227.045	0	0
227.145	4	140.928
227.245	0	0
227.345	2	70.464
227.445	10	352.32
227.546	20	704.64
227.646	2	70.464
227.746	0	0
227.846	2	70.464
227.946	12	422.784
228.046	0	0
228.146	18	634.176
228.246	11	387.552
228.346	3	105.696
228.446	18	634.176
228.547	17	598.944
228.647	19	669.408
228.747	19	669.408
228.847	19	669.408
228.947	0	0
229.047	0	0
229.147	7	246.624
229.247	20	704.64
229.347	7	246.624
229.447	2	70.464
229.548	5	176.16
229.648	2	70.464
229.748	23	810.336
229.848	3	105.696
229.948	0	0
230.048	0	0
230.148	0	0
230.248	0	0
230.349	11	387.552
230.449	15	528.48
230.549	0	0
230.649	12	422.784
230.749	11	387.552
230.849	0	0
230.95	0	0
231.05	6	211.392
231.15	14	493.248
231.25	16	563.712
231.35	0	0
231.45	2	70.464
231.55	24	845.568
231.65	0	0
231.75	2	70.464
231.85	11	387.552
231.951	15	528.48
232.051	0	0
232.151	0	0
232.251	0	0
232.351	0	0
232.451	5	176.16
232.551	0	0
232.651	16	563.712
232.751	5	176.16
232.852	2	70.464
232.952	17	598.944
233.052	1	35.232
233.152	0	0
233.252	0	0
233.352	0	0
233.452	0	0
233.552	0	0
233.652	0	0
233.753	11	387.552
233.853	12	422.784
233.954	19	669.408
234.054	2	70.464
234.154	0	0
234.254	0	0
234.354	2	70.464
234.454	20	704.64
234.555	20	704.64
234.655	13	458.016
234.755	22	775.104
234.855	0	0
234.955	0	0
235.055	3	105.696
235.155	6	211.392
235.255	12	422.784
235.355	0	0
235.456	12	422.784
235.556	17	598.944
235.656	2	70.464
235.756	11	387.552
235.856	26	916.032
235.956	17	598.944
236.056	0	0
236.156	19	669.408
236.256	12	422.784
236.356	29	1021.73
236.456	4	140.928
236.557	16	563.712
236.657	9	317.088
236.757	16	563.712
236.857	12	422.784
236.957	2	70.464
237.057	13	458.016
237.157	0	0
237.257	0	0
237.357	0	0
237.458	0	0
237.558	1	35.232
237.658	31	1092.19
237.758	3	105.696
237.858	17	598.944
237.958	6	211.392
238.058	18	634.176
238.158	4	140.928
238.259	2	70.464
238.359	0	0
238.459	10	352.32
238.559	8	281.856
238.659	13	458.016
238.759	12	422.784
238.859	13	458.016
238.959	10	352.32
239.06	13	458.016
239.16	11	387.552
239.26	0	0
239.36	5	176.16
239.46	12	422.784
239.56	0	0
239.66	17	598.944
239.76	2	70.464
239.861	2	70.464
239.961	14	493.248
240.061	0	0
240.161	4	140.928
240.261	7	246.624
240.361	0	0
240.461	0	0
240.561	11	387.552
240.662	6	211.392
240.762	0	0
240.862	0	0
240.962	8	281.856
241.062	5	176.16
241.162	7	246.624
241.262	8	281.856
241.362	11	387.552
241.462	1	35.232
241.563	14	493.248
241.663	13	458.016
241.763	0	0
241.863	0	0
241.963	16	563.712
242.063	6	211.392
242.163	4	140.928
242.263	2	70.464
242.363	0	0
242.463	9	317.088
242.564	0	0
242.664	0	0
242.764	18	634.176
242.864	5	176.16
242.964	0	0
243.064	0	0
243.164	13	458.016
243.264	0	0
243.364	0	0
243.465	0	0
243.565	0	0
243.665	17	598.944
243.765	9	317.088
243.865	0	0
243.965	0	0
244.065	12	422.784
244.165	4	140.928
244.265	5	176.16
244.366	14	493.248
244.466	15	528.48
244.566	2	70.464
244.666	16	563.712
244.766	15	528.48
244.866	18	634.176
244.966	5	176.16
245.066	19	669.408
245.166	17	598.944
245.267	13	458.016
245.367	14	493.248
245.467	5	176.16
245.567	1	35.232
245.667	21	739.872
245.767	10	352.32
245.867	10	352.32
245.967	24	845.568
246.067	14	493.248
246.167	13	458.016
246.268	8	281.856
246.368	8	281.856
246.468	8	281.856
246.568	27	951.264
246.668	0	0
246.768	2	70.464
246.868	28	986.496
246.969	23	810.336
247.069	10	352.32
247.169	11	387.552
247.269	18	634.176
247.369	14	493.248
247.469	5	176.16
247.569	19	669.408
247.67	12	422.784
247.77	7	246.624
247.87	0	0
247.97	18	634.176
248.07	13	458.016
248.17	17	598.944
248.27	13	458.016
248.37	16	563.712
248.47	4	140.928
248.57	16	563.712
248.671	14	493.248
248.771	9	317.088
248.871	8	281.856
248.971	4	140.928
249.071	0	0
249.171	0	0
249.271	23	810.336
249.371	5	176.16
249.471	2	70.464
249.572	0	0
249.672	0	0
249.772	14	493.248
249.872	7	246.624
249.972	0	0
250.072	0	0
250.172	0	0
250.272	0	0
250.372	0	0
250.473	14	493.248
250.573	3	105.696
250.673	8	281.856
250.773	9	317.088
250.873	11	387.552
250.973	1	35.232
251.073	0	0
251.173	3	105.696
251.273	10	352.32
251.373	11	387.552
251.474	0	0
251.574	3	105.696
251.674	13	458.016
251.774	14	493.248
251.874	6	211.392
251.974	13	458.016
252.074	10	352.32
252.174	13	458.016
252.274	12	422.784
252.374	18	634.176
252.474	19	669.408
252.574	4	140.928
252.675	16	563.712
252.775	8	281.856
252.875	19	669.408
252.975	11	387.552
253.075	24	845.568
253.175	13	458.016
253.275	18	634.176
253.375	19	669.408
253.475	6	211.392
253.575	27	951.264
253.676	12	422.784
253.776	5	176.16
253.876	2	70.464
253.976	28	986.496
254.076	4	140.928
254.176	15	528.48
254.276	17	598.944
254.377	8	281.856
254.477	13	458.016
254.577	14	493.248
254.677	20	704.64
254.777	7	246.624
254.877	20	704.64
254.977	0	0
255.077	22	775.104
255.178	12	422.784
255.278	5	176.16
255.378	11	387.552
255.478	14	493.248
255.578	14	493.248
255.678	7	246.624
255.778	14	493.248
255.878	6	211.392
255.978	2	70.464
256.079	16	563.712
256.179	2	70.464
256.279	10	352.32
256.379	2	70.464
256.479	8	281.856
256.579	8	281.856
256.679	13	458.016
256.779	5	176.16
256.879	1	35.232
256.98	0	0
257.08	0	0
257.18	14	493.248
257.28	0	0
257.38	9	317.088
257.48	9	317.088
257.58	3	105.696
257.68	10	352.32
257.78	10	352.32
257.881	8	281.856
257.981	1	35.232
258.081	9	317.088
258.181	6	211.392
258.281	6	211.392
258.381	2	70.464
258.481	0	0
258.581	9	317.088
258.682	6	211.392
258.782	0	0
258.882	11	387.552
258.982	12	422.784
259.082	10	352.32
259.182	14	493.248
259.282	7	246.624
259.382	13	458.016
259.482	6	211.392
259.583	6	211.392
259.683	2	70.464
259.783	15	528.48
259.883	10	352.32
259.983	5	176.16
260.083	8	281.856
260.184	12	422.784
260.284	11	387.552
260.384	7	246.624
260.484	14	493.248
260.584	6	211.392
260.684	12	422.784
260.784	1	35.232
260.884	0	0
260.984	13	458.016
261.085	7	246.624
261.185	9	317.088
261.285	8	281.856
261.385	12	422.784
261.485	11	387.552
261.585	12	422.784
261.685	8	281.856
261.786	1	35.232
261.886	14	493.248
261.986	1	35.232
262.086	6	211.392
262.186	0	0
262.286	10	352.32
262.386	6	211.392
262.486	5	176.16
262.587	8	281.856
262.687	4	140.928
262.787	8	281.856
262.887	2	70.464
262.987	8	281.856
263.087	3	105.696
263.187	1	35.232
263.288	2	70.464
263.388	0	0
263.488	1	35.232
263.588	1	35.232
263.688	10	352.32
263.788	7	246.624
263.888	5	176.16
263.988	7	246.624
264.088	10	352.32
264.189	7	246.624
264.289	4	140.928
264.389	2	70.464
264.489	0	0
264.589	12	422.784
264.689	8	281.856
264.789	2	70.464
264.889	7	246.624
264.989	10	352.32
265.09	7	246.624
265.19	9	317.088
265.29	11	387.552
265.39	4	140.928
265.49	0	0
265.59	5	176.16
265.69	6	211.392
265.79	1	35.232
265.89	7	246.624
265.991	6	211.392
266.091	0	0
266.191	5	176.16
266.291	5	176.16
266.391	6	211.392
266.491	0	0
266.591	2	70.464
266.691	0	0
266.791	8	281.856
266.892	9	317.088
266.992	4	140.928
267.092	10	352.32
267.192	2	70.464
267.292	5	176.16
267.392	9	317.088
267.492	10	352.32
267.592	12	422.784
267.692	14	493.248
267.793	6	211.392
267.893	0	0
267.993	8	281.856
268.093	16	563.712
268.193	10	352.32
268.293	11	387.552
268.393	2	70.464
268.493	12	422.784
268.594	9	317.088
268.694	8	281.856
268.794	13	458.016
268.894	8	281.856
268.994	10	352.32
269.094	0	0
269.194	3	105.696
269.294	13	458.016
269.394	10	352.32
269.495	6	211.392
269.595	9	317.088
269.695	9	317.088
269.795	11	387.552
269.895	13	458.016
269.995	13	458.016
270.095	3	105.696
270.195	12	422.784
270.296	2	70.464
270.396	15	528.48
270.496	14	493.248
270.596	6	211.392
270.696	18	634.176
270.796	5	176.16
270.896	9	317.088
270.996	20	704.64
271.097	21	739.872
271.197	12	422.784
271.297	17	598.944
271.397	21	739.872
271.497	3	105.696
271.597	2	70.464
271.697	7	246.624
271.797	17	598.944
271.898	14	493.248
271.998	9	317.088
272.098	13	458.016
272.198	12	422.784
272.298	16	563.712
272.398	12	422.784
272.498	0	0
272.598	12	422.784
272.699	0	0
272.799	10	352.32
272.899	11	387.552
272.999	3	105.696
273.099	9	317.088
273.199	13	458.016
273.299	0	0
273.399	14	493.248
273.499	6	211.392
273.599	3	105.696
273.7	10	352.32
273.8	3	105.696
273.9	0	0
274	9	317.088
274.1	4	140.928
274.2	7	246.624
274.3	7	246.624
274.4	7	246.624
274.5	7	246.624
274.601	10	352.32
274.701	11	387.552
274.801	5	176.16
274.901	13	458.016
275.001	1	35.232
275.101	14	493.248
275.201	5	176.16
275.301	0	0
275.402	0	0
275.502	5	176.16
275.602	10	352.32
275.702	5	176.16
275.802	8	281.856
275.902	6	211.392
276.002	5	176.16
276.102	11	387.552
276.202	4	140.928
276.303	5	176.16
276.403	3	105.696
276.503	1	35.232
276.603	0	0
276.703	0	0
276.803	9	317.088
276.903	5	176.16
277.003	3	105.696
277.103	6	211.392
277.204	8	281.856
277.304	9	317.088
277.404	9	317.088
277.504	11	387.552
277.604	3	105.696
277.704	12	422.784
277.804	10	352.32
277.904	13	458.016
278.004	5	176.16
278.105	3	105.696
278.205	12	422.784
278.305	7	246.624
278.405	9	317.088
278.505	6	211.392
278.605	8	281.856
278.705	11	387.552
278.806	11	387.552
278.906	2	70.464
279.006	5	176.16
279.106	9	317.088
279.206	7	246.624
279.306	0	0
279.406	0	0
279.506	0	0
279.606	9	317.088
279.707	5	176.16
279.807	7	246.624
279.907	4	140.928
280.007	5	176.16
280.107	4	140.928
280.207	9	317.088
280.307	7	246.624
280.407	10	352.32
280.507	10	352.32
280.607	10	352.32
280.708	12	422.784
280.808	5	176.16
280.908	12	422.784
281.008	3	105.696
281.108	0	0
281.208	0	0
281.308	2	70.464
281.408	0	0
281.508	9	317.088
281.608	1	35.232
281.709	1	35.232
281.809	3	105.696
281.909	0	0
282.009	0	0
282.109	0	0
282.209	0	0
282.309	0	0
282.409	0	0
282.51	0	0
282.61	0	0
282.71	0	0
282.81	0	0
282.91	0	0
283.01	0	0
283.11	0	0
283.21	11	387.552
283.311	7	246.624
283.411	0	0
283.511	0	0
283.611	0	0
283.711	0	0
283.811	0	0
283.911	0	0
284.011	2	70.464
284.112	7	246.624
284.212	7	246.624
284.312	0	0
284.412	0	0
284.512	0	0
284.612	0	0
284.712	0	0
284.812	0	0
284.912	0	0
285.013	0	0
285.113	0	0
285.213	10	352.32
285.313	1	35.232
285.413	11	387.552
285.513	12	422.784
285.613	13	458.016
285.713	4	140.928
285.813	12	422.784
285.914	15	528.48
286.014	12	422.784
286.114	11	387.552
286.214	17	598.944
286.314	3	105.696
286.414	3	105.696
286.514	15	528.48
286.614	6	211.392
286.714	15	528.48
286.814	14	493.248
286.915	15	528.48
287.015	22	775.104
287.115	0	0
287.215	0	0
287.315	0	0
287.415	0	0
287.515	2	70.464
287.615	18	634.176
287.715	13	458.016
287.816	4	140.928
287.916	14	493.248
288.016	13	458.016
288.116	7	246.624
288.216	14	493.248
288.316	17	598.944
288.416	11	387.552
288.516	14	493.248
288.617	18	634.176
288.717	17	598.944
288.817	8	281.856
288.917	1	35.232
289.017	21	739.872
289.117	9	317.088
289.217	3	105.696
289.317	13	458.016
289.417	14	493.248
289.518	9	317.088
289.618	6	211.392
289.718	16	563.712
289.818	17	598.944
289.918	5	176.16
290.018	8	281.856
290.118	1	35.232
290.218	18	634.176
290.319	11	387.552
290.419	6	211.392
290.519	8	281.856
290.619	13	458.016
290.719	14	493.248
290.819	10	352.32
290.919	13	458.016
291.019	11	387.552
291.119	17	598.944
291.219	2	70.464
291.32	1	35.232
291.42	17	598.944
291.52	11	387.552
291.62	12	422.784
291.72	13	458.016
291.82	13	458.016
291.92	5	176.16
292.02	11	387.552
292.12	16	563.712
292.22	16	563.712
292.321	7	246.624
292.421	10	352.32
292.521	0	0
292.621	16	563.712
292.721	5	176.16
292.821	9	317.088
292.921	12	422.784
293.021	13	458.016
293.121	4	140.928
293.222	14	493.248
293.322	15	528.48
293.422	7	246.624
293.522	14	493.248
293.622	3	105.696
293.722	9	317.088
293.822	10	352.32
293.922	9	317.088
294.022	11	387.552
294.123	12	422.784
294.223	13	458.016
294.323	8	281.856
294.423	10	352.32
294.523	11	387.552
294.623	16	563.712
294.723	4	140.928
294.823	1	35.232
294.923	17	598.944
295.024	10	352.32
295.124	11	387.552
295.224	4	140.928
295.324	12	422.784
295.424	13	458.016
295.524	3	105.696
295.624	12	422.784
295.724	15	528.48
295.824	13	458.016
295.925	11	387.552
296.025	0	0
296.125	18	634.176
296.225	4	140.928
296.325	10	352.32
296.425	4	140.928
296.525	12	422.784
296.625	5	176.16
296.725	11	387.552
296.825	13	458.016
296.925	15	528.48
297.026	16	563.712
297.126	2	70.464
297.226	0	0
297.326	17	598.944
297.426	10	352.32
297.526	7	246.624
297.626	4	140.928
297.726	12	422.784
297.826	13	458.016
297.927	9	317.088
298.027	13	458.016
298.127	10	352.32
298.227	16	563.712
298.327	17	598.944
298.427	6	211.392
298.527	18	634.176
298.627	19	669.408
298.727	3	105.696
298.828	20	704.64
298.928	4	140.928
299.028	9	317.088
299.128	13	458.016
299.228	13	458.016
299.328	14	493.248
299.428	15	528.48
299.528	10	352.32
299.629	16	563.712
299.729	15	528.48
299.829	17	598.944
299.929	17	598.944
300.029	10	352.32
300.129	21	739.872
300.229	11	387.552
300.33	17	598.944
300.43	23	810.336
300.53	19	669.408
300.63	17	598.944
300.73	26	916.032
300.83	5	176.16
300.93	11	387.552
301.03	3	105.696
301.13	1	35.232
301.23	14	493.248
301.331	3	105.696
301.431	14	493.248
301.531	2	70.464
301.631	14	493.248
301.731	8	281.856
301.831	0	0
301.931	3	105.696
302.031	5	176.16
302.131	10	352.32
302.232	10	352.32
302.332	11	387.552
302.432	1	35.232
302.532	0	0
302.632	0	0
302.732	0	0
302.832	2	70.464
302.932	10	352.32
303.032	8	281.856
303.132	9	317.088
303.233	10	352.32
303.333	8	281.856
303.433	11	387.552
303.533	4	140.928
303.633	13	458.016
303.733	14	493.248
303.833	9	317.088
303.933	10	352.32
304.033	16	563.712
304.134	10	352.32
304.234	0	0
304.334	8	281.856
304.434	8	281.856
304.534	8	281.856
304.634	8	281.856
304.734	6	211.392
304.834	12	422.784
304.934	6	211.392
305.035	3	105.696
305.135	9	317.088
305.235	9	317.088
305.335	11	387.552
305.435	4	140.928
305.535	0	0
305.635	12	422.784
305.735	8	281.856
305.835	5	176.16
305.936	8	281.856
306.036	3	105.696
306.136	4	140.928
306.236	2	70.464
306.336	6	211.392
306.436	4	140.928
306.536	5	176.16
306.636	7	246.624
306.736	5	176.16
306.836	4	140.928
306.936	2	70.464
307.037	10	352.32
307.137	9	317.088
307.237	12	422.784
307.337	13	458.016
307.437	5	176.16
307.537	14	493.248
307.637	4	140.928
307.737	8	281.856
307.837	14	493.248
307.938	6	211.392
308.038	17	598.944
308.138	9	317.088
308.238	17	598.944
308.338	5	176.16
308.438	2	70.464
308.538	13	458.016
308.638	14	493.248
308.738	2	70.464
308.838	8	281.856
308.939	9	317.088
309.039	10	352.32
309.139	6	211.392
309.239	0	0
309.339	14	493.248
309.439	2	70.464
309.539	0	0
309.639	3	105.696
309.74	9	317.088
309.84	9	317.088
309.94	3	105.696
310.04	8	281.856
310.14	8	281.856
310.24	11	387.552
310.34	10	352.32
310.44	13	458.016
310.541	6	211.392
310.641	5	176.16
310.741	3	105.696
310.841	8	281.856
310.941	10	352.32
311.041	14	493.248
311.141	15	528.48
311.241	4	140.928
311.341	18	634.176
311.441	6	211.392
311.541	5	176.16
311.642	3	105.696
311.742	6	211.392
311.842	0	0
311.942	14	493.248
312.042	3	105.696
312.142	11	387.552
312.242	10	352.32
312.342	6	211.392
312.442	1	35.232
312.543	0	0
312.643	0	0
312.743	14	493.248
312.843	2	70.464
312.943	5	176.16
313.043	6	211.392
313.143	8	281.856
313.243	2	70.464
313.343	6	211.392
313.444	1	35.232
313.544	0	0
313.644	0	0
313.744	5	176.16
313.844	7	246.624
313.944	4	140.928
314.044	6	211.392
314.144	4	140.928
314.244	2	70.464
314.344	8	281.856
314.445	5	176.16
314.545	1	35.232
314.645	0	0
314.745	0	0
314.845	11	387.552
314.945	0	0
315.045	7	246.624
315.145	8	281.856
315.246	3	105.696
315.346	9	317.088
315.446	4	140.928
315.546	0	0
315.646	0	0
315.746	10	352.32
315.846	5	176.16
315.946	8	281.856
316.046	7	246.624
316.146	0	0
316.247	2	70.464
316.347	7	246.624
316.447	1	35.232
316.547	1	35.232
316.647	8	281.856
316.747	6	211.392
316.847	9	317.088
316.947	10	352.32
317.047	7	246.624
317.148	8	281.856
317.248	12	422.784
317.348	10	352.32
317.448	14	493.248
317.548	8	281.856
317.648	15	528.48
317.748	7	246.624
317.848	11	387.552
317.949	11	387.552
318.049	18	634.176
318.149	10	352.32
318.249	12	422.784
318.349	20	704.64
318.449	0	0
318.549	6	211.392
318.649	15	528.48
318.75	5	176.16
318.85	2	70.464
318.95	11	387.552
319.05	8	281.856
319.15	7	246.624
319.25	10	352.32
319.35	5	176.16
319.45	11	387.552
319.55	8	281.856
319.651	0	0
319.751	13	458.016
319.851	8	281.856
319.951	0	0
320.051	6	211.392
320.151	4	140.928
320.251	9	317.088
320.351	8	281.856
320.451	10	352.32
320.551	12	422.784
320.652	9	317.088
320.752	14	493.248
320.852	15	528.48
320.952	14	493.248
321.052	3	105.696
321.152	0	0
321.252	0	0
321.352	17	598.944
321.452	5	176.16
321.553	8	281.856
321.653	11	387.552
321.753	9	317.088
321.853	13	458.016
321.953	14	493.248
322.053	5	176.16
322.153	13	458.016
322.253	9	317.088
322.354	4	140.928
322.454	0	0
322.554	17	598.944
322.654	10	352.32
322.754	11	387.552
322.854	12	422.784
322.954	3	105.696
323.054	1	35.232
323.154	13	458.016
323.255	8	281.856
323.355	0	0
323.455	9	317.088
323.555	2	70.464
323.655	0	0
323.755	0	0
323.855	0	0
323.955	0	0
324.055	10	352.32
324.156	7	246.624
324.256	4	140.928
324.356	7	246.624
324.456	7	246.624
324.556	4	140.928
324.656	8	281.856
324.756	0	0
324.856	0	0
324.957	11	387.552
325.057	1	35.232
325.157	6	211.392
325.257	8	281.856
325.357	9	317.088
325.457	10	352.32
325.557	3	105.696
325.657	11	387.552
325.757	11	387.552
325.857	11	387.552
325.957	6	211.392
326.058	1	35.232
326.158	13	458.016
326.258	15	528.48
326.358	8	281.856
326.458	9	317.088
326.558	16	563.712
326.658	6	211.392
326.758	12	422.784
326.859	15	528.48
326.959	14	493.248
327.059	15	528.48
327.159	3	105.696
327.259	1	35.232
327.359	15	528.48
327.459	8	281.856
327.559	9	317.088
327.659	13	458.016
327.759	14	493.248
327.86	13	458.016
327.96	16	563.712
328.06	14	493.248
328.16	15	528.48
328.26	19	669.408
328.36	12	422.784
328.46	20	704.64
328.561	8	281.856
328.661	18	634.176
328.761	7	246.624
328.861	10	352.32
328.961	7	246.624
329.061	12	422.784
329.161	13	458.016
329.262	14	493.248
329.362	15	528.48
329.462	8	281.856
329.562	0	0
329.662	6	211.392
329.762	11	387.552
329.862	10	352.32
329.962	7	246.624
330.062	12	422.784
330.162	7	246.624
330.263	3	105.696
330.363	9	317.088
330.463	13	458.016
330.563	13	458.016
330.663	9	317.088
330.763	2	70.464
330.863	13	458.016
330.963	10	352.32
331.063	17	598.944
331.163	19	669.408
331.263	8	281.856
331.364	18	634.176
331.464	20	704.64
331.564	13	458.016
331.664	20	704.64
331.764	23	810.336
331.864	0	0
331.964	24	845.568
332.064	13	458.016
332.164	14	493.248
332.264	15	528.48
332.365	16	563.712
332.465	15	528.48
332.565	4	140.928
332.665	17	598.944
332.765	15	528.48
332.865	19	669.408
332.965	8	281.856
333.065	21	739.872
333.165	5	176.16
333.265	22	775.104
333.366	22	775.104
333.466	15	528.48
333.566	25	880.8
333.666	19	669.408
333.766	14	493.248
333.866	13	458.016
333.966	26	916.032
334.066	18	634.176
334.166	0	0
334.266	11	387.552
334.366	19	669.408
334.467	7	246.624
334.567	17	598.944
334.667	17	598.944
334.767	16	563.712
334.867	12	422.784
334.967	9	317.088
335.067	11	387.552
335.167	13	458.016
335.267	5	176.16
335.367	0	0
335.467	2	70.464
335.568	19	669.408
335.668	3	105.696
335.768	11	387.552
335.868	14	493.248
335.968	12	422.784
336.068	10	352.32
336.168	11	387.552
336.268	17	598.944
336.368	14	493.248
336.468	7	246.624
336.568	5	176.16
336.669	14	493.248
336.769	7	246.624
336.869	5	176.16
336.969	12	422.784
337.069	13	458.016
337.169	5	176.16
337.269	13	458.016
337.37	13	458.016
337.47	9	317.088
337.57	14	493.248
337.67	14	493.248
337.77	3	105.696
337.87	15	528.48
337.97	4	140.928
338.07	10	352.32
338.17	9	317.088
338.27	11	387.552
338.371	10	352.32
338.471	14	493.248
338.571	15	528.48
338.671	3	105.696
338.771	4	140.928
338.871	6	211.392
338.971	9	317.088
339.071	7	246.624
339.171	3	105.696
339.271	11	387.552
339.371	12	422.784
339.472	13	458.016
339.572	4	140.928
339.672	10	352.32
339.772	5	176.16
339.872	9	317.088
339.972	10	352.32
340.072	0	0
340.172	4	140.928
340.272	7	246.624
340.372	7	246.624
340.473	8	281.856
340.573	4	140.928
340.673	8	281.856
340.773	10	352.32
340.873	9	317.088
340.973	12	422.784
341.073	13	458.016
341.173	8	281.856
341.273	0	0
341.374	14	493.248
341.474	9	317.088
341.574	6	211.392
341.674	4	140.928
341.774	11	387.552
341.874	12	422.784
341.974	0	0
342.074	13	458.016
342.174	14	493.248
342.274	15	528.48
342.375	5	176.16
342.475	0	0
342.575	11	387.552
342.675	7	246.624
342.775	6	211.392
342.875	7	246.624
342.975	11	387.552
343.076	11	387.552
343.176	13	458.016
343.276	6	211.392
343.376	12	422.784
343.476	7	246.624
343.576	11	387.552
343.676	2	70.464
343.776	15	528.48
343.876	16	563.712
343.976	11	387.552
344.076	16	563.712
344.176	16	563.712
344.277	20	704.64
344.377	21	739.872
344.477	15	528.48
344.577	21	739.872
344.677	24	845.568
344.777	7	246.624
344.877	2	70.464
344.977	15	528.48
345.077	11	387.552
345.177	12	422.784
345.278	14	493.248
345.378	16	563.712
345.478	14	493.248
345.578	14	493.248
345.678	17	598.944
345.778	18	634.176
345.878	16	563.712
345.978	12	422.784
346.078	2	70.464
346.179	20	704.64
346.279	13	458.016
346.379	9	317.088
346.479	9	317.088
346.579	15	528.48
346.679	15	528.48
346.779	17	598.944
346.879	12	422.784
346.979	18	634.176
347.079	19	669.408
347.18	0	0
347.28	2	70.464
347.38	18	634.176
347.48	12	422.784
347.58	9	317.088
347.68	11	387.552
347.78	3	105.696
347.88	6	211.392
347.98	8	281.856
348.08	9	317.088
348.18	10	352.32
348.28	9	317.088
348.381	3	105.696
348.481	12	422.784
348.581	6	211.392
348.681	9	317.088
348.781	8	281.856
348.881	4	140.928
348.981	13	458.016
349.081	6	211.392
349.181	10	352.32
349.282	10	352.32
349.382	8	281.856
349.482	10	352.32
349.582	1	35.232
349.682	13	458.016
349.782	14	493.248
349.882	15	528.48
349.982	6	211.392
350.082	16	563.712
350.182	12	422.784
350.282	12	422.784
350.383	16	563.712
350.483	18	634.176
350.583	12	422.784
350.683	19	669.408
350.783	0	0
350.883	9	317.088
350.983	13	458.016
351.083	5	176.16
351.183	10	352.32
351.283	13	458.016
351.384	14	493.248
351.484	10	352.32
351.584	16	563.712
351.684	8	281.856
351.784	12	422.784
351.884	3	105.696
351.984	2	70.464
352.084	9	317.088
352.184	7	246.624
352.284	11	387.552
352.385	12	422.784
352.485	13	458.016
352.585	14	493.248
352.685	9	317.088
352.785	12	422.784
352.885	10	352.32
352.985	14	493.248
353.085	13	458.016
353.185	0	0
353.285	18	634.176
353.386	9	317.088
353.486	12	422.784
353.586	4	140.928
353.686	11	387.552
353.786	9	317.088
353.886	14	493.248
353.986	14	493.248
354.087	14	493.248
354.187	15	528.48
354.287	0	0
354.387	18	634.176
354.487	7	246.624
354.587	11	387.552
354.687	10	352.32
354.787	10	352.32
354.887	10	352.32
354.988	10	352.32
355.088	15	528.48
355.188	5	176.16
355.288	5	176.16
355.388	4	140.928
355.488	2	70.464
355.588	9	317.088
355.688	4	140.928
355.788	10	352.32
355.888	8	281.856
355.989	12	422.784
356.089	13	458.016
356.189	5	176.16
356.289	14	493.248
356.389	5	176.16
356.489	8	281.856
356.589	8	281.856
356.689	2	70.464
356.789	8	281.856
356.889	7	246.624
356.989	5	176.16
357.09	8	281.856
357.19	7	246.624
357.29	8	281.856
357.39	10	352.32
357.49	10	352.32
357.59	7	246.624
357.69	13	458.016
357.79	0	0
357.89	12	422.784
357.99	3	105.696
358.091	9	317.088
358.191	10	352.32
358.291	11	387.552
358.391	12	422.784
358.491	4	140.928
358.591	13	458.016
358.691	10	352.32
358.791	6	211.392
358.891	13	458.016
358.992	3	105.696
359.092	5	176.16
359.192	11	387.552
359.292	9	317.088
359.392	6	211.392
359.492	8	281.856
359.592	11	387.552
359.692	13	458.016
359.792	14	493.248
359.892	6	211.392
359.992	12	422.784
360.093	16	563.712
360.193	0	0
360.293	17	598.944
360.393	5	176.16
360.493	5	176.16
360.593	11	387.552
360.693	3	105.696
360.793	12	422.784
360.893	12	422.784
360.994	12	422.784
361.094	15	528.48
361.194	4	140.928
361.294	10	352.32
361.394	16	563.712
361.494	3	105.696
361.594	9	317.088
361.694	10	352.32
361.794	12	422.784
361.894	13	458.016
361.995	14	493.248
362.095	8	281.856
362.195	9	317.088
362.295	16	563.712
362.395	6	211.392
362.495	8	281.856
362.595	0	0
362.695	16	563.712
362.795	2	70.464
362.895	11	387.552
362.996	12	422.784
363.096	12	422.784
363.196	8	281.856
363.296	14	493.248
363.396	10	352.32
363.496	14	493.248
363.596	17	598.944
363.696	2	70.464
363.796	18	634.176
363.896	10	352.32
363.997	2	70.464
364.097	10	352.32
364.197	12	422.784
364.297	13	458.016
364.397	13	458.016
364.497	3	105.696
364.597	14	493.248
364.697	14	493.248
364.797	5	176.16
364.897	15	528.48
364.998	5	176.16
365.098	19	669.408
365.198	0	0
365.298	11	387.552
365.398	12	422.784
365.498	8	281.856
365.598	11	387.552
365.698	11	387.552
365.799	15	528.48
365.899	16	563.712
365.999	14	493.248
366.099	8	281.856
366.199	1	35.232
366.299	1	35.232
366.399	17	598.944
366.499	11	387.552
366.599	1	35.232
366.699	8	281.856
366.799	6	211.392
366.9	8	281.856
367	7	246.624
367.1	6	211.392
367.2	10	352.32
367.3	6	211.392
367.4	5	176.16
367.5	1	35.232
367.6	11	387.552
367.7	7	246.624
367.8	6	211.392
367.901	8	281.856
368.001	10	352.32
368.101	8	281.856
368.201	9	317.088
368.301	8	281.856
368.401	10	352.32
368.501	8	281.856
368.601	2	70.464
368.701	15	528.48
368.802	2	70.464
368.902	7	246.624
369.002	10	352.32
369.102	7	246.624
369.202	10	352.32
369.302	12	422.784
369.402	10	352.32
369.502	8	281.856
369.603	14	493.248
369.703	12	422.784
369.803	5	176.16
369.903	12	422.784
370.003	10	352.32
370.103	5	176.16
370.203	10	352.32
370.303	12	422.784
370.404	10	352.32
370.504	7	246.624
370.604	14	493.248
370.704	15	528.48
370.804	8	281.856
370.904	8	281.856
371.004	2	70.464
371.104	11	387.552
371.205	6	211.392
371.305	10	352.32
371.405	9	317.088
371.505	12	422.784
371.605	7	246.624
371.705	13	458.016
371.805	5	176.16
371.905	15	528.48
372.005	10	352.32
372.105	7	246.624
372.206	2	70.464
372.306	9	317.088
372.406	8	281.856
372.506	8	281.856
372.606	11	387.552
372.706	8	281.856
372.806	11	387.552
372.906	11	387.552
373.007	14	493.248
373.107	6	211.392
373.207	15	528.48
373.307	2	70.464
373.407	8	281.856
373.507	9	317.088
373.607	10	352.32
373.707	11	387.552
373.808	6	211.392
373.908	12	422.784
374.008	8	281.856
374.108	14	493.248
374.208	7	246.624
374.308	14	493.248
374.408	12	422.784
374.508	6	211.392
374.608	17	598.944
374.709	7	246.624
374.809	5	176.16
374.909	11	387.552
375.009	12	422.784
375.109	3	105.696
375.209	12	422.784
375.309	13	458.016
375.409	10	352.32
375.509	14	493.248
375.609	4	140.928
375.71	0	0
375.81	14	493.248
375.91	4	140.928
376.01	9	317.088
376.11	11	387.552
376.21	12	422.784
376.31	3	105.696
376.41	12	422.784
376.51	14	493.248
376.611	13	458.016
376.711	15	528.48
376.811	3	105.696
376.911	7	246.624
377.011	10	352.32
377.111	10	352.32
377.211	11	387.552
377.311	2	70.464
377.411	11	387.552
377.512	12	422.784
377.612	11	387.552
377.712	8	281.856
377.812	15	528.48
377.912	8	281.856
378.012	0	0
378.112	15	528.48
378.212	10	352.32
378.312	4	140.928
378.412	10	352.32
378.513	12	422.784
378.613	9	317.088
378.713	10	352.32
378.813	11	387.552
378.913	15	528.48
379.013	13	458.016
379.113	6	211.392
379.213	2	70.464
379.313	11	387.552
379.414	6	211.392
379.514	8	281.856
379.614	11	387.552
379.714	10	352.32
379.814	13	458.016
379.914	7	246.624
380.014	9	317.088
380.114	13	458.016
380.215	16	563.712
380.315	3	105.696
380.415	0	0
380.515	5	176.16
380.615	12	422.784
380.715	10	352.32
380.815	11	387.552
380.915	6	211.392
381.016	8	281.856
381.116	13	458.016
381.216	7	246.624
381.316	10	352.32
381.416	10	352.32
381.516	8	281.856
381.616	8	281.856
381.716	17	598.944
381.816	15	528.48
381.917	16	563.712
382.017	17	598.944
382.117	12	422.784
382.217	16	563.712
382.317	12	422.784
382.417	17	598.944
382.517	3	105.696
382.617	17	598.944
382.717	0	0
382.818	2	70.464
382.918	15	528.48
383.018	11	387.552
383.118	13	458.016
383.218	15	528.48
383.318	8	281.856
383.418	14	493.248
383.518	17	598.944
383.618	4	140.928
383.719	17	598.944
383.819	19	669.408
383.919	17	598.944
384.019	6	211.392
384.119	21	739.872
384.219	19	669.408
384.319	15	528.48
384.419	12	422.784
384.519	23	810.336
384.619	3	105.696
384.719	13	458.016
384.82	15	528.48
384.92	5	176.16
385.02	1	35.232
385.12	16	563.712
385.22	1	35.232
385.32	9	317.088
385.421	11	387.552
385.521	12	422.784
385.621	13	458.016
385.721	5	176.16
385.821	10	352.32
385.921	15	528.48
386.021	3	105.696
386.121	16	563.712
386.222	1	35.232
386.322	10	352.32
386.422	2	70.464
386.522	11	387.552
386.622	10	352.32
386.722	13	458.016
386.822	14	493.248
386.922	4	140.928
387.022	2	70.464
387.123	14	493.248
387.223	9	317.088
387.323	9	317.088
387.423	0	0
387.523	11	387.552
387.623	12	422.784
387.723	13	458.016
387.824	8	281.856
387.924	12	422.784
388.024	15	528.48
388.124	6	211.392
388.224	15	528.48
388.324	17	598.944
388.424	16	563.712
388.524	4	140.928
388.624	1	35.232
388.724	18	634.176
388.824	2	70.464
388.925	11	387.552
389.025	10	352.32
389.125	13	458.016
389.225	14	493.248
389.325	3	105.696
389.425	15	528.48
389.525	16	563.712
389.625	3	105.696
389.726	14	493.248
389.826	2	70.464
389.926	16	563.712
390.026	11	387.552
390.126	1	35.232
390.226	12	422.784
390.326	13	458.016
390.426	14	493.248
390.526	3	105.696
390.627	15	528.48
390.727	13	458.016
390.827	17	598.944
390.927	12	422.784
391.027	0	0
391.127	18	634.176
391.227	2	70.464
391.327	9	317.088
391.427	12	422.784
391.528	13	458.016
391.628	7	246.624
391.728	13	458.016
391.828	6	211.392
391.928	10	352.32
392.028	16	563.712
392.128	15	528.48
392.228	3	105.696
392.328	15	528.48
392.429	11	387.552
392.529	9	317.088
392.629	12	422.784
392.729	8	281.856
392.829	7	246.624
392.929	14	493.248
393.029	15	528.48
393.129	6	211.392
393.229	14	493.248
393.33	14	493.248
393.43	0	0
393.53	4	140.928
393.63	14	493.248
393.73	11	387.552
393.83	11	387.552
393.93	3	105.696
394.03	13	458.016
394.131	6	211.392
394.231	14	493.248
394.331	13	458.016
394.431	9	317.088
394.531	7	246.624
394.631	1	35.232
394.731	13	458.016
394.832	7	246.624
394.932	7	246.624
395.032	10	352.32
395.132	10	352.32
395.232	11	387.552
395.332	4	140.928
395.432	13	458.016
395.532	15	528.48
395.632	9	317.088
395.733	9	317.088
395.833	6	211.392
395.933	11	387.552
396.033	8	281.856
396.133	5	176.16
396.233	11	387.552
396.333	12	422.784
396.433	5	176.16
396.533	10	352.32
396.633	14	493.248
396.734	8	281.856
396.834	13	458.016
396.934	6	211.392
397.034	2	70.464
397.134	16	563.712
397.234	10	352.32
397.334	4	140.928
397.434	11	387.552
397.534	12	422.784
397.635	6	211.392
397.735	12	422.784
397.835	10	352.32
397.935	6	211.392
398.035	14	493.248
398.135	0	0
398.235	0	0
398.335	16	563.712
398.435	8	281.856
398.535	4	140.928
398.636	9	317.088
398.736	12	422.784
398.836	5	176.16
398.936	11	387.552
399.036	9	317.088
399.136	9	317.088
399.236	14	493.248
399.336	2	70.464
399.436	15	528.48
399.537	10	352.32
399.637	13	458.016
399.737	8	281.856
399.837	19	669.408
399.937	9	317.088
400.038	18	634.176
400.138	8	281.856
400.238	20	704.64
400.338	9	317.088
400.438	13	458.016
400.538	0	0
400.638	15	528.48
400.738	8	281.856
400.838	13	458.016
400.939	14	493.248
401.039	12	422.784
401.139	8	281.856
401.239	15	528.48
401.339	17	598.944
401.439	17	598.944
401.539	7	246.624
401.639	4	140.928
401.739	12	422.784
401.839	11	387.552
401.94	9	317.088
402.04	13	458.016
402.14	14	493.248
402.24	7	246.624
402.34	13	458.016
402.44	16	563.712
402.54	7	246.624
402.64	17	598.944
402.74	2	70.464
402.841	0	0
402.941	18	634.176
403.041	7	246.624
403.141	4	140.928
403.241	12	422.784
403.341	6	211.392
403.441	12	422.784
403.541	13	458.016
403.641	10	352.32
403.741	16	563.712
403.842	1	35.232
403.942	5	176.16
404.042	0	0
404.142	17	598.944
404.242	10	352.32
404.342	11	387.552
404.442	8	281.856
404.542	8	281.856
404.643	13	458.016
404.743	12	422.784
404.843	9	317.088
404.943	15	528.48
405.043	12	422.784
405.143	14	493.248
405.243	12	422.784
405.343	14	493.248
405.443	12	422.784
405.544	16	563.712
405.644	3	105.696
405.744	8	281.856
405.844	13	458.016
405.944	12	422.784
406.044	2	70.464
406.144	0	0
406.244	13	458.016
406.345	8	281.856
406.445	9	317.088
406.545	10	352.32
406.645	11	387.552
406.745	12	422.784
406.845	13	458.016
406.945	5	176.16
407.045	7	246.624
407.145	8	281.856
407.245	7	246.624
407.345	9	317.088
407.446	5	176.16
407.546	7	246.624
407.646	10	352.32
407.746	12	422.784
407.846	12	422.784
407.946	5	176.16
408.046	9	317.088
408.146	15	528.48
408.246	9	317.088
408.347	14	493.248
408.447	16	563.712
408.547	18	634.176
408.647	14	493.248
408.747	13	458.016
408.847	20	704.64
408.947	19	669.408
409.047	22	775.104
409.148	4	140.928
409.248	0	0
409.348	23	810.336
409.448	4	140.928
409.548	12	422.784
409.648	9	317.088
409.748	14	493.248
409.848	14	493.248
409.948	9	317.088
410.049	14	493.248
410.149	14	493.248
410.249	19	669.408
410.349	5	176.16
410.449	13	458.016
410.549	8	281.856
410.65	5	176.16
410.75	12	422.784
410.85	12	422.784
410.95	10	352.32
411.05	13	458.016
411.15	12	422.784
411.25	14	493.248
411.35	17	598.944
411.45	17	598.944
411.55	10	352.32
411.651	20	704.64
411.751	16	563.712
411.851	16	563.712
411.951	17	598.944
412.051	17	598.944
412.151	22	775.104
412.252	14	493.248
412.352	8	281.856
412.452	6	211.392
412.552	19	669.408
412.652	14	493.248
412.752	8	281.856
412.852	14	493.248
412.952	9	317.088
413.053	9	317.088
413.153	9	317.088
413.253	9	317.088
413.353	8	281.856
413.453	13	458.016
413.553	13	458.016
413.653	4	140.928
413.753	15	528.48
413.854	16	563.712
413.954	5	176.16
414.054	15	528.48
414.154	18	634.176
414.254	11	387.552
414.354	18	634.176
414.455	20	704.64
414.555	0	0
414.655	0	0
414.755	0	0
414.855	8	281.856
414.955	14	493.248
415.055	12	422.784
415.155	13	458.016
415.256	14	493.248
415.356	10	352.32
415.456	9	317.088
415.556	13	458.016
415.656	17	598.944
415.756	4	140.928
415.856	0	0
415.956	18	634.176
416.056	1	35.232
416.156	11	387.552
416.257	12	422.784
416.357	5	176.16
416.457	12	422.784
416.557	14	493.248
416.657	15	528.48
416.757	16	563.712
416.857	4	140.928
416.957	15	528.48
417.057	2	70.464
417.158	9	317.088
417.258	3	105.696
417.358	10	352.32
417.458	3	105.696
417.558	0	0
417.658	12	422.784
417.758	6	211.392
417.858	5	176.16
417.958	3	105.696
418.059	9	317.088
418.159	10	352.32
418.259	4	140.928
418.359	0	0
418.459	12	422.784
418.559	13	458.016
418.659	8	281.856
418.759	6	211.392
418.859	14	493.248
418.96	12	422.784
419.06	11	387.552
419.16	7	246.624
419.26	0	0
419.361	0	0
419.461	8	281.856
419.561	9	317.088
419.661	10	352.32
419.761	4	140.928
419.861	9	317.088
419.961	11	387.552
420.062	5	176.16
420.162	14	493.248
420.262	6	211.392
420.362	2	70.464
420.462	10	352.32
420.562	5	176.16
420.662	9	317.088
420.762	10	352.32
420.862	10	352.32
420.962	12	422.784
421.062	13	458.016
421.163	2	70.464
421.263	13	458.016
421.363	4	140.928
421.463	13	458.016
421.563	0	0
421.663	2	70.464
421.763	14	493.248
421.863	10	352.32
421.963	3	105.696
422.063	11	387.552
422.164	12	422.784
422.264	10	352.32
422.364	14	493.248
422.464	14	493.248
422.564	9	317.088
422.664	11	387.552
422.764	13	458.016
422.864	16	563.712
422.964	14	493.248
423.064	16	563.712
423.164	18	634.176
423.265	2	70.464
423.365	20	704.64
423.465	20	704.64
423.565	6	211.392
423.665	13	458.016
423.765	24	845.568
423.865	3	105.696
423.965	10	352.32
424.066	15	528.48
424.166	2	70.464
424.266	0	0
424.366	14	493.248
424.466	12	422.784
424.566	16	563.712
424.666	6	211.392
424.766	0	0
424.866	0	0
424.967	0	0
425.067	2	70.464
425.167	0	0
425.267	0	0
425.367	17	598.944
425.467	0	0
425.567	10	352.32
425.667	11	387.552
425.767	12	422.784
425.867	8	281.856
425.968	9	317.088
426.068	13	458.016
426.168	15	528.48
426.268	16	563.712
426.368	13	458.016
426.468	6	211.392
426.568	15	528.48
426.668	19	669.408
426.768	20	704.64
426.868	8	281.856
426.969	18	634.176
427.069	22	775.104
427.169	14	493.248
427.269	2	70.464
427.369	22	775.104
427.469	3	105.696
427.569	7	246.624
427.669	1	35.232
427.769	0	0
427.869	0	0
427.97	8	281.856
428.07	7	246.624
428.17	9	317.088
428.27	1	35.232
428.37	0	0
428.47	0	0
428.57	10	352.32
428.67	7	246.624
428.77	5	176.16
428.871	5	176.16
428.971	9	317.088
429.071	8	281.856
429.171	11	387.552
429.271	7	246.624
429.371	10	352.32
429.471	13	458.016
429.572	3	105.696
429.672	14	493.248
429.772	9	317.088
429.872	1	35.232
429.972	10	352.32
430.072	11	387.552
430.172	9	317.088
430.272	7	246.624
430.372	13	458.016
430.473	14	493.248
430.573	6	211.392
430.673	3	105.696
430.773	12	422.784
430.873	9	317.088
