time	pps	kbps
0.10011	0	0
0.200229	1	35.232
0.30035	2	70.464
0.400471	4	140.928
0.500593	8	281.856
0.600715	14	493.248
0.700788	25	880.8
0.800898	38	1338.82
0.900968	51	1796.83
1.00104	65	2290.08
1.10121	57	2008.22
1.20128	66	2325.31
1.30146	94	3311.81
1.40149	109	3840.29
1.50154	50	1761.6
1.60166	7	246.624
1.70177	39	1374.05
1.80188	15	528.48
1.90199	33	1162.66
2.00211	20	704.64
2.10219	18	634.176
2.20227	29	1021.73
2.30235	9	317.088
2.40241	9	317.088
2.50253	9	317.088
2.60265	35	1233.12
2.70289	20	704.64
2.80295	50	1761.6
2.90308	8	281.856
3.0032	38	1338.82
3.10332	15	528.48
3.20343	19	669.408
3.30352	19	669.408
3.40365	6	211.392
3.50374	11	387.552
3.60384	30	1056.96
3.70396	11	387.552
3.80408	17	598.944
3.90421	13	458.016
4.00429	18	634.176
4.10441	12	422.784
4.20451	16	563.712
4.30462	7	246.624
4.40469	12	422.784
4.50477	14	493.248
4.6049	16	563.712
4.705	15	528.48
4.80508	6	211.392
4.9052	7	246.624
5.00533	7	246.624
5.10545	10	352.32
5.20561	20	704.64
5.30567	9	317.088
5.40574	16	563.712
5.50582	17	598.944
5.60594	10	352.32
5.7065	8	281.856
5.80659	4	140.928
5.90671	5	176.16
6.00684	6	211.392
6.10691	5	176.16
6.20703	21	739.872
6.3071	15	528.48
6.40716	15	528.48
6.50722	6	211.392
6.60733	5	176.16
6.70736	14	493.248
6.80779	14	493.248
6.9079	5	176.16
7.00802	0	0
7.10813	16	563.712
7.20822	16	563.712
7.30828	13	458.016
7.40833	8	281.856
7.50841	16	563.712
7.60851	16	563.712
7.70861	2	70.464
7.80873	16	563.712
7.90885	14	493.248
8.00897	16	563.712
8.10907	6	211.392
8.20961	5	176.16
8.30969	14	493.248
8.4098	6	211.392
8.50992	3	105.696
8.60998	8	281.856
8.71004	15	528.48
8.81013	15	528.48
8.91025	16	563.712
9.01034	26	916.032
9.11043	12	422.784
9.21055	16	563.712
9.31067	0	0
9.41078	0	0
9.51088	0	0
9.61102	6	211.392
9.71115	25	880.8
9.81121	6	211.392
9.91133	16	563.712
10.0114	0	0
10.1116	0	0
10.2117	20	704.64
10.3118	12	422.784
10.4119	15	528.48
10.512	8	281.856
10.6121	1	35.232
10.7122	0	0
10.8123	16	563.712
10.9124	10	352.32
11.0124	20	704.64
11.1125	19	669.408
11.2126	20	704.64
11.3127	4	140.928
11.4128	23	810.336
11.5129	3	105.696
11.613	4	140.928
11.7131	4	140.928
11.8132	24	845.568
11.9133	25	880.8
12.0135	3	105.696
12.1136	21	739.872
12.2136	8	281.856
12.3138	7	246.624
12.4139	11	387.552
12.5139	20	704.64
12.614	14	493.248
12.7141	13	458.016
12.8142	9	317.088
12.9143	17	598.944
13.0144	4	140.928
13.1145	14	493.248
13.2145	19	669.408
13.3146	5	176.16
13.4147	24	845.568
13.5147	3	105.696
13.6148	10	352.32
13.7149	8	281.856
13.8151	14	493.248
13.9152	11	387.552
14.0153	4	140.928
14.1154	6	211.392
14.2155	4	140.928
14.3157	5	176.16
14.4157	2	70.464
14.5158	5	176.16
14.6159	10	352.32
14.716	5	176.16
14.8161	15	528.48
14.9162	8	281.856
15.0163	8	281.856
15.1164	8	281.856
15.2165	9	317.088
15.3166	23	810.336
15.4167	0	0
15.5168	2	70.464
15.6169	3	105.696
15.717	7	246.624
15.8171	22	775.104
15.9172	2	70.464
16.0173	12	422.784
16.1175	5	176.16
16.2176	9	317.088
16.3177	10	352.32
16.418	7	246.624
16.5181	8	281.856
16.6182	14	493.248
16.7183	16	563.712
16.8183	10	352.32
16.9184	9	317.088
17.0186	4	140.928
17.1187	22	775.104
17.2188	7	246.624
17.3189	1	35.232
17.419	14	493.248
17.5191	2	70.464
17.6192	8	281.856
17.7193	19	669.408
17.8193	27	951.264
17.9194	4	140.928
18.0195	4	140.928
18.1196	25	880.8
18.2197	4	140.928
18.32	1	35.232
18.4201	8	281.856
18.5202	16	563.712
18.6203	5	176.16
18.7204	31	1092.19
18.8205	15	528.48
18.9206	21	739.872
19.0208	5	176.16
19.1209	12	422.784
19.221	3	105.696
19.3211	12	422.784
19.4213	7	246.624
19.5214	10	352.32
19.6215	5	176.16
19.7216	12	422.784
19.8217	7	246.624
19.9217	0	0
20.0219	0	0
20.122	1	35.232
20.2221	0	0
20.3222	0	0
20.4223	0	0
20.5223	0	0
20.6224	0	0
20.7225	21	739.872
20.8227	12	422.784
20.9227	0	0
21.0228	6	211.392
21.1229	7	246.624
21.223	11	387.552
21.3231	14	493.248
21.4232	16	563.712
21.5233	14	493.248
21.6234	16	563.712
21.7235	2	70.464
21.8236	0	0
21.9237	0	0
22.0238	0	0
22.1239	16	563.712
22.224	2	70.464
22.3241	12	422.784
22.4243	13	458.016
22.5244	10	352.32
22.6245	15	528.48
22.7246	7	246.624
22.8247	14	493.248
22.9247	3	105.696
23.0249	11	387.552
23.125	3	105.696
23.2251	0	0
23.3252	0	0
23.4253	16	563.712
23.5254	4	140.928
23.6255	7	246.624
23.7256	9	317.088
23.8256	10	352.32
23.9257	0	0
24.0258	0	0
24.126	7	246.624
24.2261	14	493.248
24.3262	15	528.48
24.4262	4	140.928
24.5263	8	281.856
24.6265	7	246.624
24.7266	1	35.232
24.8267	15	528.48
24.9268	9	317.088
25.0269	4	140.928
25.127	10	352.32
25.2271	9	317.088
25.3273	2	70.464
25.4274	16	563.712
25.5275	7	246.624
25.6276	13	458.016
25.7277	2	70.464
25.8278	13	458.016
25.9279	10	352.32
26.028	0	0
26.1281	0	0
26.2282	2	70.464
26.3283	0	0
26.4284	0	0
26.5286	18	634.176
26.6287	11	387.552
26.7288	0	0
26.8289	0	0
26.9289	3	105.696
27.029	15	528.48
27.1291	1	35.232
27.2292	18	634.176
27.3293	2	70.464
27.4294	6	211.392
27.5296	11	387.552
27.6297	2	70.464
27.7298	14	493.248
27.8299	10	352.32
27.9299	2	70.464
28.0301	0	0
28.1302	9	317.088
28.2303	3	105.696
28.3304	0	0
28.4305	15	528.48
28.5307	10	352.32
28.6308	2	70.464
28.7309	1	35.232
28.831	0	0
28.9311	0	0
29.0312	2	70.464
29.1313	3	105.696
29.2314	16	563.712
29.3315	7	246.624
29.4316	13	458.016
29.5317	0	0
29.6318	6	211.392
29.732	14	493.248
29.8321	0	0
29.9322	0	0
30.0323	6	211.392
30.1324	18	634.176
30.2325	20	704.64
30.3325	3	105.696
30.4327	2	70.464
30.5328	12	422.784
30.6329	2	70.464
30.7329	18	634.176
30.8331	0	0
30.9332	2	70.464
31.0332	0	0
31.1334	15	528.48
31.2334	29	1021.73
31.3335	2	70.464
31.4336	2	70.464
31.5337	7	246.624
31.6338	0	0
31.7339	27	951.264
31.8344	13	458.016
31.9347	32	1127.42
32.0348	38	1338.82
32.1349	0	0
32.235	0	0
32.3351	26	916.032
32.4352	2	70.464
32.5354	8	281.856
32.6355	2	70.464
32.7357	45	1585.44
32.8358	3	105.696
32.9359	0	0
33.036	49	1726.37
33.1361	8	281.856
33.2361	43	1514.98
33.3363	21	739.872
33.4364	5	176.16
33.5364	18	634.176
33.6365	10	352.32
33.7366	2	70.464
33.8367	3	105.696
33.9368	43	1514.98
34.0369	13	458.016
34.137	20	704.64
34.2371	2	70.464
34.3372	29	1021.73
34.4373	0	0
34.5374	0	0
34.6375	2	70.464
34.7376	0	0
34.8377	0	0
34.9378	34	1197.89
35.0379	9	317.088
35.138	0	0
35.2381	36	1268.35
35.3382	4	140.928
35.4383	29	1021.73
35.5388	29	1021.73
35.6389	29	1021.73
35.739	1	35.232
35.8391	36	1268.35
35.9392	6	211.392
36.0393	21	739.872
36.1393	11	387.552
36.2394	1	35.232
36.3395	38	1338.82
36.4396	1	35.232
36.5396	1	35.232
36.6398	0	0
36.7399	4	140.928
36.84	2	70.464
36.9401	32	1127.42
37.0402	0	0
37.1403	2	70.464
37.2404	14	493.248
37.3405	4	140.928
37.4406	0	0
37.5407	7	246.624
37.6411	11	387.552
37.7411	8	281.856
37.8413	13	458.016
37.9414	12	422.784
38.0415	0	0
38.1416	2	70.464
38.2417	18	634.176
38.3418	15	528.48
38.4419	3	105.696
38.5419	0	0
38.642	0	0
38.7421	15	528.48
38.8422	0	0
38.9423	19	669.408
39.0424	6	211.392
39.1425	0	0
39.2426	1	35.232
39.3427	19	669.408
39.4428	10	352.32
39.543	0	0
39.6431	19	669.408
39.7432	2	70.464
39.8433	19	669.408
39.9434	10	352.32
40.0436	3	105.696
40.1437	0	0
40.2437	19	669.408
40.3438	4	140.928
40.4439	0	0
40.544	0	0
40.6441	0	0
40.7443	18	634.176
40.8443	0	0
40.9444	19	669.408
41.0444	2	70.464
41.1446	17	598.944
41.2447	2	70.464
41.3448	19	669.408
41.4449	15	528.48
41.545	0	0
41.6451	0	0
41.7452	19	669.408
41.8453	4	140.928
41.9454	19	669.408
42.0455	2	70.464
42.1456	1	35.232
42.2457	15	528.48
42.3458	10	352.32
42.4459	0	0
42.546	0	0
42.6461	0	0
42.7462	0	0
42.8462	0	0
42.9463	1	35.232
43.0465	18	634.176
43.1466	1	35.232
43.2466	0	0
43.3468	14	493.248
43.4468	2	70.464
43.5469	16	563.712
43.647	0	0
43.7471	0	0
43.8472	21	739.872
43.9473	2	70.464
44.0474	11	387.552
44.1475	0	0
44.2478	12	422.784
44.3479	24	845.568
44.4479	2	70.464
44.548	0	0
44.6481	0	0
44.7482	21	739.872
44.8484	3	105.696
44.9485	3	105.696
45.0486	0	0
45.1486	32	1127.42
45.2487	0	0
45.3488	0	0
45.4489	1	35.232
45.549	21	739.872
45.6492	0	0
45.7492	0	0
45.8493	8	281.856
45.9494	16	563.712
46.0496	0	0
46.1497	0	0
46.2497	6	211.392
46.3498	18	634.176
46.4499	3	105.696
46.5499	1	35.232
46.65	12	422.784
46.7501	2	70.464
46.8502	7	246.624
46.9503	0	0
47.0504	10	352.32
47.1505	20	704.64
47.2506	3	105.696
47.3507	0	0
47.4508	0	0
47.5509	0	0
47.6511	0	0
47.7512	0	0
47.8513	3	105.696
47.9514	23	810.336
48.0515	0	0
48.1516	0	0
48.2517	3	105.696
48.3519	0	0
48.452	5	176.16
48.5521	3	105.696
48.6523	0	0
48.7524	0	0
48.8525	4	140.928
48.9526	12	422.784
49.0527	2	70.464
49.1528	0	0
49.2529	15	528.48
49.353	4	140.928
49.4531	0	0
49.5532	2	70.464
49.6533	26	916.032
49.7533	10	352.32
49.8534	27	951.264
49.9535	8	281.856
50.0536	9	317.088
50.1537	0	0
50.2539	0	0
50.354	0	0
50.4541	0	0
50.5542	0	0
50.6543	21	739.872
50.7544	28	986.496
50.8545	0	0
50.9546	2	70.464
51.0547	0	0
51.1548	0	0
51.255	5	176.16
51.3551	0	0
51.4552	5	176.16
51.5553	8	281.856
51.6553	5	176.16
51.7555	22	775.104
51.8555	0	0
51.9556	0	0
52.0558	24	845.568
52.1558	28	986.496
52.256	0	0
52.3561	0	0
52.4562	0	0
52.5563	0	0
52.6564	2	70.464
52.7565	28	986.496
52.8566	1	35.232
52.9567	0	0
53.0568	0	0
53.1569	0	0
53.257	0	0
53.3572	4	140.928
53.4573	29	1021.73
53.5574	0	0
53.6574	3	105.696
53.7575	30	1056.96
53.8575	2	70.464
53.9576	4	140.928
54.0578	11	387.552
54.1579	0	0
54.258	14	493.248
54.3581	5	176.16
54.4581	22	775.104
54.5583	18	634.176
54.6584	1	35.232
54.7585	0	0
54.8586	6	211.392
54.9586	29	1021.73
55.0588	1	35.232
55.1589	1	35.232
55.259	16	563.712
55.3592	15	528.48
55.4592	27	951.264
55.5594	6	211.392
55.6595	10	352.32
55.7596	0	0
55.8597	34	1197.89
55.9598	0	0
56.0599	2	70.464
56.1599	2	70.464
56.26	32	1127.42
56.3601	27	951.264
56.4601	14	493.248
56.5602	34	1197.89
56.6603	3	105.696
56.7604	0	0
56.8604	34	1197.89
56.9605	2	70.464
57.0606	34	1197.89
57.1608	3	105.696
57.2609	1	35.232
57.361	34	1197.89
57.461	34	1197.89
57.5612	1	35.232
57.6613	1	35.232
57.7613	0	0
57.8615	0	0
57.9616	34	1197.89
58.0617	3	105.696
58.1618	33	1162.66
58.2619	0	0
58.362	2	70.464
58.4621	34	1197.89
58.5622	8	281.856
58.6623	0	0
58.7624	34	1197.89
58.8625	5	176.16
58.9626	0	0
59.0627	34	1197.89
59.1628	2	70.464
59.2629	23	810.336
59.3629	14	493.248
59.463	22	775.104
59.5631	14	493.248
59.6631	20	704.64
59.7632	15	528.48
59.8633	33	1162.66
59.9634	15	528.48
60.0635	36	1268.35
60.1636	1	35.232
60.2637	40	1409.28
60.3638	8	281.856
60.4639	48	1691.14
60.564	4	140.928
60.6641	0	0
60.7642	0	0
60.8643	1	35.232
60.9644	61	2149.15
61.0645	0	0
61.1646	2	70.464
61.2647	0	0
61.3648	25	880.8
61.4649	27	951.264
61.565	16	563.712
61.6651	0	0
61.7652	29	1021.73
61.8655	14	493.248
61.9656	18	634.176
62.0657	0	0
62.1658	30	1056.96
62.2659	3	105.696
62.366	30	1056.96
62.4661	20	704.64
62.5666	28	986.496
62.6667	14	493.248
62.7668	2	70.464
62.8669	0	0
62.967	31	1092.19
63.0671	4	140.928
63.1672	0	0
63.2673	31	1092.19
63.3674	5	176.16
63.4675	26	916.032
63.5676	0	0
63.6677	2	70.464
63.7678	0	0
63.8679	0	0
63.9681	31	1092.19
64.0682	14	493.248
64.1683	1	35.232
64.2684	15	528.48
64.3686	15	528.48
64.4687	10	352.32
64.5687	0	0
64.6688	15	528.48
64.7689	1	35.232
64.869	15	528.48
64.9691	15	528.48
65.0692	2	70.464
65.1693	15	528.48
65.2694	0	0
65.3695	15	528.48
65.4696	1	35.232
65.5697	1	35.232
65.6698	15	528.48
65.7699	5	176.16
65.8701	10	352.32
65.9702	15	528.48
66.0703	15	528.48
66.1703	1	35.232
66.2705	0	0
66.3706	1	35.232
66.4707	15	528.48
66.5708	15	528.48
66.6709	0	0
66.771	4	140.928
66.8712	12	422.784
66.9713	14	493.248
67.0714	2	70.464
67.1715	15	528.48
67.2716	1	35.232
67.3718	14	493.248
67.4719	0	0
67.5719	0	0
67.672	15	528.48
67.7721	15	528.48
67.8722	4	140.928
67.9722	12	422.784
68.0723	1	35.232
68.1725	15	528.48
68.2726	2	70.464
68.3727	16	563.712
68.4727	19	669.408
68.5728	24	845.568
68.6729	30	1056.96
68.773	4	140.928
68.8731	0	0
68.9732	45	1585.44
69.0733	59	2078.69
69.1734	11	387.552
69.2735	0	0
69.3735	8	281.856
69.4736	67	2360.54
69.5737	5	176.16
69.6738	0	0
69.7739	0	0
69.874	0	0
69.9741	0	0
70.0742	21	739.872
70.1742	70	2466.24
70.2744	11	387.552
70.3744	29	1021.73
70.4745	33	1162.66
70.5745	19	669.408
70.6746	2	70.464
70.7747	42	1479.74
70.8749	3	105.696
70.9749	44	1550.21
71.075	7	246.624
71.1751	38	1338.82
71.2755	14	493.248
71.3756	43	1514.98
71.4757	6	211.392
71.5758	1	35.232
71.6759	45	1585.44
71.776	6	211.392
71.8761	0	0
71.9761	32	1127.42
72.0765	37	1303.58
72.1765	16	563.712
72.2767	6	211.392
72.3768	0	0
72.4769	0	0
72.5769	0	0
72.6771	0	0
72.7771	0	0
72.8773	0	0
72.9774	0	0
73.0775	0	0
73.1776	0	0
73.2776	1	35.232
73.3778	0	0
73.4779	0	0
73.578	0	0
73.6781	0	0
73.7782	0	0
73.8783	44	1550.21
73.9784	19	669.408
74.0785	2	70.464
74.1786	20	704.64
74.2787	2	70.464
74.3788	21	739.872
74.4789	21	739.872
74.579	4	140.928
74.6791	20	704.64
74.7792	0	0
74.8793	2	70.464
74.9794	20	704.64
75.0795	22	775.104
75.1796	6	211.392
75.2797	22	775.104
75.3798	18	634.176
75.4799	13	458.016
75.5799	16	563.712
75.6801	9	317.088
75.7801	1	35.232
75.8802	22	775.104
75.9802	6	211.392
76.0803	16	563.712
76.1805	10	352.32
76.2805	22	775.104
76.3806	3	105.696
76.4808	21	739.872
76.5809	0	0
76.681	0	0
76.781	0	0
76.8811	0	0
76.9813	0	0
77.0814	0	0
77.1815	0	0
77.2816	22	775.104
77.3817	1	35.232
77.4818	2	70.464
77.582	0	0
77.6821	0	0
77.7822	0	0
77.8823	0	0
77.9824	1	35.232
78.0825	0	0
78.1827	15	528.48
78.2828	0	0
78.3829	0	0
78.4829	0	0
78.5831	0	0
78.6832	0	0
78.7833	2	70.464
78.8834	18	634.176
78.9835	0	0
79.0836	25	880.8
79.1838	3	105.696
79.2839	35	1233.12
79.384	2	70.464
79.4841	0	0
79.5841	49	1726.37
79.6842	3	105.696
79.7843	1	35.232
79.8844	64	2254.85
79.9845	3	105.696
80.0846	2	70.464
80.1847	0	0
80.2848	0	0
80.3849	50	1761.6
80.4849	27	951.264
80.585	0	0
80.6851	1	35.232
80.7851	0	0
80.8853	0	0
80.9854	88	3100.42
81.0855	3	105.696
81.1856	0	0
81.2857	0	0
81.3858	0	0
81.4859	0	0
81.5859	0	0
81.686	0	0
81.7861	0	0
81.8862	98	3452.74
81.9863	8	281.856
82.0864	0	0
82.1864	43	1514.98
82.2865	4	140.928
82.3866	14	493.248
82.4868	20	704.64
82.5869	10	352.32
82.687	21	739.872
82.7872	21	739.872
82.8872	21	739.872
82.9873	6	211.392
83.0874	1	35.232
83.1875	0	0
83.2876	0	0
83.3877	0	0
83.4878	0	0
83.5879	22	775.104
83.688	7	246.624
83.7881	22	775.104
83.8882	3	105.696
83.9884	22	775.104
84.0885	22	775.104
84.1885	7	246.624
84.2886	22	775.104
84.3888	4	140.928
84.4889	22	775.104
84.589	22	775.104
84.689	22	775.104
84.7892	22	775.104
84.8892	22	775.104
84.9893	8	281.856
85.0894	22	775.104
85.1896	19	669.408
85.2897	22	775.104
85.3898	10	352.32
85.4899	0	0
85.59	0	0
85.6901	0	0
85.7902	0	0
85.8902	0	0
85.9903	0	0
86.0904	0	0
86.1905	0	0
86.2906	1	35.232
86.3908	21	739.872
86.4909	2	70.464
86.591	0	0
86.6912	0	0
86.7912	0	0
86.8913	0	0
86.9914	15	528.48
87.0916	18	634.176
87.1917	23	810.336
87.2918	13	458.016
87.3919	0	0
87.492	37	1303.58
87.5921	0	0
87.6922	0	0
87.7923	2	70.464
87.8924	0	0
87.9924	7	246.624
88.0925	42	1479.74
88.1926	2	70.464
88.2927	0	0
88.3929	62	2184.38
88.4934	9	317.088
88.5935	68	2395.78
88.6936	0	0
88.7937	0	0
88.8938	6	211.392
88.994	0	0
89.0941	0	0
89.1942	0	0
89.2943	84	2959.49
89.3946	19	669.408
89.4946	25	880.8
89.5947	37	1303.58
89.6947	10	352.32
89.7948	0	0
89.8949	43	1514.98
89.995	6	211.392
90.0952	39	1374.05
90.1953	1	35.232
90.2954	1	35.232
90.3955	17	598.944
90.4957	34	1197.89
90.5958	41	1444.51
90.6959	2	70.464
90.796	46	1620.67
90.8961	46	1620.67
90.9962	6	211.392
91.0963	1	35.232
91.1964	15	528.48
91.2965	37	1303.58
91.3965	0	0
91.4966	0	0
91.5967	1	35.232
91.6968	46	1620.67
91.7969	0	0
91.8971	0	0
91.9972	0	0
92.0973	0	0
92.1974	0	0
92.2975	0	0
92.3976	2	70.464
92.4977	0	0
92.5978	0	0
92.6979	0	0
92.798	44	1550.21
92.8981	4	140.928
92.9981	0	0
93.0982	20	704.64
93.1984	21	739.872
93.2985	22	775.104
93.3986	3	105.696
93.4987	22	775.104
93.5988	6	211.392
93.699	20	704.64
93.7991	0	0
93.8992	0	0
93.9993	1	35.232
94.0995	23	810.336
94.1996	15	528.48
94.2997	4	140.928
94.3998	0	0
94.4999	15	528.48
94.6	8	281.856
94.7001	3	105.696
94.8002	22	775.104
94.9004	0	0
95.0006	8	281.856
95.1006	22	775.104
95.2007	18	634.176
95.3008	32	1127.42
95.4009	0	0
95.501	0	0
95.6011	0	0
95.7012	16	563.712
95.8013	1	35.232
95.9015	0	0
96.0016	3	105.696
96.1016	56	1972.99
96.2017	25	880.8
96.3018	10	352.32
96.4022	3	105.696
96.5023	0	0
96.6024	0	0
96.7025	0	0
96.8026	28	986.496
96.9027	4	140.928
97.0028	5	176.16
97.103	29	1021.73
97.2031	18	634.176
97.3032	16	563.712
97.4033	3	105.696
97.5034	30	1056.96
97.6035	4	140.928
97.7036	30	1056.96
97.8038	30	1056.96
97.9039	7	246.624
98.004	30	1056.96
98.104	8	281.856
98.2041	0	0
98.3042	31	1092.19
98.4044	31	1092.19
98.5045	0	0
98.6046	0	0
98.7046	15	528.48
98.8047	19	669.408
98.9048	2	70.464
99.0049	31	1092.19
99.1051	5	176.16
99.2052	31	1092.19
99.3053	3	105.696
99.4054	0	0
99.5055	2	70.464
99.6056	29	1021.73
99.7057	6	211.392
99.8058	1	35.232
99.9059	31	1092.19
100.006	8	281.856
100.106	0	0
100.206	0	0
100.306	0	0
100.406	31	1092.19
100.507	29	1021.73
100.607	2	70.464
100.707	9	317.088
100.807	23	810.336
100.907	2	70.464
101.007	31	1092.19
101.107	7	246.624
101.207	30	1056.96
101.307	18	634.176
101.407	15	528.48
101.508	31	1092.19
101.608	18	634.176
101.708	1	35.232
101.808	31	1092.19
101.908	31	1092.19
102.008	9	317.088
102.108	2	70.464
102.208	24	845.568
102.308	26	916.032
102.408	7	246.624
102.509	14	493.248
102.609	24	845.568
102.709	1	35.232
102.809	8	281.856
102.909	0	0
103.009	18	634.176
103.109	29	1021.73
103.209	19	669.408
103.309	21	739.872
103.41	3	105.696
103.51	0	0
103.61	0	0
103.71	1	35.232
103.81	22	775.104
103.91	0	0
104.01	1	35.232
104.11	21	739.872
104.21	12	422.784
104.311	0	0
104.411	23	810.336
104.511	0	0
104.611	0	0
104.711	0	0
104.811	0	0
104.911	0	0
105.011	0	0
105.111	0	0
105.211	23	810.336
105.312	2	70.464
105.412	13	458.016
105.512	18	634.176
105.612	5	176.16
105.712	25	880.8
105.812	32	1127.42
105.912	29	1021.73
106.012	21	739.872
106.112	39	1374.05
106.212	28	986.496
106.313	1	35.232
106.413	1	35.232
106.513	1	35.232
106.613	77	2712.86
106.713	4	140.928
106.813	51	1796.83
106.913	0	0
107.013	38	1338.82
107.113	1	35.232
107.213	0	0
107.314	20	704.64
107.414	18	634.176
107.514	3	105.696
107.614	103	3628.9
107.714	19	669.408
107.814	1	35.232
107.914	0	0
108.014	0	0
108.114	0	0
108.214	0	0
108.314	13	458.016
108.415	117	4122.14
108.515	15	528.48
108.615	2	70.464
108.715	0	0
108.815	0	0
108.915	0	0
109.015	0	0
109.115	0	0
109.215	0	0
109.316	0	0
109.416	0	0
109.516	0	0
109.616	0	0
109.716	0	0
109.816	0	0
109.916	111	3910.75
110.016	50	1761.6
110.116	34	1197.89
110.217	62	2184.38
110.317	3	105.696
110.417	13	458.016
110.517	0	0
110.617	0	0
110.717	41	1444.51
110.817	35	1233.12
110.917	25	880.8
111.017	16	563.712
111.117	21	739.872
111.217	0	0
111.317	71	2501.47
111.418	13	458.016
111.518	0	0
111.618	0	0
111.718	0	0
111.818	46	1620.67
111.918	0	0
112.018	0	0
112.118	23	810.336
112.218	0	0
112.318	49	1726.37
112.418	24	845.568
112.519	1	35.232
112.619	0	0
112.719	67	2360.54
112.819	8	281.856
112.919	1	35.232
113.019	0	0
113.119	11	387.552
113.219	22	775.104
113.319	16	563.712
113.419	0	0
113.52	21	739.872
113.62	3	105.696
113.72	0	0
113.82	39	1374.05
113.92	42	1479.74
114.02	1	35.232
114.12	0	0
114.22	0	0
114.32	0	0
114.42	0	0
114.521	0	0
114.621	0	0
114.721	1	35.232
114.821	0	0
114.921	0	0
115.021	0	0
115.121	0	0
115.221	0	0
115.321	0	0
115.422	0	0
115.522	0	0
115.622	73	2571.94
115.722	5	176.16
115.822	30	1056.96
115.922	5	176.16
116.022	33	1162.66
116.122	4	140.928
116.222	4	140.928
116.322	31	1092.19
116.422	10	352.32
116.523	17	598.944
116.623	31	1092.19
116.723	0	0
116.823	0	0
116.923	20	704.64
117.023	22	775.104
117.123	16	563.712
117.224	30	1056.96
117.324	9	317.088
117.424	36	1268.35
117.524	7	246.624
117.624	35	1233.12
117.724	1	35.232
117.824	2	70.464
117.924	36	1268.35
118.024	11	387.552
118.125	36	1268.35
118.225	36	1268.35
118.325	10	352.32
118.425	36	1268.35
118.525	10	352.32
118.625	0	0
118.725	36	1268.35
118.825	5	176.16
118.925	33	1162.66
119.025	36	1268.35
119.125	8	281.856
119.226	36	1268.35
119.326	34	1197.89
119.426	10	352.32
119.526	0	0
119.626	0	0
119.726	36	1268.35
119.826	16	563.712
119.926	2	70.464
120.026	2	70.464
120.127	17	598.944
120.227	4	140.928
120.327	13	458.016
120.427	17	598.944
120.527	18	634.176
120.627	4	140.928
120.727	1	35.232
120.827	18	634.176
120.927	17	598.944
121.027	3	105.696
121.128	0	0
121.228	18	634.176
121.328	18	634.176
121.428	2	70.464
121.528	18	634.176
121.628	17	598.944
121.728	9	317.088
121.828	18	634.176
121.928	16	563.712
122.029	8	281.856
122.129	0	0
122.229	18	634.176
122.329	14	493.248
122.429	6	211.392
122.529	17	598.944
122.629	1	35.232
122.729	22	775.104
122.83	29	1021.73
122.93	8	281.856
123.03	45	1585.44
123.13	6	211.392
123.23	0	0
123.33	0	0
123.43	60	2113.92
123.53	7	246.624
123.63	22	775.104
123.73	27	951.264
123.831	4	140.928
123.931	28	986.496
124.031	29	1021.73
124.131	29	1021.73
124.231	0	0
124.331	29	1021.73
124.431	2	70.464
124.531	30	1056.96
124.631	5	176.16
124.731	30	1056.96
124.832	17	598.944
124.932	24	845.568
125.032	4	140.928
125.132	0	0
125.232	0	0
125.332	1	35.232
125.432	29	1021.73
125.532	14	493.248
125.632	7	246.624
125.732	11	387.552
125.832	14	493.248
125.932	10	352.32
126.032	9	317.088
126.133	15	528.48
126.233	1	35.232
126.333	0	0
126.433	0	0
126.533	15	528.48
126.633	5	176.16
126.733	0	0
126.833	0	0
126.933	0	0
127.034	0	0
127.134	0	0
127.234	15	528.48
127.334	13	458.016
127.434	7	246.624
127.534	8	281.856
127.634	0	0
127.734	0	0
127.834	2	70.464
127.935	0	0
128.035	19	669.408
128.135	5	176.16
128.235	27	951.264
128.335	8	281.856
128.435	0	0
128.535	0	0
128.635	0	0
128.735	41	1444.51
128.835	5	176.16
128.936	0	0
129.036	0	0
129.136	55	1937.76
129.236	2	70.464
129.336	0	0
129.436	0	0
129.536	0	0
129.636	64	2254.85
129.736	2	70.464
129.837	0	0
129.937	77	2712.86
130.037	8	281.856
130.137	25	880.8
130.237	24	845.568
130.337	15	528.48
130.437	16	563.712
130.537	17	598.944
130.637	0	0
130.737	0	0
130.837	17	598.944
130.938	17	598.944
131.038	8	281.856
131.138	14	493.248
131.238	8	281.856
131.338	18	634.176
131.438	3	105.696
131.538	0	0
131.638	2	70.464
131.738	0	0
131.838	18	634.176
131.939	2	70.464
132.039	14	493.248
132.139	0	0
132.239	17	598.944
132.339	21	739.872
132.439	12	422.784
132.539	0	0
132.639	0	0
132.739	33	1162.66
132.839	8	281.856
132.939	47	1655.9
133.04	9	317.088
133.14	64	2254.85
133.24	5	176.16
133.34	1	35.232
133.44	0	0
133.54	0	0
133.64	0	0
133.74	0	0
133.84	0	0
133.94	0	0
134.04	0	0
134.141	0	0
134.241	0	0
134.341	0	0
134.441	0	0
134.541	0	0
134.641	0	0
134.741	0	0
134.841	0	0
134.941	0	0
135.042	0	0
135.142	0	0
135.242	80	2818.56
135.342	2	70.464
135.442	0	0
135.542	0	0
135.642	33	1162.66
135.742	4	140.928
135.842	0	0
135.942	36	1268.35
136.043	5	176.16
136.143	2	70.464
136.243	18	634.176
136.343	24	845.568
136.443	2	70.464
136.543	38	1338.82
136.643	1	35.232
136.743	0	0
136.843	39	1374.05
136.943	1	35.232
137.044	2	70.464
137.144	0	0
137.244	0	0
137.344	0	0
137.444	39	1374.05
137.544	39	1374.05
137.644	11	387.552
137.744	2	70.464
137.844	38	1338.82
137.944	4	140.928
138.044	0	0
138.144	0	0
138.245	1	35.232
138.345	0	0
138.445	0	0
138.545	0	0
138.645	40	1409.28
138.745	0	0
138.845	0	0
138.945	40	1409.28
139.045	5	176.16
139.145	0	0
139.245	11	387.552
139.346	34	1197.89
139.446	2	70.464
139.546	40	1409.28
139.646	4	140.928
139.746	0	0
139.846	0	0
139.946	0	0
140.046	0	0
140.146	40	1409.28
140.247	4	140.928
140.347	0	0
140.447	1	35.232
140.547	1	35.232
140.647	40	1409.28
140.747	3	105.696
140.847	0	0
140.947	40	1409.28
141.047	2	70.464
141.148	0	0
141.248	40	1409.28
141.348	4	140.928
141.448	0	0
141.548	1	35.232
141.648	40	1409.28
141.748	5	176.16
141.848	1	35.232
141.948	30	1056.96
142.048	11	387.552
142.148	2	70.464
142.249	40	1409.28
142.349	39	1374.05
142.449	19	669.408
142.549	23	810.336
142.649	0	0
142.749	40	1409.28
142.849	3	105.696
142.949	40	1409.28
143.049	4	140.928
143.15	40	1409.28
143.25	2	70.464
143.35	1	35.232
143.45	40	1409.28
143.55	40	1409.28
143.65	4	140.928
143.75	37	1303.58
143.85	0	0
143.95	0	0
144.05	0	0
144.151	30	1056.96
144.251	14	493.248
144.351	6	211.392
144.451	22	775.104
144.551	25	880.8
144.651	29	1021.73
144.751	6	211.392
144.852	33	1162.66
144.952	3	105.696
145.052	0	0
145.152	37	1303.58
145.252	3	105.696
145.352	0	0
145.452	0	0
145.552	0	0
145.652	41	1444.51
145.753	3	105.696
145.853	1	35.232
145.953	0	0
146.053	45	1585.44
146.153	7	246.624
146.253	53	1867.3
146.353	11	387.552
146.453	0	0
146.553	0	0
146.653	0	0
146.754	0	0
146.854	0	0
146.954	0	0
147.054	0	0
147.154	1	35.232
147.254	54	1902.53
147.354	5	176.16
147.454	1	35.232
147.554	19	669.408
147.654	21	739.872
147.755	7	246.624
147.855	1	35.232
147.955	0	0
148.055	0	0
148.155	0	0
148.255	24	845.568
148.355	25	880.8
148.455	2	70.464
148.556	2	70.464
148.656	28	986.496
148.756	30	1056.96
148.856	8	281.856
148.956	32	1127.42
149.056	8	281.856
149.156	1	35.232
149.256	34	1197.89
149.356	2	70.464
149.456	36	1268.35
149.557	3	105.696
149.657	23	810.336
149.757	15	528.48
149.857	40	1409.28
149.957	2	70.464
150.057	0	0
150.157	2	70.464
150.257	42	1479.74
150.357	0	0
150.457	0	0
150.557	0	0
150.658	44	1550.21
150.758	1	35.232
150.858	0	0
150.958	2	70.464
151.058	46	1620.67
151.158	3	105.696
151.258	0	0
151.358	0	0
151.459	48	1691.14
151.559	4	140.928
151.659	51	1796.83
151.759	8	281.856
151.859	0	0
151.959	0	0
152.059	43	1514.98
152.159	11	387.552
152.259	2	70.464
152.359	55	1937.76
152.459	8	281.856
152.559	58	2043.46
152.659	2	70.464
152.76	0	0
152.86	60	2113.92
152.96	4	140.928
153.06	2	70.464
153.16	65	2290.08
153.26	3	105.696
153.36	1	35.232
153.46	0	0
153.56	62	2184.38
153.66	4	140.928
153.761	20	704.64
153.861	22	775.104
153.961	22	775.104
154.061	6	211.392
154.161	4	140.928
154.261	26	916.032
154.361	2	70.464
154.461	28	986.496
154.561	6	211.392
154.662	31	1092.19
154.762	4	140.928
154.862	1	35.232
154.962	33	1162.66
155.062	2	70.464
155.162	1	35.232
155.262	35	1233.12
155.362	3	105.696
155.462	1	35.232
155.563	37	1303.58
155.663	2	70.464
155.763	39	1374.05
155.863	3	105.696
155.963	41	1444.51
156.063	5	176.16
156.163	1	35.232
156.263	43	1514.98
156.363	11	387.552
156.464	46	1620.67
156.564	3	105.696
156.664	48	1691.14
156.764	3	105.696
156.864	0	0
156.964	1	35.232
157.064	49	1726.37
157.164	4	140.928
157.265	0	0
157.365	50	1761.6
157.465	2	70.464
157.565	2	70.464
157.665	18	634.176
157.765	20	704.64
157.865	7	246.624
157.965	2	70.464
158.065	23	810.336
158.165	7	246.624
158.265	2	70.464
158.366	24	845.568
158.466	27	951.264
158.566	12	422.784
158.666	1	35.232
158.766	30	1056.96
158.866	32	1127.42
158.966	3	105.696
159.066	21	739.872
159.166	14	493.248
159.266	9	317.088
159.366	30	1056.96
159.467	2	70.464
159.567	38	1338.82
159.667	40	1409.28
159.767	42	1479.74
159.867	23	810.336
159.967	27	951.264
160.067	24	845.568
160.167	30	1056.96
160.267	1	35.232
160.367	0	0
160.468	48	1691.14
160.568	18	634.176
160.668	0	0
160.768	0	0
160.868	2	70.464
160.968	20	704.64
161.068	2	70.464
161.168	0	0
161.268	22	775.104
161.369	24	845.568
161.469	26	916.032
161.569	9	317.088
161.669	22	775.104
161.769	9	317.088
161.869	30	1056.96
161.969	2	70.464
162.069	2	70.464
162.169	32	1127.42
162.27	5	176.16
162.37	35	1233.12
162.47	10	352.32
162.57	1	35.232
162.67	36	1268.35
162.77	9	317.088
162.87	12	422.784
162.97	33	1162.66
163.071	2	70.464
163.171	0	0
163.271	42	1479.74
163.371	5	176.16
163.471	44	1550.21
163.571	4	140.928
163.671	2	70.464
163.771	0	0
163.871	0	0
163.971	46	1620.67
164.072	8	281.856
164.172	48	1691.14
164.272	3	105.696
164.372	50	1761.6
164.472	2	70.464
164.572	0	0
164.672	1	35.232
164.772	0	0
164.872	0	0
164.972	0	0
165.073	0	0
165.173	52	1832.06
165.273	18	634.176
165.373	3	105.696
165.473	19	669.408
165.573	5	176.16
165.673	19	669.408
165.773	24	845.568
165.873	6	211.392
165.974	0	0
166.074	0	0
166.174	26	916.032
166.274	6	211.392
166.374	29	1021.73
166.474	31	1092.19
166.575	14	493.248
166.675	31	1092.19
166.775	7	246.624
166.875	2	70.464
166.975	36	1268.35
167.075	38	1338.82
167.175	4	140.928
167.275	0	0
167.375	0	0
167.476	0	0
167.576	10	352.32
167.676	38	1338.82
167.776	4	140.928
167.876	17	598.944
167.976	5	176.16
168.076	20	704.64
168.176	22	775.104
168.276	3	105.696
168.376	22	775.104
168.477	2	70.464
168.577	0	0
168.677	26	916.032
168.777	4	140.928
168.877	28	986.496
168.977	10	352.32
169.077	0	0
169.177	30	1056.96
169.277	3	105.696
169.377	30	1056.96
169.478	8	281.856
169.578	0	0
169.678	0	0
169.778	0	0
169.878	35	1233.12
169.978	3	105.696
170.078	16	563.712
170.178	4	140.928
170.278	17	598.944
170.378	4	140.928
170.479	1	35.232
170.579	21	739.872
170.679	2	70.464
170.779	0	0
170.879	0	0
170.979	0	0
171.079	23	810.336
171.179	2	70.464
171.279	25	880.8
171.38	2	70.464
171.48	0	0
171.58	19	669.408
171.68	8	281.856
171.78	2	70.464
171.88	27	951.264
171.98	5	176.16
172.08	0	0
172.18	1	35.232
172.28	31	1092.19
172.381	21	739.872
172.481	15	528.48
172.581	3	105.696
172.681	1	35.232
172.781	34	1197.89
172.881	2	70.464
172.981	0	0
173.081	0	0
173.181	0	0
173.281	0	0
173.382	37	1303.58
173.482	4	140.928
173.582	2	70.464
173.682	40	1409.28
173.782	4	140.928
173.882	42	1479.74
173.982	3	105.696
174.082	1	35.232
174.182	43	1514.98
174.282	2	70.464
174.383	0	0
174.483	46	1620.67
174.583	3	105.696
174.683	48	1691.14
174.783	50	1761.6
174.883	5	176.16
174.983	49	1726.37
175.083	2	70.464
175.184	0	0
175.284	54	1902.53
175.384	6	211.392
175.484	0	0
175.584	5	176.16
175.684	53	1867.3
175.784	5	176.16
175.884	58	2043.46
175.984	7	246.624
176.084	0	0
176.185	60	2113.92
176.285	2	70.464
176.385	62	2184.38
176.485	0	0
176.585	0	0
176.685	0	0
176.785	2	70.464
176.885	0	0
176.986	0	0
177.086	0	0
177.186	0	0
177.286	0	0
177.386	0	0
177.486	0	0
177.586	64	2254.85
177.686	19	669.408
177.786	0	0
177.887	0	0
177.987	0	0
178.087	21	739.872
178.187	17	598.944
178.287	9	317.088
178.387	24	845.568
178.487	27	951.264
178.587	3	105.696
178.688	29	1021.73
178.788	3	105.696
178.888	31	1092.19
178.988	32	1127.42
179.088	7	246.624
179.188	0	0
179.288	0	0
179.388	1	35.232
179.488	1	35.232
179.588	35	1233.12
179.689	37	1303.58
179.789	5	176.16
179.889	1	35.232
179.989	1	35.232
180.089	40	1409.28
180.189	42	1479.74
180.289	9	317.088
180.389	0	0
180.489	0	0
180.589	0	0
180.689	44	1550.21
180.79	7	246.624
180.89	45	1585.44
180.99	43	1514.98
181.09	0	0
181.19	50	1761.6
181.29	52	1832.06
181.39	54	1902.53
181.49	8	281.856
181.59	56	1972.99
181.69	2	70.464
181.791	58	2043.46
181.891	58	2043.46
181.991	9	317.088
182.091	0	0
182.191	62	2184.38
182.291	8	281.856
182.391	63	2219.62
182.491	2	70.464
182.592	66	2325.31
182.692	9	317.088
182.792	0	0
182.892	68	2395.78
182.992	70	2466.24
183.092	14	493.248
183.192	0	0
183.292	75	2642.4
183.392	82	2889.02
183.492	83	2924.26
183.593	8	281.856
183.693	2	70.464
183.793	0	0
183.893	80	2818.56
183.993	7	246.624
184.093	48	1691.14
184.193	35	1233.12
184.293	8	281.856
184.393	38	1338.82
184.493	45	1585.44
184.593	3	105.696
184.693	0	0
184.794	0	0
184.894	2	70.464
184.994	53	1867.3
185.094	2	70.464
185.194	29	1021.73
185.294	32	1127.42
185.394	0	0
185.494	42	1479.74
185.594	8	281.856
185.694	49	1726.37
185.795	12	422.784
185.895	0	0
185.995	17	598.944
186.095	46	1620.67
186.195	65	2290.08
186.295	0	0
186.395	2	70.464
186.495	67	2360.54
186.595	3	105.696
186.695	2	70.464
186.795	74	2607.17
186.896	3	105.696
186.996	79	2783.33
187.096	11	387.552
187.196	1	35.232
187.296	0	0
187.396	38	1338.82
187.496	6	211.392
187.596	0	0
187.696	0	0
187.796	26	916.032
187.897	0	0
187.997	0	0
188.097	33	1162.66
188.197	0	0
188.297	2	70.464
188.397	0	0
188.497	0	0
188.597	40	1409.28
188.697	47	1655.9
188.797	2	70.464
188.897	1	35.232
188.998	0	0
189.098	0	0
189.198	0	0
189.298	55	1937.76
189.398	2	70.464
189.498	0	0
189.598	1	35.232
189.698	0	0
189.798	0	0
189.898	48	1691.14
189.999	15	528.48
190.099	2	70.464
190.199	0	0
190.299	0	0
190.399	0	0
190.499	71	2501.47
190.599	0	0
190.699	0	0
190.799	2	70.464
190.899	0	0
190.999	73	2571.94
191.1	0	0
191.2	1	35.232
191.3	40	1409.28
191.4	35	1233.12
191.5	0	0
191.6	2	70.464
191.7	0	0
191.8	0	0
191.9	0	0
192	0	0
192.101	81	2853.79
192.201	35	1233.12
192.301	1	35.232
192.401	2	70.464
192.501	0	0
192.601	0	0
192.701	43	1514.98
192.801	0	0
192.901	0	0
193.001	0	0
193.102	0	0
193.202	0	0
193.302	0	0
193.402	2	70.464
193.502	0	0
193.602	0	0
193.702	0	0
193.802	51	1796.83
193.902	4	140.928
194.003	24	845.568
194.103	2	70.464
194.203	0	0
194.303	0	0
194.403	0	0
194.503	0	0
194.603	31	1092.19
194.703	3	105.696
194.803	39	1374.05
194.903	2	70.464
195.004	47	1655.9
195.104	2	70.464
195.204	53	1867.3
195.304	61	2149.15
195.404	0	0
195.504	1	35.232
195.604	69	2431.01
195.704	5	176.16
195.804	0	0
195.904	0	0
196.005	0	0
196.105	0	0
196.205	44	1550.21
196.305	60	2113.92
196.405	0	0
196.505	2	70.464
196.605	87	3065.18
196.705	5	176.16
196.805	0	0
196.906	0	0
197.006	0	0
197.106	38	1338.82
197.206	54	1902.53
197.306	0	0
197.406	0	0
197.506	2	70.464
197.606	0	0
197.706	0	0
197.806	6	211.392
197.906	90	3170.88
198.007	6	211.392
198.107	19	669.408
198.207	19	669.408
198.307	21	739.872
198.407	7	246.624
198.507	22	775.104
198.607	23	810.336
198.707	24	845.568
198.807	25	880.8
198.907	26	916.032
199.008	24	845.568
199.108	0	0
199.208	28	986.496
199.308	29	1021.73
199.408	30	1056.96
199.508	31	1092.19
199.608	32	1127.42
199.708	33	1162.66
199.808	34	1197.89
199.909	35	1233.12
200.009	36	1268.35
200.109	36	1268.35
200.209	37	1303.58
200.309	7	246.624
200.409	0	0
200.509	0	0
200.609	37	1303.58
200.709	12	422.784
200.809	16	563.712
200.91	12	422.784
201.01	11	387.552
201.11	17	598.944
201.21	19	669.408
201.31	20	704.64
201.41	21	739.872
201.511	22	775.104
201.611	23	810.336
201.711	20	704.64
201.811	25	880.8
201.911	26	916.032
202.011	27	951.264
202.111	8	281.856
202.211	0	0
202.311	28	986.496
202.412	14	493.248
202.512	15	528.48
202.612	16	563.712
202.712	17	598.944
202.812	18	634.176
202.912	19	669.408
203.012	20	704.64
203.112	21	739.872
203.212	22	775.104
203.313	23	810.336
203.413	7	246.624
203.513	24	845.568
203.613	25	880.8
203.713	26	916.032
203.813	19	669.408
203.913	28	986.496
204.013	29	1021.73
204.113	30	1056.96
204.214	31	1092.19
204.314	32	1127.42
204.414	33	1162.66
204.514	34	1197.89
204.614	35	1233.12
204.714	36	1268.35
204.814	37	1303.58
204.914	38	1338.82
205.014	33	1162.66
205.114	30	1056.96
205.214	40	1409.28
205.315	41	1444.51
205.415	34	1197.89
205.515	41	1444.51
205.615	11	387.552
205.715	44	1550.21
205.815	16	563.712
205.915	16	563.712
206.015	17	598.944
206.116	18	634.176
206.216	19	669.408
206.316	20	704.64
206.416	21	739.872
206.516	22	775.104
206.616	23	810.336
206.716	24	845.568
206.816	25	880.8
206.916	24	845.568
207.016	2	70.464
207.117	15	528.48
207.217	12	422.784
207.317	14	493.248
207.417	15	528.48
207.517	16	563.712
207.617	17	598.944
207.717	18	634.176
207.817	19	669.408
207.917	20	704.64
208.017	21	739.872
208.117	22	775.104
208.218	23	810.336
208.318	24	845.568
208.418	25	880.8
208.518	26	916.032
208.618	27	951.264
208.718	20	704.64
208.818	28	986.496
208.918	29	1021.73
209.018	30	1056.96
209.118	31	1092.19
209.219	32	1127.42
209.319	29	1021.73
209.419	31	1092.19
209.519	33	1162.66
209.619	36	1268.35
209.719	37	1303.58
209.819	38	1338.82
209.92	35	1233.12
210.02	38	1338.82
210.12	41	1444.51
210.22	31	1092.19
210.32	42	1479.74
210.42	43	1514.98
210.52	24	845.568
210.62	41	1444.51
210.72	44	1550.21
210.821	47	1655.9
210.921	48	1691.14
211.021	49	1726.37
211.121	38	1338.82
211.221	50	1761.6
211.321	50	1761.6
211.421	52	1832.06
211.521	53	1867.3
211.621	54	1902.53
211.721	55	1937.76
211.821	42	1479.74
211.921	1	35.232
212.022	57	2008.22
212.122	16	563.712
212.222	17	598.944
212.322	18	634.176
212.422	19	669.408
212.522	20	704.64
212.622	21	739.872
212.722	22	775.104
212.823	23	810.336
212.923	23	810.336
213.023	21	739.872
213.123	16	563.712
213.223	17	598.944
213.323	25	880.8
213.423	28	986.496
213.523	29	1021.73
213.623	30	1056.96
213.723	31	1092.19
213.823	32	1127.42
213.924	33	1162.66
214.024	26	916.032
214.124	34	1197.89
214.224	35	1233.12
214.325	24	845.568
214.425	34	1197.89
214.525	36	1268.35
214.625	39	1374.05
214.725	40	1409.28
214.826	37	1303.58
214.926	0	0
215.026	0	0
215.126	1	35.232
215.226	41	1444.51
215.326	3	105.696
215.426	0	0
215.527	16	563.712
215.627	9	317.088
215.727	17	598.944
215.827	18	634.176
215.927	6	211.392
216.027	0	0
216.127	0	0
216.227	19	669.408
216.327	10	352.32
216.428	21	739.872
216.528	21	739.872
216.628	19	669.408
216.728	18	634.176
216.828	4	140.928
216.928	24	845.568
217.028	7	246.624
217.128	1	35.232
217.228	26	916.032
217.328	3	105.696
217.429	0	0
217.529	27	951.264
217.629	3	105.696
217.729	25	880.8
217.829	0	0
217.929	3	105.696
218.029	27	951.264
218.129	3	105.696
218.229	1	35.232
218.329	30	1056.96
218.429	1	35.232
218.529	0	0
218.63	0	0
218.73	2	70.464
218.83	31	1092.19
218.93	17	598.944
219.03	1	35.232
219.13	32	1127.42
219.23	22	775.104
219.33	0	0
219.43	14	493.248
219.53	34	1197.89
219.631	11	387.552
219.731	36	1268.35
219.831	20	704.64
219.931	24	845.568
220.031	38	1338.82
220.131	8	281.856
220.231	0	0
220.331	2	70.464
220.431	39	1374.05
220.531	5	176.16
220.632	0	0
220.732	40	1409.28
220.832	4	140.928
220.932	0	0
221.032	41	1444.51
221.132	8	281.856
221.232	41	1444.51
221.332	1	35.232
221.433	0	0
221.533	0	0
221.633	0	0
221.733	0	0
221.833	0	0
221.933	1	35.232
222.033	1	35.232
222.133	41	1444.51
222.233	15	528.48
222.334	7	246.624
222.434	0	0
222.534	2	70.464
222.634	17	598.944
222.734	16	563.712
222.834	3	105.696
222.934	0	0
223.034	0	0
223.134	0	0
223.235	19	669.408
223.335	3	105.696
223.435	20	704.64
223.535	21	739.872
223.635	7	246.624
223.735	18	634.176
223.835	0	0
223.935	0	0
224.035	0	0
224.135	0	0
224.236	0	0
224.336	0	0
224.436	0	0
224.536	0	0
224.636	3	105.696
224.736	20	704.64
224.836	14	493.248
224.936	15	528.48
225.037	3	105.696
225.137	16	563.712
225.237	11	387.552
225.337	7	246.624
225.437	2	70.464
225.537	18	634.176
225.637	0	0
225.737	0	0
225.837	0	0
225.937	19	669.408
226.038	2	70.464
226.138	0	0
226.238	0	0
226.338	20	704.64
226.438	5	176.16
226.538	2	70.464
226.638	1	35.232
226.738	0	0
226.838	0	0
226.939	0	0
227.039	0	0
227.139	0	0
227.239	0	0
227.339	22	775.104
227.439	5	176.16
227.539	14	493.248
227.639	15	528.48
227.739	13	458.016
227.84	17	598.944
227.94	4	140.928
228.04	0	0
228.14	0	0
228.24	18	634.176
228.34	14	493.248
228.44	1	35.232
228.54	20	704.64
228.64	21	739.872
228.74	21	739.872
228.841	23	810.336
228.941	2	70.464
229.041	24	845.568
229.141	25	880.8
229.241	5	176.16
229.341	26	916.032
229.441	18	634.176
229.541	25	880.8
229.641	0	0
229.741	0	0
229.842	0	0
229.942	0	0
230.042	28	986.496
230.142	0	0
230.242	14	493.248
230.342	4	140.928
230.442	8	281.856
230.542	0	0
230.642	16	563.712
230.742	0	0
230.843	0	0
230.943	0	0
231.043	0	0
231.143	17	598.944
231.243	18	634.176
231.343	13	458.016
231.443	0	0
231.543	0	0
231.643	0	0
231.744	0	0
231.844	0	0
231.944	0	0
232.044	20	704.64
232.144	0	0
232.244	0	0
232.344	21	739.872
232.444	22	775.104
232.544	2	70.464
232.645	0	0
232.745	0	0
232.845	0	0
232.945	0	0
233.045	0	0
233.145	0	0
233.245	0	0
233.345	0	0
233.445	0	0
233.546	0	0
233.646	0	0
233.746	0	0
233.846	2	70.464
233.946	21	739.872
234.046	7	246.624
234.146	15	528.48
234.246	16	563.712
234.346	11	387.552
234.446	9	317.088
234.547	17	598.944
234.647	18	634.176
234.747	20	704.64
234.847	3	105.696
234.947	0	0
235.047	4	140.928
235.147	18	634.176
235.247	18	634.176
235.347	22	775.104
235.447	23	810.336
235.548	8	281.856
235.648	25	880.8
235.748	20	704.64
235.848	16	563.712
235.948	27	951.264
236.048	13	458.016
236.148	21	739.872
236.248	29	1021.73
236.348	28	986.496
236.449	18	634.176
236.549	30	1056.96
236.649	30	1056.96
236.749	14	493.248
236.849	24	845.568
236.949	2	70.464
237.049	0	0
237.149	0	0
237.249	0	0
237.349	0	0
237.45	0	0
237.55	0	0
237.65	35	1233.12
237.75	2	70.464
237.85	13	458.016
237.95	9	317.088
238.05	16	563.712
238.15	3	105.696
238.25	16	563.712
238.35	16	563.712
238.451	12	422.784
238.551	20	704.64
238.651	9	317.088
238.751	21	739.872
238.851	20	704.64
238.951	23	810.336
239.051	24	845.568
239.151	22	775.104
239.252	4	140.928
239.352	25	880.8
239.452	27	951.264
239.552	0	0
239.652	7	246.624
239.752	0	0
239.853	0	0
239.953	28	986.496
240.053	14	493.248
240.153	6	211.392
240.253	14	493.248
240.353	5	176.16
240.453	17	598.944
240.553	18	634.176
240.653	2	70.464
240.754	0	0
240.854	0	0
240.954	4	140.928
241.054	19	669.408
241.154	13	458.016
241.254	2	70.464
241.354	21	739.872
241.454	13	458.016
241.555	22	775.104
241.655	23	810.336
241.755	2	70.464
241.855	0	0
241.955	0	0
242.055	2	70.464
242.155	24	845.568
242.255	7	246.624
242.355	0	0
242.456	1	35.232
242.556	14	493.248
242.656	14	493.248
242.756	16	563.712
242.856	8	281.856
242.956	0	0
243.056	1	35.232
243.156	18	634.176
243.257	0	0
243.357	0	0
243.457	19	669.408
243.557	20	704.64
243.657	9	317.088
243.757	21	739.872
243.857	21	739.872
243.957	0	0
244.057	23	810.336
244.157	24	845.568
244.258	4	140.928
244.358	25	880.8
244.458	26	916.032
244.558	12	422.784
244.658	27	951.264
244.758	28	986.496
244.858	25	880.8
244.958	24	845.568
245.059	31	1092.19
245.159	32	1127.42
245.259	33	1162.66
245.359	32	1127.42
245.459	12	422.784
245.559	0	0
245.659	35	1233.12
245.759	15	528.48
245.859	16	563.712
245.959	17	598.944
246.059	18	634.176
246.16	19	669.408
246.26	20	704.64
246.36	21	739.872
246.46	10	352.32
246.56	22	775.104
246.66	21	739.872
246.761	20	704.64
246.861	24	845.568
246.961	26	916.032
247.061	27	951.264
247.161	15	528.48
247.261	28	986.496
247.361	29	1021.73
247.461	30	1056.96
247.562	31	1092.19
247.662	26	916.032
247.762	33	1162.66
247.862	25	880.8
247.962	34	1197.89
248.062	35	1233.12
248.162	25	880.8
248.262	37	1303.58
248.362	37	1303.58
248.462	39	1374.05
248.563	31	1092.19
248.663	41	1444.51
248.763	40	1409.28
248.863	43	1514.98
248.963	36	1268.35
249.063	10	352.32
249.163	0	0
249.263	45	1585.44
249.363	0	0
249.463	16	563.712
249.563	15	528.48
249.664	0	0
249.764	17	598.944
249.864	14	493.248
249.964	15	528.48
250.064	0	0
250.164	0	0
250.264	0	0
250.364	0	0
250.464	0	0
250.564	16	563.712
250.665	14	493.248
250.765	15	528.48
250.865	16	563.712
250.965	17	598.944
251.065	4	140.928
251.165	0	0
251.265	18	634.176
251.365	19	669.408
251.466	4	140.928
251.566	5	176.16
251.666	20	704.64
251.766	21	739.872
251.866	21	739.872
251.966	23	810.336
252.066	21	739.872
252.166	25	880.8
252.266	11	387.552
252.366	26	916.032
252.466	27	951.264
252.567	28	986.496
252.667	20	704.64
252.767	16	563.712
252.867	27	951.264
252.967	28	986.496
253.067	32	1127.42
253.167	33	1162.66
253.267	28	986.496
253.367	32	1127.42
253.467	24	845.568
253.567	36	1268.35
253.667	30	1056.96
253.767	38	1338.82
253.868	10	352.32
253.968	39	1374.05
254.068	31	1092.19
254.168	41	1444.51
