time	pps	kbps
0.100101	0	0
0.2002	1	35.232
0.300286	2	70.464
0.400366	4	140.928
0.500489	8	281.856
0.600577	16	563.712
0.700671	13	458.016
0.800774	1	35.232
0.900879	1	35.232
1.00095	10	352.32
1.10107	35	1233.12
1.20115	36	1268.35
1.30125	27	951.264
1.40137	2	70.464
1.50157	6	211.392
1.60164	34	1197.89
1.70173	4	140.928
1.8018	1	35.232
1.90192	32	1127.42
2.00201	26	916.032
2.1021	18	634.176
2.20219	27	951.264
2.30229	28	986.496
2.40241	22	775.104
2.50252	11	387.552
2.60262	1	35.232
2.70271	28	986.496
2.80281	3	105.696
2.90289	23	810.336
3.00301	23	810.336
3.10313	13	458.016
3.20319	24	845.568
3.30331	24	845.568
3.40338	25	880.8
3.50344	20	704.64
3.6035	25	880.8
3.70361	20	704.64
3.80369	25	880.8
3.90377	10	352.32
4.00389	25	880.8
4.10401	10	352.32
4.2041	25	880.8
4.30419	25	880.8
4.40429	25	880.8
4.50442	25	880.8
4.60452	25	880.8
4.70464	25	880.8
4.80476	25	880.8
4.90488	25	880.8
5.00495	20	704.64
5.10499	13	458.016
5.20525	23	810.336
5.30532	22	775.104
5.40544	26	916.032
5.50555	26	916.032
5.60567	26	916.032
5.70577	19	669.408
5.80586	18	634.176
5.90598	17	598.944
6.00602	26	916.032
6.10608	21	739.872
6.20617	5	176.16
6.30631	22	775.104
6.40641	23	810.336
6.50649	23	810.336
6.60656	24	845.568
6.70664	9	317.088
6.80676	24	845.568
6.90683	25	880.8
7.00689	25	880.8
7.10695	19	669.408
7.20702	25	880.8
7.30714	26	916.032
7.40726	26	916.032
7.50736	26	916.032
7.60745	26	916.032
7.7076	19	669.408
7.80772	26	916.032
7.90781	26	916.032
8.00789	26	916.032
8.108	12	422.784
8.20812	26	916.032
8.30824	26	916.032
8.40836	17	598.944
8.50841	26	916.032
8.60844	2	70.464
8.70848	16	563.712
8.80856	22	775.104
8.90868	17	598.944
9.00879	18	634.176
9.10887	18	634.176
9.20894	18	634.176
9.30898	14	493.248
9.40902	17	598.944
9.50905	18	634.176
9.6091	17	598.944
9.70921	19	669.408
9.80931	19	669.408
9.9094	15	528.48
10.0095	15	528.48
10.1096	19	669.408
10.2096	18	634.176
10.3097	17	598.944
10.4097	16	563.712
10.5098	16	563.712
10.6099	19	669.408
10.7099	19	669.408
10.81	19	669.408
10.9101	19	669.408
11.0102	11	387.552
11.1103	8	281.856
11.2104	19	669.408
11.3104	16	563.712
11.4105	16	563.712
11.5106	0	0
11.6107	17	598.944
11.7108	9	317.088
11.8108	18	634.176
11.9109	18	634.176
12.011	18	634.176
12.1112	19	669.408
12.2113	12	422.784
12.3113	19	669.408
12.4114	19	669.408
12.5115	19	669.408
12.6116	19	669.408
12.7117	17	598.944
12.8118	18	634.176
12.9118	19	669.408
13.0119	19	669.408
13.112	15	528.48
13.2121	14	493.248
13.3122	19	669.408
13.4123	19	669.408
13.5124	19	669.408
13.6125	20	704.64
13.7126	4	140.928
13.8127	20	704.64
13.9129	20	704.64
14.0129	20	704.64
14.113	20	704.64
14.2131	20	704.64
14.3131	5	176.16
14.4132	19	669.408
14.5132	18	634.176
14.6133	20	704.64
14.7134	20	704.64
14.8134	7	246.624
14.9135	21	739.872
15.0135	20	704.64
15.1136	4	140.928
15.2136	20	704.64
15.3137	22	775.104
15.4138	23	810.336
15.5139	5	176.16
15.614	23	810.336
15.7141	24	845.568
15.8142	25	880.8
15.9142	25	880.8
16.0143	23	810.336
16.1143	27	951.264
16.2144	26	916.032
16.3145	15	528.48
16.4145	29	1021.73
16.5147	22	775.104
16.6147	31	1092.19
16.7148	33	1162.66
16.8148	23	810.336
16.9149	36	1268.35
17.0149	27	951.264
17.115	22	775.104
17.215	34	1197.89
17.315	31	1092.19
17.4151	25	880.8
17.5151	44	1550.21
17.6151	47	1655.9
17.7152	29	1021.73
17.8152	41	1444.51
17.9153	39	1374.05
18.0153	53	1867.3
18.1154	51	1796.83
18.2154	19	669.408
18.3155	64	2254.85
18.4155	67	2360.54
18.5156	68	2395.78
18.6156	64	2254.85
18.7157	2	70.464
18.8158	16	563.712
18.9158	61	2149.15
19.0158	2	70.464
19.1159	0	0
19.216	65	2290.08
19.316	50	1761.6
19.416	28	986.496
19.5161	54	1902.53
19.6161	51	1796.83
19.7164	45	1585.44
19.8164	52	1832.06
19.9164	54	1902.53
20.0164	26	916.032
20.1165	56	1972.99
20.2165	57	2008.22
20.3168	56	1972.99
20.4168	54	1902.53
20.5169	57	2008.22
20.6169	58	2043.46
20.717	11	387.552
20.8171	58	2043.46
20.9172	47	1655.9
21.0172	11	387.552
21.1173	2	70.464
21.2173	0	0
21.3174	1	35.232
21.4174	57	2008.22
21.5175	0	0
21.6175	47	1655.9
21.7176	9	317.088
21.8176	48	1691.14
21.9177	48	1691.14
22.0177	5	176.16
22.1178	50	1761.6
22.2178	50	1761.6
22.3179	16	563.712
22.4179	1	35.232
22.5179	50	1761.6
22.618	12	422.784
22.718	51	1796.83
22.8181	10	352.32
22.9181	46	1620.67
23.0182	50	1761.6
23.1182	14	493.248
23.2182	43	1514.98
23.3183	26	916.032
23.4183	52	1832.06
23.5184	7	246.624
23.6184	33	1162.66
23.7185	3	105.696
23.8186	14	493.248
23.9186	12	422.784
24.0187	22	775.104
24.1187	19	669.408
24.2187	20	704.64
24.3188	15	528.48
24.4188	20	704.64
24.5189	17	598.944
24.6189	3	105.696
24.7189	42	1479.74
24.819	18	634.176
24.919	2	70.464
25.0191	24	845.568
25.1191	35	1233.12
25.2191	26	916.032
25.3192	10	352.32
25.4192	28	986.496
25.5193	14	493.248
25.6193	38	1338.82
25.7194	42	1479.74
25.8195	32	1127.42
25.9195	31	1092.19
26.0196	16	563.712
26.1196	27	951.264
26.2197	37	1303.58
26.3198	45	1585.44
26.4198	10	352.32
26.5199	42	1479.74
26.6199	27	951.264
26.7199	47	1655.9
26.82	37	1303.58
26.92	6	211.392
27.0201	47	1655.9
27.1201	11	387.552
27.2202	24	845.568
27.3202	27	951.264
27.4203	24	845.568
27.5204	0	0
27.6204	35	1233.12
27.7205	8	281.856
27.8205	1	35.232
27.9206	20	704.64
28.0206	25	880.8
28.1207	36	1268.35
28.2207	18	634.176
28.3207	27	951.264
28.4208	19	669.408
28.521	35	1233.12
28.621	37	1303.58
28.721	5	176.16
28.8211	2	70.464
28.9211	0	0
29.0211	45	1585.44
29.1212	32	1127.42
29.2212	19	669.408
29.3213	32	1127.42
29.4213	0	0
29.5213	0	0
29.6214	0	0
29.7214	0	0
29.8215	2	70.464
29.9215	16	563.712
30.0216	0	0
30.1216	0	0
30.2216	0	0
30.3217	7	246.624
30.4217	8	281.856
30.5217	33	1162.66
30.6218	25	880.8
30.7218	28	986.496
30.8218	15	528.48
30.9219	18	634.176
31.0219	0	0
31.122	0	0
31.222	22	775.104
31.3221	9	317.088
31.4221	42	1479.74
31.5221	26	916.032
31.6222	29	1021.73
31.7222	17	598.944
31.8223	11	387.552
31.9223	37	1303.58
32.0224	8	281.856
32.1225	0	0
32.2231	18	634.176
32.3231	25	880.8
32.4232	15	528.48
32.5233	32	1127.42
32.6234	1	35.232
32.7234	31	1092.19
32.8235	42	1479.74
32.9235	6	211.392
33.0236	26	916.032
33.1237	23	810.336
33.2238	17	598.944
33.3238	20	704.64
33.4239	0	0
33.524	34	1197.89
33.6241	22	775.104
33.7242	26	916.032
33.8243	27	951.264
33.9244	44	1550.21
34.0244	7	246.624
34.1245	0	0
34.2246	0	0
34.3247	0	0
34.4247	0	0
34.5248	45	1585.44
34.6248	7	246.624
34.7249	32	1127.42
34.825	5	176.16
34.925	14	493.248
35.0251	12	422.784
35.1251	12	422.784
35.2252	22	775.104
35.3253	26	916.032
35.4253	29	1021.73
35.5254	21	739.872
35.6255	19	669.408
35.7256	19	669.408
35.8256	30	1056.96
35.9257	9	317.088
36.0258	31	1092.19
36.1258	33	1162.66
36.2259	14	493.248
36.326	35	1233.12
36.426	4	140.928
36.5261	35	1233.12
36.6261	3	105.696
36.7262	35	1233.12
36.8263	0	0
36.9264	5	176.16
37.0264	35	1233.12
37.1265	26	916.032
37.2265	18	634.176
37.3266	10	352.32
37.4267	22	775.104
37.5267	12	422.784
37.6268	16	563.712
37.7268	18	634.176
37.8269	30	1056.96
37.9269	29	1021.73
38.027	12	422.784
38.1271	0	0
38.2271	31	1092.19
38.3272	2	70.464
38.4272	31	1092.19
38.5273	0	0
38.6274	31	1092.19
38.7274	5	176.16
38.8275	27	951.264
38.9275	15	528.48
39.0276	22	775.104
39.1277	21	739.872
39.2277	15	528.48
39.3278	1	35.232
39.4278	31	1092.19
39.5279	2	70.464
39.628	0	0
39.728	0	0
39.8281	0	0
39.9281	0	0
40.0282	0	0
40.1282	0	0
40.2283	0	0
40.3283	0	0
40.4284	0	0
40.5284	1	35.232
40.6285	17	598.944
40.7286	9	317.088
40.8286	3	105.696
40.9287	8	281.856
41.0287	12	422.784
41.1288	5	176.16
41.2289	8	281.856
41.3289	1	35.232
41.429	20	704.64
41.529	0	0
41.6291	23	810.336
41.7291	20	704.64
41.8292	8	281.856
41.9293	19	669.408
42.0294	20	704.64
42.1295	24	845.568
42.2296	13	458.016
42.3297	15	528.48
42.4298	5	176.16
42.5299	9	317.088
42.63	24	845.568
42.7301	12	422.784
42.8302	7	246.624
42.9303	25	880.8
43.0304	23	810.336
43.1305	8	281.856
43.2306	14	493.248
43.3307	8	281.856
43.4308	24	845.568
43.5308	20	704.64
43.6309	4	140.928
43.7311	19	669.408
43.8312	14	493.248
43.9313	16	563.712
44.0314	23	810.336
44.1315	14	493.248
44.2316	11	387.552
44.3317	11	387.552
44.4318	0	0
44.5319	1	35.232
44.632	19	669.408
44.7322	4	140.928
44.8323	3	105.696
44.9324	2	70.464
45.0325	12	422.784
45.1326	0	0
45.2327	3	105.696
45.3328	19	669.408
45.4329	1	35.232
45.533	0	0
45.6332	5	176.16
45.7332	0	0
45.8333	18	634.176
45.9335	10	352.32
46.0336	10	352.32
46.1337	0	0
46.2338	7	246.624
46.3339	7	246.624
46.4341	4	140.928
46.5342	2	70.464
46.6342	18	634.176
46.7343	15	528.48
46.8344	12	422.784
46.9345	5	176.16
47.0345	20	704.64
47.1347	5	176.16
47.2348	0	0
47.3349	0	0
47.4349	0	0
47.535	2	70.464
47.6351	0	0
47.7352	20	704.64
47.8354	16	563.712
47.9355	11	387.552
48.0356	0	0
48.1358	2	70.464
48.2359	7	246.624
48.3359	12	422.784
48.4361	5	176.16
48.5362	0	0
48.6363	18	634.176
48.7364	0	0
48.8366	15	528.48
48.9367	16	563.712
49.0368	12	422.784
49.1369	0	0
49.237	15	528.48
49.3371	20	704.64
49.4372	8	281.856
49.5373	17	598.944
49.6374	0	0
49.7375	10	352.32
49.8376	12	422.784
49.9377	0	0
50.0379	6	211.392
50.138	0	0
50.238	0	0
50.3381	0	0
50.4383	2	70.464
50.5384	16	563.712
50.6385	2	70.464
50.7386	16	563.712
50.8386	4	140.928
50.9387	13	458.016
51.0388	17	598.944
51.1388	2	70.464
51.239	0	0
51.3391	17	598.944
51.4392	0	0
51.5393	17	598.944
51.6394	1	35.232
51.7395	9	317.088
51.8396	18	634.176
51.9397	1	35.232
52.0398	0	0
52.1399	18	634.176
52.2401	10	352.32
52.3402	11	387.552
52.4403	7	246.624
52.5404	11	387.552
52.6406	0	0
52.7407	0	0
52.8408	0	0
52.9409	0	0
53.0409	0	0
53.1411	0	0
53.2412	18	634.176
53.3413	0	0
53.4414	0	0
53.5415	15	528.48
53.6416	1	35.232
53.7417	15	528.48
53.842	7	246.624
53.9422	12	422.784
54.0423	1	35.232
54.1424	7	246.624
54.2427	13	458.016
54.3428	3	105.696
54.4429	17	598.944
54.543	7	246.624
54.6431	0	0
54.7432	7	246.624
54.8435	18	634.176
54.9436	12	422.784
55.0438	1	35.232
55.1438	0	0
55.2439	0	0
55.344	0	0
55.4442	3	105.696
55.5442	2	70.464
55.6443	0	0
55.7444	2	70.464
55.8445	13	458.016
55.9447	0	0
56.0448	10	352.32
56.1448	5	176.16
56.245	1	35.232
56.3451	15	528.48
56.4452	2	70.464
56.5453	3	105.696
56.6454	16	563.712
56.7455	5	176.16
56.8456	0	0
56.9457	10	352.32
57.0458	15	528.48
57.1459	12	422.784
57.246	0	0
57.3462	0	0
57.4463	0	0
57.5464	0	0
57.6464	11	387.552
57.7465	5	176.16
57.8466	13	458.016
57.9467	0	0
58.0468	5	176.16
58.1469	13	458.016
58.247	11	387.552
58.3471	3	105.696
58.4473	4	140.928
58.5474	10	352.32
58.6475	14	493.248
58.7476	8	281.856
58.8477	10	352.32
58.9481	12	422.784
59.0482	12	422.784
59.1483	7	246.624
59.2484	12	422.784
59.3485	10	352.32
59.4487	12	422.784
59.5488	6	211.392
59.6489	11	387.552
59.749	13	458.016
59.8491	8	281.856
59.9492	13	458.016
60.0493	12	422.784
60.1494	4	140.928
60.2495	14	493.248
60.3496	12	422.784
60.4497	11	387.552
60.5498	13	458.016
60.6499	7	246.624
60.75	10	352.32
60.8501	13	458.016
60.9502	10	352.32
61.0503	10	352.32
61.1504	15	528.48
61.2505	8	281.856
61.3506	17	598.944
61.4507	14	493.248
61.5508	17	598.944
61.6509	11	387.552
61.751	11	387.552
61.8511	3	105.696
61.9512	0	0
62.0513	8	281.856
62.1514	12	422.784
62.2516	14	493.248
62.3518	11	387.552
62.4519	16	563.712
62.552	3	105.696
62.6521	0	0
62.7522	12	422.784
62.8524	0	0
62.9525	0	0
63.0526	2	70.464
63.1527	0	0
63.2529	0	0
63.3529	0	0
63.453	0	0
63.5531	0	0
63.6532	15	528.48
63.7534	11	387.552
63.8535	0	0
63.9536	0	0
64.0537	11	387.552
64.1538	2	70.464
64.2539	0	0
64.3541	0	0
64.4542	0	0
64.5542	0	0
64.6543	0	0
64.7545	5	176.16
64.8546	11	387.552
64.9547	3	105.696
65.0548	0	0
65.1549	1	35.232
65.255	0	0
65.3551	0	0
65.4552	3	105.696
65.5553	5	176.16
65.6554	4	140.928
65.7555	2	70.464
65.8556	0	0
65.9557	0	0
66.0559	4	140.928
66.156	3	105.696
66.2561	0	0
66.3562	0	0
66.4563	1	35.232
66.5564	0	0
66.6565	0	0
66.7566	0	0
66.8567	0	0
66.9568	6	211.392
67.057	7	246.624
67.1571	2	70.464
67.2572	7	246.624
67.3573	0	0
67.4574	7	246.624
67.5575	0	0
67.6576	7	246.624
67.7576	1	35.232
67.8577	7	246.624
67.9578	2	70.464
68.0579	5	176.16
68.158	5	176.16
68.2581	6	211.392
68.3583	1	35.232
68.4584	1	35.232
68.5585	7	246.624
68.6586	5	176.16
68.7587	2	70.464
68.8588	8	281.856
68.9589	0	0
69.059	8	281.856
69.1591	8	281.856
69.2592	4	140.928
69.3592	10	352.32
69.4594	10	352.32
69.5599	3	105.696
69.66	8	281.856
69.7601	0	0
69.8602	0	0
69.9603	0	0
70.0604	0	0
70.1605	0	0
70.2606	12	422.784
70.3607	0	0
70.4608	9	317.088
70.5609	10	352.32
70.661	6	211.392
70.7611	6	211.392
70.8612	11	387.552
70.9613	8	281.856
71.0614	7	246.624
71.1615	10	352.32
71.2619	9	317.088
71.362	4	140.928
71.4626	5	176.16
71.5627	10	352.32
71.6628	7	246.624
71.7629	9	317.088
71.8631	11	387.552
71.9632	10	352.32
72.0633	12	422.784
72.1634	1	35.232
72.2635	12	422.784
72.3636	12	422.784
72.4637	4	140.928
72.5638	11	387.552
72.664	8	281.856
72.7641	7	246.624
72.8642	2	70.464
72.9643	7	246.624
73.0643	3	105.696
73.1645	6	211.392
73.2646	9	317.088
73.3647	0	0
73.4648	8	281.856
73.5649	4	140.928
73.665	8	281.856
73.7651	11	387.552
73.8652	5	176.16
73.9653	7	246.624
74.0654	7	246.624
74.1655	6	211.392
74.2657	7	246.624
74.3657	10	352.32
74.4659	12	422.784
74.566	1	35.232
74.6661	12	422.784
74.7662	1	35.232
74.8663	12	422.784
74.9664	9	317.088
75.0665	10	352.32
75.1666	10	352.32
75.2668	6	211.392
75.3669	0	0
75.467	10	352.32
75.5671	1	35.232
75.6672	3	105.696
75.7673	0	0
75.8675	0	0
75.9676	10	352.32
76.0677	6	211.392
76.1678	4	140.928
76.2679	7	246.624
76.368	1	35.232
76.4681	9	317.088
76.5682	4	140.928
76.6683	0	0
76.7684	9	317.088
76.8685	0	0
76.9686	9	317.088
77.0687	5	176.16
77.1689	3	105.696
77.269	9	317.088
77.3691	1	35.232
77.4692	0	0
77.5693	9	317.088
77.6694	1	35.232
77.7696	9	317.088
77.8697	7	246.624
77.9698	9	317.088
78.0699	8	281.856
78.17	0	0
78.2701	3	105.696
78.3702	6	211.392
78.4703	10	352.32
78.5704	10	352.32
78.6705	2	70.464
78.7706	2	70.464
78.8707	10	352.32
78.9708	9	317.088
79.071	0	0
79.1711	7	246.624
79.2712	8	281.856
79.3713	0	0
79.4714	12	422.784
79.5715	6	211.392
79.6717	0	0
79.7718	0	0
79.8719	0	0
79.9721	13	458.016
80.0722	15	528.48
80.1722	9	317.088
80.2724	0	0
80.3724	18	634.176
80.4725	9	317.088
80.5726	17	598.944
80.6727	0	0
80.7728	0	0
80.8729	0	0
80.973	0	0
81.0731	22	775.104
81.1732	20	704.64
81.2734	1	35.232
81.3734	0	0
81.4736	3	105.696
81.5737	21	739.872
81.6738	11	387.552
81.7739	22	775.104
81.874	23	810.336
81.9741	4	140.928
82.0742	4	140.928
82.1743	23	810.336
82.2744	24	845.568
82.3745	2	70.464
82.4746	24	845.568
82.5748	24	845.568
82.6749	24	845.568
82.775	25	880.8
82.8751	9	317.088
82.9752	11	387.552
83.0753	25	880.8
83.1757	18	634.176
83.2758	8	281.856
83.376	15	528.48
83.4761	25	880.8
83.5761	19	669.408
83.6762	25	880.8
83.7762	19	669.408
83.8765	22	775.104
83.9767	21	739.872
84.0768	23	810.336
84.1769	25	880.8
84.277	24	845.568
84.3771	21	739.872
84.4772	0	0
84.5773	0	0
84.6773	0	0
84.7774	25	880.8
84.8775	20	704.64
84.9776	19	669.408
85.0781	17	598.944
85.1782	20	704.64
85.2783	3	105.696
85.3784	0	0
85.4785	0	0
85.5786	0	0
85.6787	22	775.104
85.7788	18	634.176
85.8789	7	246.624
85.979	0	0
86.0791	0	0
86.1793	0	0
86.2794	19	669.408
86.3795	15	528.48
86.4796	15	528.48
86.5797	14	493.248
86.6798	16	563.712
86.78	16	563.712
86.8801	16	563.712
86.9802	5	176.16
87.0803	15	528.48
87.1804	13	458.016
87.2805	16	563.712
87.3806	1	35.232
87.4807	7	246.624
87.5808	15	528.48
87.6809	2	70.464
87.781	13	458.016
87.8812	10	352.32
87.9813	5	176.16
88.0814	14	493.248
88.1815	5	176.16
88.2816	0	0
88.3818	14	493.248
88.4819	12	422.784
88.582	12	422.784
88.6821	10	352.32
88.7822	0	0
88.8823	0	0
88.9825	0	0
89.0826	12	422.784
89.1827	10	352.32
89.2828	0	0
89.3829	0	0
89.483	0	0
89.5831	0	0
89.6832	0	0
89.7833	6	211.392
89.8834	0	0
89.9835	0	0
90.0836	0	0
90.1837	0	0
90.2838	0	0
90.3839	0	0
90.484	0	0
90.5841	0	0
90.6842	0	0
90.7843	8	281.856
90.8844	2	70.464
90.9845	0	0
91.0846	0	0
91.1847	0	0
91.2849	9	317.088
91.385	7	246.624
91.485	4	140.928
91.5851	3	105.696
91.6852	7	246.624
91.7853	2	70.464
91.8855	0	0
91.9856	0	0
92.0857	2	70.464
92.1858	8	281.856
92.2859	6	211.392
92.3864	5	176.16
92.4865	5	176.16
92.5866	7	246.624
92.6867	4	140.928
92.7868	0	0
92.887	0	0
92.9871	0	0
93.0872	7	246.624
93.1873	5	176.16
93.2874	1	35.232
93.3875	6	211.392
93.4875	5	176.16
93.5877	6	211.392
93.6879	3	105.696
93.788	0	0
93.8881	0	0
93.9882	0	0
94.0883	0	0
94.1884	6	211.392
94.2885	4	140.928
94.3886	0	0
94.4887	0	0
94.5888	0	0
94.689	0	0
94.7891	0	0
94.8892	0	0
94.9893	0	0
95.0894	0	0
95.1895	0	0
95.2896	0	0
95.3898	0	0
95.4898	3	105.696
95.5899	4	140.928
95.69	2	70.464
95.7901	4	140.928
95.8903	4	140.928
95.9904	4	140.928
96.0905	4	140.928
96.1906	3	105.696
96.2907	2	70.464
96.3909	3	105.696
96.491	0	0
96.5911	4	140.928
96.6913	3	105.696
96.7914	0	0
96.8914	3	105.696
96.9915	4	140.928
97.0917	0	0
97.1918	0	0
97.2919	0	0
97.392	0	0
97.4921	0	0
97.5921	0	0
97.6923	0	0
97.7924	0	0
97.8925	0	0
97.9926	4	140.928
98.0927	2	70.464
98.1928	3	105.696
98.2929	3	105.696
98.393	2	70.464
98.4931	3	105.696
98.5932	2	70.464
98.6934	3	105.696
98.7935	3	105.696
98.8936	3	105.696
98.9936	1	35.232
99.0937	3	105.696
99.1938	3	105.696
99.2938	3	105.696
99.3939	2	70.464
99.494	3	105.696
99.5941	2	70.464
99.6942	3	105.696
99.7943	3	105.696
99.8944	4	140.928
99.9945	0	0
100.095	4	140.928
100.195	1	35.232
100.295	4	140.928
100.395	3	105.696
100.495	3	105.696
100.595	3	105.696
100.695	1	35.232
100.795	4	140.928
100.896	4	140.928
100.996	4	140.928
101.096	4	140.928
101.196	4	140.928
101.296	1	35.232
101.396	4	140.928
101.496	1	35.232
101.596	3	105.696
101.696	4	140.928
101.797	4	140.928
101.897	4	140.928
101.997	3	105.696
102.097	3	105.696
102.197	4	140.928
102.297	2	70.464
102.397	4	140.928
102.497	4	140.928
102.597	4	140.928
102.697	4	140.928
102.798	5	176.16
102.898	5	176.16
102.998	5	176.16
103.098	4	140.928
103.198	1	35.232
103.298	6	211.392
103.398	6	211.392
103.498	4	140.928
103.598	7	246.624
103.699	5	176.16
103.799	7	246.624
103.899	8	281.856
103.999	9	317.088
104.099	8	281.856
104.199	10	352.32
104.299	11	387.552
104.399	8	281.856
104.499	8	281.856
104.599	0	0
104.7	0	0
104.8	0	0
104.9	14	493.248
105	11	387.552
105.1	3	105.696
105.2	0	0
105.3	0	0
105.4	0	0
105.5	11	387.552
105.601	0	0
105.701	0	0
105.801	9	317.088
105.901	10	352.32
106.001	5	176.16
106.101	10	352.32
106.201	10	352.32
106.301	9	317.088
106.401	10	352.32
106.502	1	35.232
106.602	0	0
106.702	0	0
106.802	10	352.32
106.902	0	0
107.002	0	0
107.102	0	0
107.202	8	281.856
107.302	7	246.624
107.403	0	0
107.503	0	0
107.603	0	0
107.703	0	0
107.803	0	0
107.903	0	0
108.003	6	211.392
108.103	4	140.928
108.203	6	211.392
108.303	7	246.624
108.404	3	105.696
108.504	6	211.392
108.604	8	281.856
108.704	0	0
108.804	0	0
108.904	8	281.856
109.004	6	211.392
109.104	2	70.464
109.204	6	211.392
109.304	5	176.16
109.405	0	0
109.505	7	246.624
109.605	7	246.624
109.705	7	246.624
109.805	7	246.624
109.905	7	246.624
110.005	7	246.624
110.105	0	0
110.205	7	246.624
110.306	7	246.624
110.406	7	246.624
110.506	7	246.624
110.606	5	176.16
110.706	3	105.696
110.806	6	211.392
110.906	7	246.624
111.006	7	246.624
111.106	7	246.624
111.206	7	246.624
111.307	7	246.624
111.407	8	281.856
111.507	8	281.856
111.607	8	281.856
111.707	2	70.464
111.807	8	281.856
111.907	9	317.088
112.007	7	246.624
112.107	6	211.392
112.207	10	352.32
112.307	0	0
112.407	10	352.32
112.508	4	140.928
112.608	0	0
112.708	0	0
112.808	5	176.16
112.908	4	140.928
113.008	0	0
113.108	0	0
113.208	5	176.16
113.308	0	0
113.409	7	246.624
113.509	2	70.464
113.609	6	211.392
113.709	6	211.392
113.809	2	70.464
113.909	0	0
114.009	0	0
114.109	6	211.392
114.209	1	35.232
114.309	7	246.624
114.41	7	246.624
114.51	7	246.624
114.61	0	0
114.71	7	246.624
114.81	6	211.392
114.91	1	35.232
115.01	5	176.16
115.11	7	246.624
115.21	2	70.464
115.311	6	211.392
115.411	0	0
115.511	7	246.624
115.611	6	211.392
115.711	0	0
115.811	1	35.232
115.911	7	246.624
116.011	1	35.232
116.111	8	281.856
116.212	3	105.696
116.312	5	176.16
116.412	0	0
116.512	0	0
116.612	0	0
116.712	2	70.464
116.812	0	0
116.912	1	35.232
117.012	0	0
117.113	7	246.624
117.213	2	70.464
117.313	6	211.392
117.413	5	176.16
117.513	0	0
117.613	3	105.696
117.713	8	281.856
117.813	8	281.856
117.914	8	281.856
118.014	7	246.624
118.114	8	281.856
118.214	8	281.856
118.314	7	246.624
118.414	7	246.624
118.514	8	281.856
118.614	8	281.856
118.714	7	246.624
118.815	8	281.856
118.915	9	317.088
119.015	6	211.392
119.115	9	317.088
119.215	6	211.392
119.315	9	317.088
119.415	9	317.088
119.515	9	317.088
119.615	9	317.088
119.716	9	317.088
119.816	8	281.856
119.916	10	352.32
120.016	6	211.392
120.116	8	281.856
120.216	8	281.856
120.316	6	211.392
120.416	11	387.552
120.516	6	211.392
120.617	8	281.856
120.717	0	0
120.817	0	0
120.917	1	35.232
121.017	9	317.088
121.117	8	281.856
121.217	8	281.856
121.317	8	281.856
121.418	8	281.856
121.518	4	140.928
121.618	0	0
121.718	9	317.088
121.818	7	246.624
121.918	7	246.624
122.018	2	70.464
122.118	5	176.16
122.218	7	246.624
122.318	7	246.624
122.418	0	0
122.519	0	0
122.619	8	281.856
122.719	6	211.392
122.819	0	0
122.919	0	0
123.019	2	70.464
123.119	5	176.16
123.219	1	35.232
123.319	5	176.16
123.42	5	176.16
123.52	4	140.928
123.62	5	176.16
123.72	5	176.16
123.82	6	211.392
123.92	0	0
124.02	6	211.392
124.12	1	35.232
124.22	5	176.16
124.321	0	0
124.421	4	140.928
124.521	5	176.16
124.621	5	176.16
124.721	5	176.16
124.821	5	176.16
124.921	5	176.16
125.021	5	176.16
125.121	0	0
125.222	5	176.16
125.322	5	176.16
125.422	5	176.16
125.522	5	176.16
125.622	5	176.16
125.722	5	176.16
125.822	2	70.464
125.922	5	176.16
126.022	3	105.696
126.122	5	176.16
126.223	5	176.16
126.323	1	35.232
126.423	5	176.16
126.523	4	140.928
126.623	5	176.16
126.723	4	140.928
126.823	6	211.392
126.923	3	105.696
127.023	6	211.392
127.124	7	246.624
127.224	0	0
127.324	7	246.624
127.424	8	281.856
127.524	9	317.088
127.624	9	317.088
127.724	6	211.392
127.824	10	352.32
127.924	8	281.856
128.025	8	281.856
128.125	12	422.784
128.225	11	387.552
128.325	11	387.552
128.425	15	528.48
128.525	5	176.16
128.625	6	211.392
128.725	7	246.624
128.825	13	458.016
128.925	15	528.48
129.025	7	246.624
129.126	15	528.48
129.226	16	563.712
129.326	9	317.088
129.426	11	387.552
129.526	14	493.248
129.626	17	598.944
129.726	17	598.944
129.827	12	422.784
129.927	15	528.48
130.027	16	563.712
130.127	1	35.232
130.227	17	598.944
130.327	5	176.16
130.427	13	458.016
130.527	13	458.016
130.627	12	422.784
130.728	4	140.928
130.828	15	528.48
130.928	15	528.48
131.028	15	528.48
131.128	15	528.48
131.228	6	211.392
131.328	10	352.32
131.428	14	493.248
131.528	14	493.248
131.629	14	493.248
131.729	12	422.784
131.829	6	211.392
131.929	11	387.552
132.029	15	528.48
132.129	12	422.784
132.229	12	422.784
132.329	13	458.016
132.429	13	458.016
132.529	16	563.712
132.63	14	493.248
132.73	0	0
132.83	0	0
132.93	0	0
133.03	0	0
133.13	0	0
133.23	16	563.712
133.33	6	211.392
133.43	6	211.392
133.531	12	422.784
133.631	14	493.248
133.731	2	70.464
133.831	11	387.552
133.931	7	246.624
134.031	3	105.696
134.131	7	246.624
134.231	5	176.16
134.331	1	35.232
134.431	7	246.624
134.531	2	70.464
134.632	5	176.16
134.732	10	352.32
134.832	8	281.856
134.932	4	140.928
135.032	5	176.16
135.132	9	317.088
135.232	6	211.392
135.332	10	352.32
135.432	10	352.32
135.533	2	70.464
135.633	10	352.32
135.733	10	352.32
135.833	9	317.088
135.933	10	352.32
136.033	7	246.624
136.133	9	317.088
136.233	7	246.624
136.334	5	176.16
136.434	10	352.32
136.534	3	105.696
136.634	7	246.624
136.734	1	35.232
136.834	9	317.088
136.934	10	352.32
137.034	10	352.32
137.134	4	140.928
137.234	10	352.32
137.334	9	317.088
137.435	2	70.464
137.535	10	352.32
137.635	6	211.392
137.735	4	140.928
137.835	9	317.088
137.935	0	0
138.035	7	246.624
138.135	8	281.856
138.235	8	281.856
138.335	9	317.088
138.436	9	317.088
138.536	9	317.088
138.636	9	317.088
138.736	8	281.856
138.836	1	35.232
138.936	8	281.856
139.036	1	35.232
139.136	9	317.088
139.236	9	317.088
139.337	9	317.088
139.437	9	317.088
139.537	5	176.16
139.637	6	211.392
139.737	6	211.392
139.837	5	176.16
139.937	8	281.856
140.038	10	352.32
140.138	9	317.088
140.238	6	211.392
140.338	6	211.392
140.438	5	176.16
140.538	10	352.32
140.638	10	352.32
140.738	9	317.088
140.838	5	176.16
140.938	12	422.784
141.039	12	422.784
141.139	5	176.16
141.239	9	317.088
141.339	5	176.16
141.439	12	422.784
141.539	0	0
141.639	0	0
141.739	0	0
141.839	15	528.48
141.939	1	35.232
142.04	13	458.016
142.14	8	281.856
142.24	13	458.016
142.34	9	317.088
142.44	14	493.248
142.54	12	422.784
142.641	15	528.48
142.741	15	528.48
142.841	15	528.48
142.941	7	246.624
143.041	15	528.48
143.141	15	528.48
143.241	15	528.48
143.341	15	528.48
143.441	5	176.16
143.541	12	422.784
143.641	8	281.856
143.742	9	317.088
143.842	11	387.552
143.942	11	387.552
144.042	8	281.856
144.142	11	387.552
144.242	13	458.016
144.342	11	387.552
144.442	14	493.248
144.542	9	317.088
144.643	12	422.784
144.743	14	493.248
144.843	9	317.088
144.943	14	493.248
145.043	1	35.232
145.143	12	422.784
145.244	4	140.928
145.344	11	387.552
145.444	8	281.856
145.544	6	211.392
145.644	11	387.552
145.744	6	211.392
145.844	7	246.624
145.944	8	281.856
146.044	10	352.32
146.144	0	0
146.245	0	0
146.345	4	140.928
146.445	8	281.856
146.545	7	246.624
146.645	10	352.32
146.745	10	352.32
146.845	0	0
146.945	10	352.32
147.046	6	211.392
147.146	8	281.856
147.246	11	387.552
147.346	11	387.552
147.446	9	317.088
147.546	2	70.464
147.646	11	387.552
147.746	6	211.392
147.846	7	246.624
147.946	10	352.32
148.046	10	352.32
148.147	11	387.552
148.247	11	387.552
148.347	11	387.552
148.447	2	70.464
148.547	11	387.552
148.647	11	387.552
148.747	4	140.928
148.847	9	317.088
148.947	11	387.552
149.048	12	422.784
149.148	11	387.552
149.248	11	387.552
149.348	7	246.624
149.448	11	387.552
149.548	13	458.016
149.648	9	317.088
149.749	11	387.552
149.849	13	458.016
149.949	10	352.32
150.049	9	317.088
150.149	11	387.552
150.249	16	563.712
150.349	9	317.088
150.449	14	493.248
150.549	12	422.784
150.65	12	422.784
150.75	18	634.176
150.85	17	598.944
150.95	22	775.104
151.05	18	634.176
151.15	9	317.088
151.251	13	458.016
151.351	20	704.64
151.451	17	598.944
151.551	18	634.176
151.651	17	598.944
151.751	13	458.016
151.851	20	704.64
151.951	16	563.712
152.051	24	845.568
152.151	24	845.568
152.251	23	810.336
152.352	14	493.248
152.452	24	845.568
152.552	5	176.16
152.652	25	880.8
152.752	21	739.872
152.852	21	739.872
152.952	13	458.016
153.052	19	669.408
153.152	24	845.568
153.253	9	317.088
153.353	23	810.336
153.453	18	634.176
153.553	17	598.944
153.653	26	916.032
153.753	6	211.392
153.853	12	422.784
153.953	15	528.48
154.053	20	704.64
154.154	21	739.872
154.254	22	775.104
154.354	12	422.784
154.454	0	0
154.554	0	0
154.654	4	140.928
154.754	18	634.176
154.854	11	387.552
154.955	18	634.176
155.055	16	563.712
155.155	3	105.696
155.255	19	669.408
155.355	6	211.392
155.455	0	0
155.555	0	0
155.655	2	70.464
155.756	16	563.712
155.856	13	458.016
155.956	10	352.32
156.056	0	0
156.156	13	458.016
156.256	13	458.016
156.356	10	352.32
156.456	10	352.32
156.556	0	0
156.656	0	0
156.756	0	0
156.857	14	493.248
156.957	5	176.16
157.057	6	211.392
157.157	11	387.552
157.257	6	211.392
157.357	11	387.552
157.457	0	0
157.557	12	422.784
157.658	11	387.552
157.758	0	0
157.858	7	246.624
157.958	7	246.624
158.058	0	0
158.158	0	0
158.258	0	0
158.358	12	422.784
158.458	5	176.16
158.559	2	70.464
158.659	10	352.32
158.759	10	352.32
158.859	11	387.552
158.959	11	387.552
159.059	1	35.232
159.159	0	0
159.259	11	387.552
159.359	11	387.552
159.46	1	35.232
159.56	9	317.088
159.66	9	317.088
159.76	10	352.32
159.86	9	317.088
159.96	10	352.32
160.06	0	0
160.16	0	0
160.26	7	246.624
160.36	4	140.928
160.461	5	176.16
160.561	6	211.392
160.661	10	352.32
160.761	10	352.32
160.861	10	352.32
160.961	4	140.928
161.061	0	0
161.162	0	0
161.262	10	352.32
161.362	8	281.856
161.462	3	105.696
161.562	9	317.088
161.662	9	317.088
161.762	9	317.088
161.862	2	70.464
161.962	9	317.088
162.063	4	140.928
162.163	8	281.856
162.263	4	140.928
162.363	5	176.16
162.463	0	0
162.563	8	281.856
162.663	1	35.232
162.763	6	211.392
162.863	6	211.392
162.963	0	0
163.064	0	0
163.164	0	0
163.264	0	0
163.364	1	35.232
163.464	6	211.392
163.564	5	176.16
163.664	3	105.696
163.764	3	105.696
163.865	6	211.392
163.965	3	105.696
164.065	6	211.392
164.165	4	140.928
164.265	6	211.392
164.365	4	140.928
164.465	3	105.696
164.565	5	176.16
164.665	6	211.392
164.765	3	105.696
164.866	4	140.928
164.966	6	211.392
165.066	6	211.392
165.166	5	176.16
165.266	4	140.928
165.366	3	105.696
165.466	3	105.696
165.566	6	211.392
165.667	0	0
165.767	5	176.16
165.867	0	0
165.967	3	105.696
166.067	4	140.928
166.167	6	211.392
166.267	6	211.392
166.367	2	70.464
166.467	6	211.392
166.568	6	211.392
166.668	5	176.16
166.768	0	0
166.868	0	0
166.968	0	0
167.068	6	211.392
167.168	1	35.232
167.268	0	0
167.368	5	176.16
167.468	4	140.928
167.569	1	35.232
167.669	1	35.232
167.769	5	176.16
167.869	5	176.16
167.969	5	176.16
168.069	5	176.16
168.169	1	35.232
168.269	1	35.232
168.369	5	176.16
168.469	4	140.928
168.57	4	140.928
168.67	5	176.16
168.77	5	176.16
168.87	0	0
168.97	5	176.16
169.07	4	140.928
169.17	0	0
169.27	5	176.16
169.37	4	140.928
169.471	4	140.928
169.571	1	35.232
169.671	4	140.928
169.771	0	0
169.871	0	0
169.971	0	0
170.071	4	140.928
170.171	0	0
170.271	3	105.696
170.372	3	105.696
170.472	4	140.928
170.572	4	140.928
170.672	3	105.696
170.772	4	140.928
170.872	3	105.696
170.973	2	70.464
171.073	4	140.928
171.173	4	140.928
171.273	0	0
171.373	4	140.928
171.473	4	140.928
171.573	4	140.928
171.673	4	140.928
171.773	4	140.928
171.874	1	35.232
171.974	4	140.928
172.074	0	0
172.174	4	140.928
172.274	1	35.232
172.374	4	140.928
172.474	0	0
172.574	4	140.928
172.674	5	176.16
172.774	5	176.16
172.875	1	35.232
172.975	3	105.696
173.075	4	140.928
173.175	7	246.624
173.275	7	246.624
173.375	8	281.856
173.475	6	211.392
173.575	6	211.392
173.675	3	105.696
173.776	10	352.32
173.876	6	211.392
173.976	11	387.552
174.076	9	317.088
174.176	6	211.392
174.276	7	246.624
174.376	10	352.32
174.476	10	352.32
174.577	10	352.32
174.677	11	387.552
174.777	11	387.552
174.877	11	387.552
174.977	11	387.552
175.077	10	352.32
175.177	8	281.856
175.277	12	422.784
175.377	9	317.088
175.477	12	422.784
175.578	10	352.32
175.678	11	387.552
175.778	7	246.624
175.878	5	176.16
175.978	10	352.32
176.078	3	105.696
176.178	8	281.856
176.278	7	246.624
176.378	0	0
176.479	0	0
176.579	10	352.32
176.679	8	281.856
176.779	6	211.392
176.879	6	211.392
176.979	0	0
177.079	2	70.464
177.179	7	246.624
177.279	7	246.624
177.379	7	246.624
177.48	0	0
177.58	7	246.624
177.68	7	246.624
177.78	7	246.624
177.88	2	70.464
177.98	7	246.624
178.08	3	105.696
178.18	4	140.928
178.28	0	0
178.381	0	0
178.481	0	0
178.581	0	0
178.681	0	0
178.781	8	281.856
178.881	1	35.232
178.981	6	211.392
179.081	6	211.392
179.181	4	140.928
179.281	4	140.928
179.381	6	211.392
179.482	7	246.624
179.582	6	211.392
179.682	7	246.624
179.782	2	70.464
179.882	7	246.624
179.982	7	246.624
180.082	7	246.624
180.182	7	246.624
180.283	7	246.624
180.383	7	246.624
180.483	7	246.624
180.583	7	246.624
180.683	2	70.464
180.783	7	246.624
180.883	5	176.16
180.983	0	0
181.083	7	246.624
181.183	6	211.392
181.284	5	176.16
181.384	6	211.392
181.484	5	176.16
181.584	2	70.464
181.684	7	246.624
181.784	5	176.16
181.884	7	246.624
181.984	6	211.392
182.085	7	246.624
182.185	5	176.16
182.285	4	140.928
182.385	7	246.624
182.485	7	246.624
182.585	7	246.624
182.685	6	211.392
182.785	1	35.232
182.886	7	246.624
182.986	7	246.624
183.086	7	246.624
183.186	7	246.624
183.286	7	246.624
183.386	7	246.624
183.486	0	0
183.586	2	70.464
183.686	5	176.16
183.787	1	35.232
183.887	6	211.392
183.987	6	211.392
184.087	7	246.624
184.187	5	176.16
184.287	7	246.624
184.387	7	246.624
184.487	4	140.928
184.587	0	0
184.688	0	0
184.788	0	0
184.888	7	246.624
184.988	6	211.392
185.088	6	211.392
185.188	6	211.392
185.288	6	211.392
185.388	6	211.392
185.488	3	105.696
185.589	0	0
185.689	6	211.392
185.789	5	176.16
185.889	5	176.16
185.989	5	176.16
186.089	5	176.16
186.189	5	176.16
186.289	0	0
186.389	5	176.16
186.49	6	211.392
186.59	6	211.392
186.69	6	211.392
186.79	6	211.392
186.89	1	35.232
186.99	6	211.392
187.09	6	211.392
187.19	6	211.392
187.291	6	211.392
187.391	6	211.392
187.491	6	211.392
187.591	1	35.232
187.691	0	0
187.791	0	0
187.891	6	211.392
187.992	2	70.464
188.092	5	176.16
188.192	5	176.16
188.292	3	105.696
188.392	5	176.16
188.492	5	176.16
188.592	5	176.16
188.692	6	211.392
188.792	6	211.392
188.892	6	211.392
188.993	6	211.392
189.093	6	211.392
189.193	1	35.232
189.293	6	211.392
189.393	0	0
189.493	5	176.16
189.593	2	70.464
189.693	3	105.696
189.793	0	0
189.893	0	0
189.994	0	0
190.094	5	176.16
190.194	4	140.928
190.294	2	70.464
190.394	4	140.928
190.494	4	140.928
190.594	4	140.928
190.694	4	140.928
190.794	4	140.928
190.895	4	140.928
190.995	4	140.928
191.095	4	140.928
191.195	2	70.464
191.295	4	140.928
191.395	3	105.696
191.495	4	140.928
191.595	4	140.928
191.695	4	140.928
191.796	1	35.232
191.896	4	140.928
191.996	5	176.16
192.096	5	176.16
192.196	5	176.16
192.296	5	176.16
192.396	5	176.16
192.496	5	176.16
192.596	5	176.16
192.697	0	0
192.797	6	211.392
192.897	6	211.392
192.997	7	246.624
193.097	7	246.624
193.197	7	246.624
193.297	8	281.856
193.398	3	105.696
193.498	9	317.088
193.598	10	352.32
193.698	8	281.856
193.798	11	387.552
193.898	3	105.696
193.998	12	422.784
194.098	13	458.016
194.198	11	387.552
194.299	11	387.552
194.399	17	598.944
194.499	15	528.48
194.599	8	281.856
194.699	0	0
194.799	0	0
194.899	21	739.872
194.999	10	352.32
195.1	14	493.248
195.2	6	211.392
195.3	18	634.176
195.4	18	634.176
195.5	14	493.248
195.6	19	669.408
195.7	12	422.784
195.8	15	528.48
195.9	19	669.408
196.001	0	0
196.101	20	704.64
196.201	15	528.48
196.301	4	140.928
196.401	16	563.712
196.501	17	598.944
196.601	5	176.16
196.702	17	598.944
196.802	17	598.944
196.902	6	211.392
197.002	17	598.944
197.102	5	176.16
197.202	18	634.176
197.302	8	281.856
197.402	10	352.32
197.502	15	528.48
197.602	7	246.624
197.703	15	528.48
197.803	15	528.48
197.903	10	352.32
198.003	13	458.016
198.103	16	563.712
198.203	16	563.712
198.303	0	0
198.403	16	563.712
198.504	6	211.392
198.604	13	458.016
198.704	4	140.928
198.804	10	352.32
198.904	13	458.016
199.004	14	493.248
199.104	7	246.624
199.204	13	458.016
199.305	3	105.696
199.405	14	493.248
199.505	0	0
199.605	11	387.552
199.705	12	422.784
199.805	6	211.392
199.905	3	105.696
200.005	12	422.784
200.105	10	352.32
200.205	12	422.784
200.306	12	422.784
200.406	13	458.016
200.506	9	317.088
200.606	5	176.16
200.706	4	140.928
200.806	10	352.32
200.906	10	352.32
201.006	9	317.088
201.106	3	105.696
201.207	9	317.088
201.307	7	246.624
201.407	11	387.552
201.507	7	246.624
201.607	11	387.552
201.707	10	352.32
201.807	3	105.696
201.907	7	246.624
202.007	6	211.392
202.108	7	246.624
202.208	9	317.088
202.308	9	317.088
202.408	10	352.32
202.508	10	352.32
202.608	9	317.088
202.708	8	281.856
202.808	10	352.32
202.908	2	70.464
203.009	0	0
203.109	0	0
203.209	10	352.32
203.309	8	281.856
203.409	5	176.16
203.509	8	281.856
203.609	8	281.856
203.709	7	246.624
203.809	7	246.624
203.91	2	70.464
204.01	7	246.624
204.11	6	211.392
204.21	4	140.928
204.31	3	105.696
204.41	7	246.624
204.51	6	211.392
204.611	3	105.696
204.711	0	0
204.811	0	0
204.911	6	211.392
205.011	4	140.928
205.111	0	0
205.211	5	176.16
205.311	2	70.464
205.411	4	140.928
205.512	5	176.16
205.612	4	140.928
205.712	5	176.16
205.812	6	211.392
205.912	6	211.392
206.012	6	211.392
206.112	4	140.928
206.213	6	211.392
206.313	0	0
206.413	6	211.392
206.513	5	176.16
206.613	2	70.464
206.713	5	176.16
206.813	4	140.928
206.913	5	176.16
207.013	5	176.16
207.114	5	176.16
207.214	5	176.16
207.314	4	140.928
207.414	5	176.16
207.514	6	211.392
207.614	6	211.392
207.714	4	140.928
207.814	6	211.392
207.914	4	140.928
208.015	6	211.392
208.115	6	211.392
208.215	4	140.928
208.315	1	35.232
208.415	5	176.16
208.515	5	176.16
208.615	5	176.16
208.715	3	105.696
208.815	0	0
208.915	5	176.16
209.016	1	35.232
209.116	0	0
209.216	0	0
209.316	0	0
209.416	0	0
209.516	0	0
209.616	4	140.928
209.716	3	105.696
209.816	0	0
209.917	0	0
210.017	1	35.232
210.117	3	105.696
210.217	2	70.464
210.317	4	140.928
210.417	4	140.928
210.517	4	140.928
210.617	0	0
210.717	4	140.928
210.818	2	70.464
210.918	2	70.464
211.018	0	0
211.118	0	0
211.218	4	140.928
211.318	2	70.464
211.418	2	70.464
211.518	4	140.928
211.618	4	140.928
211.719	4	140.928
211.819	4	140.928
211.919	4	140.928
212.019	2	70.464
212.119	5	176.16
212.219	5	176.16
212.319	4	140.928
212.419	0	0
212.519	5	176.16
212.62	4	140.928
212.72	3	105.696
212.82	5	176.16
212.92	3	105.696
213.02	0	0
213.12	5	176.16
213.22	4	140.928
213.321	2	70.464
213.421	0	0
213.521	0	0
213.621	0	0
213.721	4	140.928
213.821	3	105.696
213.921	1	35.232
214.021	2	70.464
214.121	3	105.696
214.222	4	140.928
214.322	2	70.464
214.422	2	70.464
214.522	4	140.928
214.622	4	140.928
214.722	4	140.928
214.822	4	140.928
214.922	4	140.928
215.023	4	140.928
215.123	4	140.928
215.223	4	140.928
215.323	0	0
215.423	4	140.928
215.523	4	140.928
215.623	4	140.928
215.723	4	140.928
215.824	4	140.928
215.924	4	140.928
216.024	4	140.928
216.124	5	176.16
216.224	5	176.16
216.324	2	70.464
216.424	5	176.16
216.524	5	176.16
216.624	5	176.16
216.725	6	211.392
216.825	7	246.624
216.925	2	70.464
217.025	8	281.856
217.125	8	281.856
217.225	9	317.088
217.325	6	211.392
217.425	10	352.32
217.525	11	387.552
217.626	12	422.784
217.726	13	458.016
217.826	12	422.784
217.926	15	528.48
218.026	17	598.944
218.126	15	528.48
218.227	15	528.48
218.327	14	493.248
218.427	21	739.872
218.527	23	810.336
218.627	24	845.568
218.727	26	916.032
218.827	28	986.496
218.927	31	1092.19
219.027	15	528.48
219.127	34	1197.89
219.228	36	1268.35
219.328	38	1338.82
219.428	27	951.264
219.528	39	1374.05
219.628	42	1479.74
219.728	13	458.016
219.828	16	563.712
219.928	38	1338.82
220.028	42	1479.74
220.129	39	1374.05
220.229	33	1162.66
220.329	37	1303.58
220.429	45	1585.44
220.529	34	1197.89
220.629	35	1233.12
220.729	47	1655.9
220.829	13	458.016
220.929	28	986.496
221.029	23	810.336
221.13	38	1338.82
221.23	39	1374.05
221.33	27	951.264
221.43	33	1162.66
221.53	35	1233.12
221.63	41	1444.51
221.73	41	1444.51
221.83	39	1374.05
221.93	38	1338.82
222.031	4	140.928
222.131	42	1479.74
222.231	34	1197.89
222.331	35	1233.12
222.431	25	880.8
222.531	29	1021.73
222.632	34	1197.89
222.732	32	1127.42
222.832	36	1268.35
222.932	33	1162.66
223.032	31	1092.19
223.132	22	775.104
223.233	29	1021.73
223.333	21	739.872
223.433	28	986.496
223.533	31	1092.19
223.633	28	986.496
223.733	32	1127.42
223.833	32	1127.42
223.933	30	1056.96
224.033	18	634.176
224.134	33	1162.66
224.234	30	1056.96
224.334	33	1162.66
224.434	28	986.496
224.534	13	458.016
224.634	33	1162.66
224.734	28	986.496
224.834	33	1162.66
224.935	25	880.8
225.035	34	1197.89
225.135	34	1197.89
225.235	32	1127.42
225.335	30	1056.96
225.435	9	317.088
225.535	25	880.8
225.635	27	951.264
225.735	19	669.408
225.836	27	951.264
225.936	27	951.264
226.036	22	775.104
226.136	19	669.408
226.236	18	634.176
226.336	14	493.248
226.436	16	563.712
226.536	10	352.32
226.636	12	422.784
226.737	18	634.176
226.837	15	528.48
226.937	18	634.176
227.037	17	598.944
227.137	13	458.016
227.237	21	739.872
227.337	10	352.32
227.437	3	105.696
227.537	21	739.872
227.637	10	352.32
227.738	7	246.624
227.838	13	458.016
227.938	10	352.32
228.038	16	563.712
228.138	16	563.712
228.238	16	563.712
228.339	18	634.176
228.439	19	669.408
228.539	15	528.48
228.639	17	598.944
228.739	16	563.712
228.839	14	493.248
228.939	7	246.624
229.039	19	669.408
229.139	12	422.784
229.24	9	317.088
229.34	13	458.016
229.44	16	563.712
229.54	14	493.248
229.64	15	528.48
229.74	16	563.712
229.84	13	458.016
229.94	17	598.944
230.041	17	598.944
230.141	1	35.232
230.241	17	598.944
230.341	14	493.248
230.441	14	493.248
230.541	6	211.392
230.641	13	458.016
230.741	14	493.248
230.841	14	493.248
230.942	15	528.48
231.042	12	422.784
231.142	14	493.248
231.242	5	176.16
231.342	15	528.48
231.442	2	70.464
231.542	10	352.32
231.642	12	422.784
231.742	13	458.016
231.843	13	458.016
231.943	13	458.016
232.043	13	458.016
232.143	13	458.016
232.243	13	458.016
232.343	9	317.088
232.443	6	211.392
232.543	7	246.624
232.643	7	246.624
232.744	13	458.016
232.844	13	458.016
232.944	12	422.784
233.044	10	352.32
233.144	6	211.392
233.244	11	387.552
233.344	13	458.016
233.444	13	458.016
233.544	13	458.016
233.644	8	281.856
233.745	1	35.232
233.845	13	458.016
233.945	11	387.552
234.045	12	422.784
234.145	10	352.32
234.246	8	281.856
234.346	8	281.856
234.446	13	458.016
234.546	11	387.552
234.646	11	387.552
234.746	2	70.464
234.846	12	422.784
234.946	1	35.232
235.046	12	422.784
235.147	4	140.928
235.247	11	387.552
235.347	11	387.552
235.447	6	211.392
235.547	10	352.32
235.647	11	387.552
235.747	5	176.16
235.847	9	317.088
235.947	8	281.856
236.047	7	246.624
236.148	0	0
236.248	12	422.784
236.348	10	352.32
236.448	1	35.232
236.548	10	352.32
236.648	10	352.32
236.748	10	352.32
236.848	10	352.32
236.948	10	352.32
237.049	5	176.16
237.149	0	0
237.249	8	281.856
237.349	11	387.552
237.449	9	317.088
237.549	8	281.856
237.649	8	281.856
237.749	8	281.856
237.85	5	176.16
237.95	9	317.088
238.05	9	317.088
238.15	9	317.088
238.25	9	317.088
238.35	4	140.928
238.45	9	317.088
238.55	9	317.088
238.651	9	317.088
238.751	3	105.696
238.851	9	317.088
238.951	9	317.088
239.051	9	317.088
239.151	7	246.624
239.251	9	317.088
239.351	8	281.856
239.451	8	281.856
239.552	10	352.32
239.652	4	140.928
239.752	10	352.32
239.852	10	352.32
239.952	10	352.32
240.052	8	281.856
240.152	10	352.32
240.252	11	387.552
240.353	10	352.32
240.453	11	387.552
240.553	12	422.784
240.653	7	246.624
240.753	12	422.784
240.853	13	458.016
240.953	13	458.016
241.053	9	317.088
241.153	14	493.248
241.254	15	528.48
241.354	9	317.088
241.454	14	493.248
241.554	18	634.176
241.654	19	669.408
241.754	2	70.464
241.854	6	211.392
241.954	16	563.712
242.055	11	387.552
242.155	17	598.944
242.255	17	598.944
242.355	18	634.176
242.455	16	563.712
242.555	19	669.408
242.655	14	493.248
242.755	17	598.944
242.855	16	563.712
242.956	2	70.464
243.056	17	598.944
243.156	16	563.712
243.256	12	422.784
243.356	14	493.248
243.456	14	493.248
243.556	17	598.944
243.656	17	598.944
243.757	9	317.088
243.857	17	598.944
243.957	17	598.944
244.057	4	140.928
244.157	17	598.944
244.257	17	598.944
244.357	17	598.944
244.458	17	598.944
244.558	18	634.176
244.658	11	387.552
244.758	18	634.176
244.858	18	634.176
244.958	12	422.784
245.058	16	563.712
245.158	12	422.784
245.258	4	140.928
245.359	15	528.48
245.459	15	528.48
245.559	15	528.48
245.659	15	528.48
245.759	16	563.712
245.859	16	563.712
245.959	16	563.712
246.059	14	493.248
246.159	10	352.32
246.26	17	598.944
246.36	9	317.088
246.46	13	458.016
246.56	17	598.944
246.66	17	598.944
246.76	17	598.944
246.86	17	598.944
246.96	18	634.176
247.061	18	634.176
247.161	18	634.176
247.261	18	634.176
247.361	5	176.16
247.461	18	634.176
247.561	18	634.176
247.661	18	634.176
247.761	18	634.176
247.862	7	246.624
247.962	12	422.784
248.062	17	598.944
248.162	18	634.176
248.262	18	634.176
248.362	18	634.176
248.462	18	634.176
248.562	18	634.176
248.663	18	634.176
248.763	15	528.48
248.863	18	634.176
248.963	19	669.408
249.063	19	669.408
249.163	12	422.784
249.263	20	704.64
249.364	21	739.872
249.464	17	598.944
249.564	22	775.104
249.664	17	598.944
249.764	23	810.336
249.864	13	458.016
249.964	22	775.104
250.064	20	704.64
250.164	24	845.568
250.265	27	951.264
250.365	13	458.016
250.465	22	775.104
250.565	21	739.872
250.665	16	563.712
250.765	2	70.464
250.865	18	634.176
250.965	17	598.944
251.066	20	704.64
251.166	15	528.48
251.266	20	704.64
251.366	16	563.712
251.466	21	739.872
251.566	21	739.872
251.666	17	598.944
251.766	20	704.64
251.866	12	422.784
251.967	10	352.32
252.067	13	458.016
252.167	17	598.944
252.267	17	598.944
252.367	17	598.944
252.467	15	528.48
252.567	11	387.552
252.667	18	634.176
252.767	18	634.176
252.868	19	669.408
252.968	13	458.016
253.068	2	70.464
253.168	19	669.408
253.268	16	563.712
253.368	16	563.712
253.468	16	563.712
253.568	5	176.16
253.668	16	563.712
253.769	12	422.784
253.869	14	493.248
253.969	17	598.944
254.069	13	458.016
254.169	8	281.856
254.269	17	598.944
254.369	17	598.944
254.469	10	352.32
254.569	17	598.944
254.67	17	598.944
254.77	17	598.944
254.87	14	493.248
254.97	14	493.248
255.07	17	598.944
255.17	16	563.712
255.27	12	422.784
255.37	18	634.176
255.47	16	563.712
255.571	18	634.176
255.671	17	598.944
255.771	16	563.712
255.871	14	493.248
255.971	14	493.248
256.071	18	634.176
256.171	18	634.176
256.271	17	598.944
256.372	7	246.624
256.472	19	669.408
256.572	12	422.784
256.672	8	281.856
256.772	16	563.712
256.872	16	563.712
256.972	17	598.944
257.072	13	458.016
257.172	17	598.944
257.273	18	634.176
257.373	14	493.248
257.473	13	458.016
257.573	3	105.696
257.673	15	528.48
257.773	15	528.48
257.873	15	528.48
257.973	6	211.392
258.074	12	422.784
258.174	15	528.48
258.274	16	563.712
258.374	16	563.712
258.474	9	317.088
258.574	15	528.48
258.674	16	563.712
258.774	1	35.232
258.874	7	246.624
258.975	13	458.016
259.075	11	387.552
259.175	12	422.784
259.275	9	317.088
259.375	13	458.016
259.475	14	493.248
259.575	11	387.552
259.676	14	493.248
259.776	11	387.552
259.876	15	528.48
259.976	0	0
260.076	15	528.48
260.176	12	422.784
260.276	4	140.928
260.376	11	387.552
260.476	12	422.784
260.577	4	140.928
260.677	13	458.016
260.777	13	458.016
260.877	13	458.016
260.977	13	458.016
261.077	6	211.392
261.177	0	0
261.277	13	458.016
261.378	11	387.552
261.478	11	387.552
261.578	9	317.088
261.678	11	387.552
261.778	10	352.32
261.878	11	387.552
261.978	9	317.088
262.078	11	387.552
262.178	12	422.784
262.279	3	105.696
262.379	3	105.696
262.479	9	317.088
262.579	9	317.088
262.679	10	352.32
262.779	10	352.32
262.879	7	246.624
262.979	10	352.32
263.079	10	352.32
263.18	7	246.624
263.28	7	246.624
263.38	10	352.32
263.48	10	352.32
263.58	2	70.464
263.68	10	352.32
263.78	8	281.856
263.88	3	105.696
263.98	7	246.624
264.081	9	317.088
264.181	9	317.088
264.281	9	317.088
264.381	9	317.088
264.481	9	317.088
264.581	9	317.088
264.681	9	317.088
264.781	0	0
264.881	9	317.088
264.982	9	317.088
265.082	9	317.088
265.182	4	140.928
265.282	6	211.392
265.382	9	317.088
265.482	8	281.856
265.582	9	317.088
265.682	9	317.088
265.782	9	317.088
265.883	2	70.464
265.983	0	0
266.083	10	352.32
266.183	7	246.624
266.283	4	140.928
266.383	8	281.856
266.483	8	281.856
266.583	9	317.088
266.683	7	246.624
266.784	6	211.392
266.884	9	317.088
266.984	8	281.856
267.084	7	246.624
267.184	9	317.088
267.284	7	246.624
267.384	4	140.928
267.484	9	317.088
267.584	8	281.856
267.685	10	352.32
267.785	10	352.32
267.885	10	352.32
267.985	10	352.32
268.085	10	352.32
268.185	10	352.32
268.285	10	352.32
268.386	8	281.856
268.486	3	105.696
268.586	7	246.624
268.686	10	352.32
268.786	10	352.32
268.886	10	352.32
268.986	10	352.32
269.086	10	352.32
269.186	11	387.552
269.286	11	387.552
269.387	11	387.552
269.487	11	387.552
269.587	1	35.232
269.687	12	422.784
269.787	12	422.784
269.887	12	422.784
269.987	13	458.016
270.087	14	493.248
270.187	14	493.248
270.288	15	528.48
270.388	16	563.712
270.488	17	598.944
270.588	15	528.48
270.688	1	35.232
270.788	19	669.408
270.888	16	563.712
270.988	15	528.48
271.089	11	387.552
271.189	15	528.48
271.289	14	493.248
271.389	17	598.944
271.489	18	634.176
271.589	17	598.944
271.689	18	634.176
271.789	8	281.856
271.89	2	70.464
271.99	16	563.712
272.09	15	528.48
272.19	15	528.48
272.29	16	563.712
272.39	16	563.712
272.49	16	563.712
272.59	16	563.712
272.69	16	563.712
272.791	9	317.088
272.891	15	528.48
272.991	14	493.248
273.091	13	458.016
273.191	16	563.712
273.291	17	598.944
273.391	13	458.016
273.491	12	422.784
273.591	11	387.552
273.692	16	563.712
273.792	17	598.944
273.892	15	528.48
273.992	17	598.944
274.092	13	458.016
274.192	14	493.248
274.292	15	528.48
274.392	15	528.48
274.493	16	563.712
274.593	14	493.248
274.693	17	598.944
274.793	17	598.944
274.893	17	598.944
274.993	17	598.944
275.093	18	634.176
275.193	18	634.176
275.293	17	598.944
275.394	19	669.408
275.494	18	634.176
275.594	19	669.408
275.694	10	352.32
275.794	20	704.64
275.894	21	739.872
275.994	22	775.104
276.095	22	775.104
276.195	21	739.872
276.295	24	845.568
276.395	20	704.64
276.495	25	880.8
276.595	27	951.264
276.695	28	986.496
276.795	29	1021.73
276.895	27	951.264
276.996	29	1021.73
277.096	33	1162.66
277.196	30	1056.96
277.296	33	1162.66
277.396	32	1127.42
277.496	38	1338.82
277.596	34	1197.89
277.696	41	1444.51
277.797	23	810.336
277.897	43	1514.98
277.997	31	1092.19
278.097	49	1726.37
278.197	33	1162.66
278.297	53	1867.3
278.398	16	563.712
278.498	58	2043.46
278.598	8	281.856
278.698	52	1832.06
278.798	22	775.104
278.898	43	1514.98
278.998	28	986.496
279.098	37	1303.58
279.198	33	1162.66
279.298	39	1374.05
279.399	34	1197.89
279.499	13	458.016
279.599	22	775.104
279.699	1	35.232
279.799	47	1655.9
279.899	45	1585.44
280	27	951.264
280.1	24	845.568
280.2	36	1268.35
280.3	49	1726.37
280.4	47	1655.9
280.5	45	1585.44
280.6	38	1338.82
280.701	44	1550.21
280.801	39	1374.05
280.901	7	246.624
281.001	53	1867.3
281.101	46	1620.67
281.201	44	1550.21
281.301	43	1514.98
281.402	41	1444.51
281.502	28	986.496
281.602	55	1937.76
281.702	25	880.8
281.802	43	1514.98
281.902	51	1796.83
282.002	40	1409.28
282.103	52	1832.06
282.203	19	669.408
282.303	47	1655.9
282.403	21	739.872
282.503	49	1726.37
282.603	25	880.8
282.703	43	1514.98
282.803	55	1937.76
282.903	31	1092.19
283.004	42	1479.74
283.104	29	1021.73
283.204	49	1726.37
283.304	46	1620.67
283.404	39	1374.05
283.504	36	1268.35
283.604	49	1726.37
283.704	16	563.712
283.804	47	1655.9
283.904	43	1514.98
284.004	37	1303.58
284.104	34	1197.89
284.204	14	493.248
284.304	58	2043.46
284.404	16	563.712
284.504	28	986.496
284.605	24	845.568
284.705	39	1374.05
284.805	18	634.176
284.905	32	1127.42
285.005	50	1761.6
285.105	29	1021.73
285.205	32	1127.42
285.305	52	1832.06
285.405	41	1444.51
285.506	36	1268.35
285.606	47	1655.9
285.706	33	1162.66
285.806	50	1761.6
285.906	17	598.944
286.006	11	387.552
286.106	19	669.408
286.206	46	1620.67
286.306	47	1655.9
286.406	11	387.552
286.507	48	1691.14
286.607	22	775.104
286.707	49	1726.37
286.807	34	1197.89
286.907	44	1550.21
287.007	47	1655.9
287.107	36	1268.35
287.208	33	1162.66
287.308	36	1268.35
287.408	37	1303.58
287.508	47	1655.9
287.608	49	1726.37
287.708	21	739.872
287.808	51	1796.83
287.908	49	1726.37
288.008	30	1056.96
288.108	23	810.336
288.208	51	1796.83
288.309	30	1056.96
288.409	42	1479.74
288.509	43	1514.98
288.609	31	1092.19
288.709	37	1303.58
288.809	29	1021.73
288.909	43	1514.98
289.009	20	704.64
289.109	42	1479.74
289.21	36	1268.35
289.31	45	1585.44
289.41	12	422.784
289.51	44	1550.21
289.61	46	1620.67
289.71	6	211.392
289.81	46	1620.67
289.91	37	1303.58
290.01	37	1303.58
290.111	30	1056.96
290.211	18	634.176
290.311	39	1374.05
290.411	19	669.408
290.511	35	1233.12
290.611	32	1127.42
290.711	39	1374.05
290.811	24	845.568
290.911	31	1092.19
291.011	27	951.264
291.111	41	1444.51
291.212	25	880.8
291.312	41	1444.51
291.412	17	598.944
291.512	39	1374.05
291.612	37	1303.58
291.712	27	951.264
291.812	31	1092.19
291.912	36	1268.35
292.013	39	1374.05
292.113	32	1127.42
292.213	36	1268.35
292.313	32	1127.42
292.413	41	1444.51
292.513	33	1162.66
292.613	41	1444.51
292.713	27	951.264
292.814	39	1374.05
292.914	40	1409.28
293.014	28	986.496
293.114	34	1197.89
293.215	38	1338.82
293.315	40	1409.28
293.415	42	1479.74
293.515	41	1444.51
293.615	41	1444.51
293.715	19	669.408
293.816	41	1444.51
293.916	28	986.496
294.016	29	1021.73
294.116	44	1550.21
294.216	36	1268.35
294.316	45	1585.44
294.416	43	1514.98
294.517	28	986.496
294.617	39	1374.05
294.717	40	1409.28
294.817	30	1056.96
294.917	45	1585.44
295.017	29	1021.73
295.117	36	1268.35
295.217	51	1796.83
295.317	49	1726.37
295.417	55	1937.76
295.517	42	1479.74
295.617	49	1726.37
