time	pps	kbps
0.10011	0	0
0.200228	1	35.232
0.30035	2	70.464
0.400471	4	140.928
0.500592	8	281.856
0.600665	5	176.16
0.700746	15	528.48
0.80086	9	317.088
0.901051	10	352.32
1.00117	9	317.088
1.10123	14	493.248
1.20127	6	211.392
1.30131	9	317.088
1.40142	3	105.696
1.50148	7	246.624
1.60155	16	563.712
1.70167	4	140.928
1.8018	0	0
1.90188	12	422.784
2.00198	5	176.16
2.10205	6	211.392
2.20217	12	422.784
2.30228	5	176.16
2.4024	3	105.696
2.50247	7	246.624
2.6025	12	422.784
2.7026	2	70.464
2.80267	6	211.392
2.90276	2	70.464
3.00288	2	70.464
3.103	18	634.176
3.20312	2	70.464
3.30324	10	352.32
3.40344	12	422.784
3.50356	16	563.712
3.60362	11	387.552
3.70367	3	105.696
3.80373	9	317.088
3.90382	6	211.392
4.00387	4	140.928
4.10399	10	352.32
4.20411	3	105.696
4.3042	21	739.872
4.40428	2	70.464
4.50441	4	140.928
4.60454	9	317.088
4.70466	4	140.928
4.80476	11	387.552
4.90487	19	669.408
5.00494	17	598.944
5.10506	2	70.464
5.20518	1	35.232
5.30522	29	1021.73
5.40531	3	105.696
5.5054	2	70.464
5.6055	7	246.624
5.7056	31	1092.19
5.80573	15	528.48
5.9058	2	70.464
6.00587	0	0
6.10599	27	951.264
6.20612	10	352.32
6.30624	0	0
6.4064	21	739.872
6.50648	17	598.944
6.60653	6	211.392
6.70659	12	422.784
6.8067	3	105.696
6.90676	69	2431.01
7.00681	51	1796.83
7.10692	0	0
7.20702	1	35.232
7.30712	0	0
7.40721	0	0
7.50728	1	35.232
7.60733	125	4404
7.70743	2	70.464
7.80755	0	0
7.90763	1	35.232
8.00771	0	0
8.10784	97	3417.5
8.20789	45	1585.44
8.308	0	0
8.4081	1	35.232
8.50816	60	2113.92
8.60821	99	3487.97
8.7083	41	1444.51
8.80835	1	35.232
8.90839	0	0
9.00845	167	5883.74
9.10851	3	105.696
9.20858	0	0
9.30861	1	35.232
9.40869	0	0
9.50878	0	0
9.60889	73	2571.94
9.70901	109	3840.29
9.80911	10	352.32
9.90918	1	35.232
10.0092	1	35.232
10.1092	73	2571.94
10.2093	6	211.392
10.3094	0	0
10.4095	0	0
10.5095	82	2889.02
10.6096	2	70.464
10.7097	0	0
10.8098	21	739.872
10.9099	67	2360.54
11.01	89	3135.65
11.1101	3	105.696
11.2102	2	70.464
11.3102	92	3241.34
11.4103	4	140.928
11.5103	0	0
11.6104	93	3276.58
11.7104	15	528.48
11.8105	14	493.248
11.9106	92	3241.34
12.0107	5	176.16
12.1108	92	3241.34
12.2109	6	211.392
12.311	3	105.696
12.411	90	3170.88
12.5112	9	317.088
12.6112	93	3276.58
12.7113	38	1338.82
12.8113	10	352.32
12.9114	41	1444.51
13.0114	39	1374.05
13.1115	45	1585.44
13.2115	34	1197.89
13.3116	31	1092.19
13.4117	40	1409.28
13.5118	47	1655.9
13.6119	47	1655.9
13.7119	47	1655.9
13.812	28	986.496
13.9121	47	1655.9
14.0122	27	951.264
14.1123	47	1655.9
14.2124	33	1162.66
14.3125	33	1162.66
14.4125	43	1514.98
14.5126	44	1550.21
14.6126	40	1409.28
14.7126	47	1655.9
14.8126	28	986.496
14.9127	46	1620.67
15.0128	47	1655.9
15.1128	18	634.176
15.2129	47	1655.9
15.3129	43	1514.98
15.413	47	1655.9
15.513	44	1550.21
15.6131	45	1585.44
15.7131	47	1655.9
15.8132	32	1127.42
15.9132	47	1655.9
16.0133	23	810.336
16.1134	33	1162.66
16.2134	47	1655.9
16.3135	52	1832.06
16.4136	35	1233.12
16.5136	69	2431.01
16.6137	76	2677.63
16.7137	73	2571.94
16.8138	71	2501.47
16.914	81	2853.79
17.014	112	3945.98
17.1141	99	3487.97
17.2141	61	2149.15
17.3143	134	4721.09
17.4143	122	4298.3
17.5143	124	4368.77
17.6143	168	5918.98
17.7144	131	4615.39
17.8146	174	6130.37
17.9146	147	5179.1
18.0146	165	5813.28
18.1147	75	2642.4
18.2147	148	5214.34
18.3147	99	3487.97
18.4148	41	1444.51
18.5148	32	1127.42
18.6149	59	2078.69
18.7149	42	1479.74
18.8151	13	458.016
18.9151	46	1620.67
19.0152	59	2078.69
19.1153	88	3100.42
19.2154	60	2113.92
19.3154	56	1972.99
19.4156	32	1127.42
19.5157	48	1691.14
19.6157	69	2431.01
19.7158	31	1092.19
19.8158	71	2501.47
19.9159	38	1338.82
20.016	55	1937.76
20.116	41	1444.51
20.2161	33	1162.66
20.3162	51	1796.83
20.4163	13	458.016
20.5163	45	1585.44
20.6163	57	2008.22
20.7164	28	986.496
20.8164	18	634.176
20.9164	54	1902.53
21.0165	9	317.088
21.1166	51	1796.83
21.2166	47	1655.9
21.3167	45	1585.44
21.4167	39	1374.05
21.5168	38	1338.82
21.6168	30	1056.96
21.7169	28	986.496
21.8169	29	1021.73
21.9169	33	1162.66
22.017	18	634.176
22.117	19	669.408
22.2171	33	1162.66
22.3172	22	775.104
22.4172	46	1620.67
22.5173	21	739.872
22.6173	32	1127.42
22.7174	36	1268.35
22.8174	19	669.408
22.9175	32	1127.42
23.0175	52	1832.06
23.1176	36	1268.35
23.2177	25	880.8
23.3177	25	880.8
23.4178	32	1127.42
23.5179	15	528.48
23.6179	22	775.104
23.718	14	493.248
23.818	22	775.104
23.9181	11	387.552
24.0182	29	1021.73
24.1182	26	916.032
24.2183	21	739.872
24.3183	27	951.264
24.4184	19	669.408
24.5184	13	458.016
24.6185	22	775.104
24.7185	25	880.8
24.8185	26	916.032
24.9186	21	739.872
25.0186	19	669.408
25.1187	29	1021.73
25.2187	18	634.176
25.3188	14	493.248
25.4188	24	845.568
25.5189	18	634.176
25.619	31	1092.19
25.719	31	1092.19
25.8191	24	845.568
25.9191	13	458.016
26.0192	31	1092.19
26.1192	30	1056.96
26.2192	31	1092.19
26.3193	31	1092.19
26.4194	31	1092.19
26.5194	29	1021.73
26.6194	23	810.336
26.7195	22	775.104
26.8195	31	1092.19
26.9195	21	739.872
27.0196	0	0
27.1196	12	422.784
27.2197	19	669.408
27.3197	6	211.392
27.4197	14	493.248
27.5198	3	105.696
27.6198	15	528.48
27.7199	1	35.232
27.8199	15	528.48
27.9199	3	105.696
28.02	14	493.248
28.12	7	246.624
28.22	13	458.016
28.3201	0	0
28.4201	0	0
28.5201	0	0
28.6202	15	528.48
28.7202	9	317.088
28.8203	7	246.624
28.9203	10	352.32
29.0203	15	528.48
29.1204	21	739.872
29.2204	2	70.464
29.3204	7	246.624
29.4205	21	739.872
29.5205	5	176.16
29.6206	20	704.64
29.7206	0	0
29.8207	0	0
29.9207	0	0
30.0207	0	0
30.1208	23	810.336
30.2208	28	986.496
30.3209	21	739.872
30.4209	20	704.64
30.521	0	0
30.621	0	0
30.7211	0	0
30.8211	24	845.568
30.9211	1	35.232
31.0212	3	105.696
31.1212	15	528.48
31.2212	4	140.928
31.3213	6	211.392
31.4213	0	0
31.5214	0	0
31.6214	0	0
31.7215	8	281.856
31.8215	17	598.944
31.9216	0	0
32.0216	19	669.408
32.1217	21	739.872
32.2218	6	211.392
32.3218	10	352.32
32.4219	16	563.712
32.522	1	35.232
32.6221	0	0
32.7222	0	0
32.8222	0	0
32.9223	12	422.784
33.0223	23	810.336
33.1224	2	70.464
33.2225	22	775.104
33.3226	8	281.856
33.4227	0	0
33.5227	6	211.392
33.6228	1	35.232
33.7229	12	422.784
33.823	16	563.712
33.923	25	880.8
34.0232	13	458.016
34.1232	5	176.16
34.2233	23	810.336
34.3234	22	775.104
34.4234	25	880.8
34.5235	25	880.8
34.6235	18	634.176
34.7236	23	810.336
34.8237	5	176.16
34.9238	4	140.928
35.0239	13	458.016
35.1241	10	352.32
35.2241	20	704.64
35.3242	25	880.8
35.4242	22	775.104
35.5243	19	669.408
35.6243	22	775.104
35.7244	24	845.568
35.8244	23	810.336
35.9245	12	422.784
36.0245	0	0
36.1246	26	916.032
36.2247	29	1021.73
36.3248	18	634.176
36.4248	20	704.64
36.5249	16	563.712
36.625	48	1691.14
36.725	0	0
36.8251	58	2043.46
36.9251	5	176.16
37.0252	28	986.496
37.1253	72	2536.7
37.2253	0	0
37.3254	49	1726.37
37.4254	31	1092.19
37.5257	56	1972.99
37.6257	3	105.696
37.7258	62	2184.38
37.8258	69	2431.01
37.9259	43	1514.98
38.026	24	845.568
38.126	28	986.496
38.2261	19	669.408
38.3261	26	916.032
38.4262	0	0
38.5262	44	1550.21
38.6263	53	1867.3
38.7264	1	35.232
38.8265	17	598.944
38.9266	18	634.176
39.0267	20	704.64
39.1267	11	387.552
39.2268	11	387.552
39.3268	4	140.928
39.4269	0	0
39.527	0	0
39.627	2	70.464
39.7271	26	916.032
39.8271	3	105.696
39.9272	12	422.784
40.0272	2	70.464
40.1273	15	528.48
40.2274	3	105.696
40.3274	4	140.928
40.4275	0	0
40.5275	31	1092.19
40.6276	9	317.088
40.7276	9	317.088
40.8277	2	70.464
40.9278	8	281.856
41.0278	14	493.248
41.1279	29	1021.73
41.228	31	1092.19
41.328	0	0
41.4281	26	916.032
41.5282	11	387.552
41.6282	22	775.104
41.7283	31	1092.19
41.8283	24	845.568
41.9284	13	458.016
42.0285	33	1162.66
42.1286	33	1162.66
42.2287	33	1162.66
42.3288	20	704.64
42.4289	23	810.336
42.529	25	880.8
42.6291	0	0
42.7292	0	0
42.8293	0	0
42.9294	0	0
43.0295	33	1162.66
43.1296	15	528.48
43.2297	8	281.856
43.3298	13	458.016
43.4298	15	528.48
43.5299	15	528.48
43.63	12	422.784
43.7301	12	422.784
43.8302	13	458.016
43.9302	16	563.712
44.0303	6	211.392
44.1304	16	563.712
44.2305	2	70.464
44.3307	0	0
44.4308	9	317.088
44.5309	0	0
44.631	0	0
44.7311	0	0
44.8313	0	0
44.9314	3	105.696
45.0314	0	0
45.1315	10	352.32
45.2316	9	317.088
45.3317	1	35.232
45.4318	7	246.624
45.532	11	387.552
45.6321	2	70.464
45.7322	0	0
45.8323	19	669.408
45.9325	12	422.784
46.0325	4	140.928
46.1326	18	634.176
46.2327	0	0
46.3328	14	493.248
46.4329	0	0
46.5334	14	493.248
46.6335	0	0
46.7337	0	0
46.8338	7	246.624
46.9339	7	246.624
47.0339	0	0
47.134	0	0
47.2342	14	493.248
47.3342	4	140.928
47.4344	2	70.464
47.5345	19	669.408
47.6346	1	35.232
47.7347	0	0
47.8348	0	0
47.9349	0	0
48.0349	12	422.784
48.1351	7	246.624
48.2352	13	458.016
48.3352	19	669.408
48.4353	0	0
48.5354	3	105.696
48.6355	7	246.624
48.7356	7	246.624
48.8358	0	0
48.9358	0	0
49.036	0	0
49.1361	15	528.48
49.2362	0	0
49.3363	0	0
49.4364	0	0
49.5365	0	0
49.6367	3	105.696
49.7368	4	140.928
49.8368	1	35.232
49.9369	10	352.32
50.037	0	0
50.1371	25	880.8
50.2373	2	70.464
50.3374	22	775.104
50.4375	15	528.48
50.5379	15	528.48
50.638	0	0
50.7381	0	0
50.8382	0	0
50.9383	15	528.48
51.0384	15	528.48
51.1385	9	317.088
51.2386	0	0
51.3387	15	528.48
51.4388	7	246.624
51.5389	15	528.48
51.639	0	0
51.7391	26	916.032
51.8392	3	105.696
51.9393	0	0
52.0394	0	0
52.1395	0	0
52.2397	3	105.696
52.3398	19	669.408
52.4399	2	70.464
52.54	1	35.232
52.6401	1	35.232
52.7402	23	810.336
52.8403	15	528.48
52.9405	6	211.392
53.0405	11	387.552
53.1406	6	211.392
53.2407	24	845.568
53.3408	6	211.392
53.4409	17	598.944
53.541	4	140.928
53.6411	10	352.32
53.7412	11	387.552
53.8413	8	281.856
53.9414	18	634.176
54.0419	7	246.624
54.1419	13	458.016
54.242	3	105.696
54.3421	21	739.872
54.4422	0	0
54.5424	28	986.496
54.6425	27	951.264
54.7426	2	70.464
54.8427	23	810.336
54.9431	25	880.8
55.0431	19	669.408
55.1432	5	176.16
55.2433	21	739.872
55.3434	10	352.32
55.4435	2	70.464
55.5436	18	634.176
55.6437	59	2078.69
55.7438	0	0
55.8438	48	1691.14
55.9439	23	810.336
56.044	0	0
56.1441	22	775.104
56.2442	20	704.64
56.3443	0	0
56.4444	5	176.16
56.5445	6	211.392
56.6446	0	0
56.7447	28	986.496
56.8449	8	281.856
56.9449	16	563.712
57.045	23	810.336
57.1451	23	810.336
57.2452	26	916.032
57.3453	0	0
57.4454	31	1092.19
57.5455	1	35.232
57.6457	52	1832.06
57.7458	6	211.392
57.8458	58	2043.46
57.9459	21	739.872
58.046	1	35.232
58.1461	22	775.104
58.2462	55	1937.76
58.3463	29	1021.73
58.4464	0	0
58.5466	1	35.232
58.6467	27	951.264
58.7467	13	458.016
58.8468	22	775.104
58.9469	11	387.552
59.047	15	528.48
59.1471	38	1338.82
59.2472	7	246.624
59.3473	19	669.408
59.4474	18	634.176
59.5475	3	105.696
59.6476	9	317.088
59.7477	15	528.48
59.8478	22	775.104
59.948	20	704.64
60.0481	16	563.712
60.1482	14	493.248
60.2483	15	528.48
60.3484	23	810.336
60.4485	19	669.408
60.5486	20	704.64
60.6487	16	563.712
60.7489	7	246.624
60.8489	7	246.624
60.949	21	739.872
61.0491	21	739.872
61.1492	14	493.248
61.2493	15	528.48
61.3494	35	1233.12
61.4495	19	669.408
61.5496	9	317.088
61.6497	0	0
61.7498	7	246.624
61.8499	20	704.64
61.95	0	0
62.0501	13	458.016
62.1502	22	775.104
62.2503	9	317.088
62.3504	12	422.784
62.4505	11	387.552
62.5506	1	35.232
62.6507	7	246.624
62.7508	28	986.496
62.851	0	0
62.9511	0	0
63.0512	1	35.232
63.1512	24	845.568
63.2513	7	246.624
63.3515	7	246.624
63.4516	4	140.928
63.5517	0	0
63.6518	2	70.464
63.752	0	0
63.8521	10	352.32
63.9522	0	0
64.0523	22	775.104
64.1524	0	0
64.2525	2	70.464
64.3526	0	0
64.4527	6	211.392
64.5528	21	739.872
64.6529	0	0
64.753	6	211.392
64.8531	0	0
64.9532	0	0
65.0533	2	70.464
65.1534	0	0
65.2535	14	493.248
65.3537	0	0
65.4537	1	35.232
65.5539	13	458.016
65.654	3	105.696
65.7541	26	916.032
65.8542	0	0
65.9543	0	0
66.0544	0	0
66.1545	20	704.64
66.2546	13	458.016
66.3547	9	317.088
66.4548	15	528.48
66.555	32	1127.42
66.6551	1	35.232
66.7553	14	493.248
66.8553	6	211.392
66.9555	10	352.32
67.0556	32	1127.42
67.1557	2	70.464
67.2558	18	634.176
67.3559	3	105.696
67.456	11	387.552
67.5561	14	493.248
67.6561	20	704.64
67.7562	17	598.944
67.8562	25	880.8
67.9563	9	317.088
68.0564	22	775.104
68.1564	16	563.712
68.2565	4	140.928
68.3566	24	845.568
68.4567	3	105.696
68.5568	33	1162.66
68.657	1	35.232
68.757	13	458.016
68.8572	33	1162.66
68.9573	1	35.232
69.0574	33	1162.66
69.1575	32	1127.42
69.2576	13	458.016
69.3577	16	563.712
69.4578	21	739.872
69.5579	0	0
69.658	8	281.856
69.7581	0	0
69.8582	0	0
69.9583	0	0
70.0584	0	0
70.1585	0	0
70.2586	0	0
70.3587	23	810.336
70.4588	11	387.552
70.5589	14	493.248
70.659	7	246.624
70.7592	15	528.48
70.8592	8	281.856
70.9593	9	317.088
71.0594	15	528.48
71.1595	16	563.712
71.2596	5	176.16
71.3597	11	387.552
71.4598	7	246.624
71.56	9	317.088
71.6601	15	528.48
71.7601	16	563.712
71.8602	10	352.32
71.9603	12	422.784
72.0604	16	563.712
72.1605	2	70.464
72.2606	16	563.712
72.3609	8	281.856
72.461	11	387.552
72.5611	16	563.712
72.6612	2	70.464
72.7613	4	140.928
72.8614	12	422.784
72.9615	5	176.16
73.0616	1	35.232
73.1617	0	0
73.2618	0	0
73.3619	4	140.928
73.462	8	281.856
73.5621	1	35.232
73.6622	14	493.248
73.7623	5	176.16
73.8624	16	563.712
73.9626	12	422.784
74.0626	11	387.552
74.1627	16	563.712
74.2629	6	211.392
74.363	17	598.944
74.4631	15	528.48
74.5632	46	1620.67
74.6633	8	281.856
74.7634	45	1585.44
74.8634	18	634.176
74.9635	5	176.16
75.0637	2	70.464
75.1638	0	0
75.2639	24	845.568
75.3641	14	493.248
75.4641	7	246.624
75.5642	0	0
75.6644	16	563.712
75.7645	3	105.696
75.8645	17	598.944
75.9647	0	0
76.0648	0	0
76.1651	3	105.696
76.2652	20	704.64
76.3653	9	317.088
76.4654	0	0
76.5656	0	0
76.6657	11	387.552
76.7658	0	0
76.8659	5	176.16
76.966	3	105.696
77.0662	0	0
77.1663	0	0
77.2663	0	0
77.3665	0	0
77.4665	25	880.8
77.5666	2	70.464
77.6667	2	70.464
77.7668	14	493.248
77.8669	17	598.944
77.967	1	35.232
78.0671	8	281.856
78.1672	10	352.32
78.2673	0	0
78.3674	18	634.176
78.4676	3	105.696
78.5677	9	317.088
78.6678	13	458.016
78.768	3	105.696
78.8681	0	0
78.9682	0	0
79.0683	18	634.176
79.1684	3	105.696
79.2685	14	493.248
79.3686	18	634.176
79.4688	6	211.392
79.5689	13	458.016
79.669	5	176.16
79.7691	18	634.176
79.8692	13	458.016
79.9694	9	317.088
80.0695	16	563.712
80.1696	10	352.32
80.2697	18	634.176
80.3698	8	281.856
80.4699	1	35.232
80.57	13	458.016
80.6702	6	211.392
80.7707	14	493.248
80.8708	14	493.248
80.9709	2	70.464
81.0709	11	387.552
81.1711	13	458.016
81.2712	14	493.248
81.3713	0	0
81.4714	17	598.944
81.5715	14	493.248
81.6715	3	105.696
81.7716	4	140.928
81.8717	11	387.552
81.9717	17	598.944
82.0718	0	0
82.172	18	634.176
82.2721	18	634.176
82.3722	6	211.392
82.4723	0	0
82.5724	0	0
82.6725	0	0
82.7726	0	0
82.8728	1	35.232
82.9729	17	598.944
83.073	0	0
83.1731	7	246.624
83.2732	14	493.248
83.3733	4	140.928
83.4734	15	528.48
83.5735	11	387.552
83.6737	14	493.248
83.7738	11	387.552
83.8739	17	598.944
83.974	20	704.64
84.0741	5	176.16
84.1742	24	845.568
84.2743	18	634.176
84.3744	20	704.64
84.4745	5	176.16
84.5746	24	845.568
84.6747	13	458.016
84.7748	0	0
84.8749	2	70.464
84.975	17	598.944
85.075	17	598.944
85.1751	19	669.408
85.2753	2	70.464
85.3754	6	211.392
85.4758	22	775.104
85.5759	17	598.944
85.676	0	0
85.7761	30	1056.96
85.8762	16	563.712
85.9763	0	0
86.0764	0	0
86.1765	0	0
86.2766	19	669.408
86.3767	16	563.712
86.4768	7	246.624
86.5769	12	422.784
86.6771	11	387.552
86.7772	23	810.336
86.8773	23	810.336
86.9774	21	739.872
87.0776	14	493.248
87.1779	29	1021.73
87.278	30	1056.96
87.3781	35	1233.12
87.4782	13	458.016
87.5783	5	176.16
87.6784	3	105.696
87.7785	4	140.928
87.8786	18	634.176
87.9787	26	916.032
88.0788	10	352.32
88.1789	15	528.48
88.279	0	0
88.3791	2	70.464
88.4792	15	528.48
88.5793	16	563.712
88.6794	18	634.176
88.7795	3	105.696
88.8796	23	810.336
88.9797	21	739.872
89.0798	0	0
89.1799	0	0
89.2801	4	140.928
89.3801	18	634.176
89.4802	19	669.408
89.5803	14	493.248
89.6804	4	140.928
89.7805	28	986.496
89.8806	0	0
89.9807	15	528.48
90.0809	0	0
90.181	7	246.624
90.281	3	105.696
90.3811	21	739.872
90.4813	11	387.552
90.5814	3	105.696
90.6815	16	563.712
90.7816	0	0
90.8817	7	246.624
90.9819	5	176.16
91.0819	20	704.64
91.182	17	598.944
91.2821	5	176.16
91.3823	0	0
91.4824	15	528.48
91.5825	25	880.8
91.6826	15	528.48
91.7827	21	739.872
91.8828	10	352.32
91.9832	25	880.8
92.0833	27	951.264
92.1834	20	704.64
92.2835	10	352.32
92.3836	33	1162.66
92.4837	0	0
92.5838	37	1303.58
92.6839	6	211.392
92.784	0	0
92.8841	31	1092.19
92.9843	0	0
93.0844	40	1409.28
93.1845	2	70.464
93.2846	3	105.696
93.3847	15	528.48
93.4849	19	669.408
93.585	14	493.248
93.6851	0	0
93.7852	11	387.552
93.8853	0	0
93.9854	19	669.408
94.0855	7	246.624
94.1856	0	0
94.2857	9	317.088
94.3858	10	352.32
94.4859	19	669.408
94.586	16	563.712
94.6861	0	0
94.7862	29	1021.73
94.8863	24	845.568
94.9864	25	880.8
95.0866	29	1021.73
95.1867	0	0
95.2869	36	1268.35
95.387	18	634.176
95.4871	16	563.712
95.5872	28	986.496
95.6873	26	916.032
95.7874	33	1162.66
95.8875	21	739.872
95.9878	24	845.568
96.0879	33	1162.66
96.188	32	1127.42
96.2881	42	1479.74
96.3882	34	1197.89
96.4883	51	1796.83
96.5884	38	1338.82
96.6885	54	1902.53
96.7886	59	2078.69
96.8887	23	810.336
96.9888	69	2431.01
97.0889	51	1796.83
97.189	14	493.248
97.2891	65	2290.08
97.3892	10	352.32
97.4893	15	528.48
97.5894	87	3065.18
97.6895	42	1479.74
97.7896	36	1268.35
97.8896	35	1233.12
97.9897	48	1691.14
98.0897	42	1479.74
98.1898	40	1409.28
98.2899	50	1761.6
98.3899	50	1761.6
98.4902	45	1585.44
98.5902	43	1514.98
98.6904	51	1796.83
98.7905	51	1796.83
98.8906	21	739.872
98.9907	51	1796.83
99.0908	51	1796.83
99.1909	51	1796.83
99.291	51	1796.83
99.3911	49	1726.37
99.4913	44	1550.21
99.5914	41	1444.51
99.6915	28	986.496
99.7916	38	1338.82
99.8917	30	1056.96
99.9918	13	458.016
100.092	23	810.336
100.192	6	211.392
100.292	16	563.712
100.392	6	211.392
100.492	17	598.944
100.593	22	775.104
100.693	16	563.712
100.793	3	105.696
100.893	21	739.872
100.993	21	739.872
101.093	20	704.64
101.193	11	387.552
101.293	22	775.104
101.393	4	140.928
101.494	22	775.104
101.594	2	70.464
101.694	25	880.8
101.794	21	739.872
101.894	20	704.64
101.994	23	810.336
102.094	20	704.64
102.194	20	704.64
102.294	15	528.48
102.395	22	775.104
102.495	17	598.944
102.595	23	810.336
102.695	19	669.408
102.795	25	880.8
102.895	24	845.568
102.995	25	880.8
103.095	13	458.016
103.195	18	634.176
103.296	8	281.856
103.396	25	880.8
103.496	23	810.336
103.596	18	634.176
103.696	20	704.64
103.796	22	775.104
103.896	22	775.104
103.996	20	704.64
104.096	25	880.8
104.197	15	528.48
104.297	25	880.8
104.397	21	739.872
104.497	26	916.032
104.597	8	281.856
104.697	33	1162.66
104.797	7	246.624
104.897	20	704.64
104.997	22	775.104
105.097	1	35.232
105.198	18	634.176
105.298	13	458.016
105.398	15	528.48
105.498	19	669.408
105.598	18	634.176
105.698	0	0
105.798	3	105.696
105.898	22	775.104
105.999	6	211.392
106.099	13	458.016
106.199	7	246.624
106.299	13	458.016
106.399	16	563.712
106.499	15	528.48
106.599	26	916.032
106.699	35	1233.12
106.799	10	352.32
106.899	5	176.16
107	12	422.784
107.1	0	0
107.2	2	70.464
107.3	39	1374.05
107.4	8	281.856
107.5	21	739.872
107.6	5	176.16
107.7	0	0
107.8	0	0
107.901	0	0
108.001	27	951.264
108.101	22	775.104
108.201	14	493.248
108.301	10	352.32
108.401	26	916.032
108.501	19	669.408
108.601	24	845.568
108.701	0	0
108.801	0	0
108.902	1	35.232
109.002	24	845.568
109.102	31	1092.19
109.202	20	704.64
109.302	25	880.8
109.402	8	281.856
109.502	32	1127.42
109.602	32	1127.42
109.702	32	1127.42
109.802	21	739.872
109.903	32	1127.42
110.003	24	845.568
110.103	29	1021.73
110.203	27	951.264
110.303	30	1056.96
110.403	23	810.336
110.503	26	916.032
110.603	32	1127.42
110.703	29	1021.73
110.803	31	1092.19
110.904	25	880.8
111.004	27	951.264
111.104	31	1092.19
111.204	26	916.032
111.304	30	1056.96
111.404	32	1127.42
111.504	24	845.568
111.604	24	845.568
111.704	34	1197.89
111.804	37	1303.58
111.904	42	1479.74
112.005	52	1832.06
112.105	12	422.784
112.205	69	2431.01
112.305	46	1620.67
112.405	72	2536.7
112.505	87	3065.18
112.605	57	2008.22
112.705	52	1832.06
112.805	17	598.944
112.906	25	880.8
113.006	6	211.392
113.106	0	0
113.206	1	35.232
113.306	74	2607.17
113.406	16	563.712
113.506	15	528.48
113.607	2	70.464
113.707	34	1197.89
113.807	56	1972.99
113.907	3	105.696
114.007	38	1338.82
114.107	0	0
114.207	6	211.392
114.307	43	1514.98
114.407	17	598.944
114.508	45	1585.44
114.608	14	493.248
114.708	3	105.696
114.808	24	845.568
114.908	12	422.784
115.008	19	669.408
115.109	1	35.232
115.209	16	563.712
115.309	41	1444.51
115.409	0	0
115.509	0	0
115.609	25	880.8
115.709	4	140.928
115.809	6	211.392
115.909	3	105.696
116.01	14	493.248
116.11	21	739.872
116.21	10	352.32
116.31	21	739.872
116.41	0	0
116.51	4	140.928
116.61	28	986.496
116.71	21	739.872
116.81	0	0
116.911	3	105.696
117.011	12	422.784
117.111	0	0
117.211	4	140.928
117.311	1	35.232
117.411	26	916.032
117.511	0	0
117.611	14	493.248
117.711	15	528.48
117.812	15	528.48
117.912	15	528.48
118.012	7	246.624
118.112	13	458.016
118.212	15	528.48
118.312	12	422.784
118.412	15	528.48
118.512	9	317.088
118.613	12	422.784
118.713	15	528.48
118.813	12	422.784
118.913	13	458.016
119.013	15	528.48
119.113	8	281.856
119.213	15	528.48
119.313	15	528.48
119.413	10	352.32
119.513	12	422.784
119.614	13	458.016
119.714	14	493.248
119.814	15	528.48
119.914	13	458.016
120.014	14	493.248
120.114	11	387.552
120.214	9	317.088
120.314	1	35.232
120.414	15	528.48
120.515	0	0
120.615	13	458.016
120.715	4	140.928
120.815	0	0
120.915	0	0
121.015	16	563.712
121.115	14	493.248
121.215	11	387.552
121.315	8	281.856
121.415	23	810.336
121.516	27	951.264
121.616	5	176.16
121.716	1	35.232
121.816	29	1021.73
121.916	31	1092.19
122.016	38	1338.82
122.116	25	880.8
122.216	38	1338.82
122.316	58	2043.46
122.417	30	1056.96
122.517	6	211.392
122.617	76	2677.63
122.717	35	1233.12
122.817	5	176.16
122.917	0	0
123.017	8	281.856
123.117	9	317.088
123.217	19	669.408
123.317	0	0
123.417	0	0
123.518	51	1796.83
123.618	34	1197.89
123.718	44	1550.21
123.818	34	1197.89
123.918	6	211.392
124.018	42	1479.74
124.118	0	0
124.218	2	70.464
124.318	20	704.64
124.418	34	1197.89
124.519	0	0
124.619	21	739.872
124.719	22	775.104
124.819	23	810.336
124.919	24	845.568
125.019	11	387.552
125.119	17	598.944
125.219	24	845.568
125.319	25	880.8
125.42	25	880.8
125.52	22	775.104
125.62	25	880.8
125.72	18	634.176
125.82	25	880.8
125.92	25	880.8
126.02	25	880.8
126.12	25	880.8
126.221	23	810.336
126.321	2	70.464
126.421	25	880.8
126.521	25	880.8
126.621	22	775.104
126.721	14	493.248
126.821	25	880.8
126.921	22	775.104
127.021	22	775.104
127.122	25	880.8
127.222	1	35.232
127.322	25	880.8
127.422	20	704.64
127.522	25	880.8
127.622	18	634.176
127.722	22	775.104
127.822	27	951.264
127.922	21	739.872
128.022	33	1162.66
128.123	36	1268.35
128.223	27	951.264
128.323	52	1832.06
128.423	48	1691.14
128.523	45	1585.44
128.623	27	951.264
128.723	27	951.264
128.823	15	528.48
128.923	32	1127.42
129.023	20	704.64
129.124	20	704.64
129.224	41	1444.51
129.324	34	1197.89
129.424	38	1338.82
129.524	41	1444.51
129.624	39	1374.05
129.724	38	1338.82
129.824	37	1303.58
129.925	23	810.336
130.025	31	1092.19
130.125	23	810.336
130.225	37	1303.58
130.325	33	1162.66
130.425	24	845.568
130.525	40	1409.28
130.625	41	1444.51
130.725	39	1374.05
130.825	43	1514.98
130.926	46	1620.67
131.026	46	1620.67
131.126	33	1162.66
131.226	43	1514.98
131.326	35	1233.12
131.426	35	1233.12
131.526	42	1479.74
131.626	40	1409.28
131.726	28	986.496
131.827	37	1303.58
131.927	11	387.552
132.027	37	1303.58
132.127	17	598.944
132.227	19	669.408
132.327	19	669.408
132.427	21	739.872
132.527	21	739.872
132.627	22	775.104
132.727	4	140.928
132.828	0	0
132.928	0	0
133.028	0	0
133.128	0	0
133.228	12	422.784
133.328	10	352.32
133.428	15	528.48
133.528	10	352.32
133.628	16	563.712
133.729	24	845.568
133.829	22	775.104
133.929	25	880.8
134.029	29	1021.73
134.129	20	704.64
134.229	34	1197.89
134.329	18	634.176
134.429	26	916.032
134.529	25	880.8
134.629	54	1902.53
134.73	2	70.464
134.83	1	35.232
134.93	0	0
135.03	6	211.392
135.13	25	880.8
135.23	20	704.64
135.33	14	493.248
135.43	35	1233.12
135.531	9	317.088
135.631	41	1444.51
135.731	10	352.32
135.831	19	669.408
135.931	8	281.856
136.031	14	493.248
136.131	12	422.784
136.231	16	563.712
136.331	16	563.712
136.432	22	775.104
136.532	14	493.248
136.632	22	775.104
136.732	11	387.552
136.832	21	739.872
136.932	32	1127.42
137.032	24	845.568
137.132	13	458.016
137.232	16	563.712
137.333	38	1338.82
137.433	8	281.856
137.533	16	563.712
137.633	19	669.408
137.733	23	810.336
137.833	6	211.392
137.933	1	35.232
138.033	19	669.408
138.133	18	634.176
138.234	13	458.016
138.334	20	704.64
138.434	19	669.408
138.534	7	246.624
138.634	32	1127.42
138.734	28	986.496
138.834	27	951.264
138.934	16	563.712
139.034	13	458.016
139.135	14	493.248
139.235	12	422.784
139.335	20	704.64
139.435	20	704.64
139.535	40	1409.28
139.635	7	246.624
139.735	20	704.64
139.835	19	669.408
139.935	18	634.176
140.035	13	458.016
140.136	16	563.712
140.236	26	916.032
140.336	15	528.48
140.436	18	634.176
140.536	29	1021.73
140.636	17	598.944
140.736	24	845.568
140.836	34	1197.89
140.937	17	598.944
141.037	6	211.392
141.137	8	281.856
141.237	23	810.336
141.337	9	317.088
141.437	20	704.64
141.537	1	35.232
141.637	17	598.944
141.737	0	0
141.837	4	140.928
141.938	2	70.464
142.038	7	246.624
142.138	35	1233.12
142.238	12	422.784
142.338	13	458.016
142.438	19	669.408
142.538	20	704.64
142.638	9	317.088
142.738	19	669.408
142.838	23	810.336
142.938	8	281.856
143.038	24	845.568
143.139	23	810.336
143.239	8	281.856
143.339	23	810.336
143.439	14	493.248
143.539	6	211.392
143.639	10	352.32
143.739	23	810.336
143.839	19	669.408
143.939	12	422.784
144.04	19	669.408
144.14	9	317.088
144.24	23	810.336
144.34	10	352.32
144.44	24	845.568
144.54	11	387.552
144.64	20	704.64
144.74	19	669.408
144.84	4	140.928
144.941	12	422.784
145.041	16	563.712
145.141	0	0
145.241	1	35.232
145.341	14	493.248
145.441	9	317.088
145.541	20	704.64
145.642	12	422.784
145.742	31	1092.19
145.842	14	493.248
145.942	25	880.8
146.042	52	1832.06
146.142	6	211.392
146.243	0	0
146.343	1	35.232
146.443	23	810.336
146.543	42	1479.74
146.643	5	176.16
146.743	27	951.264
146.843	9	317.088
146.943	5	176.16
147.043	29	1021.73
147.143	33	1162.66
147.244	19	669.408
147.344	34	1197.89
147.444	3	105.696
147.544	2	70.464
147.644	20	704.64
147.744	5	176.16
147.844	19	669.408
147.944	15	528.48
148.044	16	563.712
148.144	16	563.712
148.245	17	598.944
148.345	17	598.944
148.445	11	387.552
148.545	11	387.552
148.645	8	281.856
148.745	17	598.944
148.845	17	598.944
148.945	15	528.48
149.045	17	598.944
149.145	8	281.856
149.246	15	528.48
149.346	17	598.944
149.446	17	598.944
149.546	17	598.944
149.646	15	528.48
149.746	15	528.48
149.846	9	317.088
149.947	17	598.944
150.047	17	598.944
150.147	17	598.944
150.247	14	493.248
150.347	16	563.712
150.447	17	598.944
150.547	9	317.088
150.647	9	317.088
150.748	13	458.016
150.848	17	598.944
150.948	14	493.248
151.048	14	493.248
151.148	21	739.872
151.248	9	317.088
151.348	10	352.32
151.448	25	880.8
151.548	21	739.872
151.649	2	70.464
151.749	16	563.712
151.849	13	458.016
151.949	23	810.336
152.049	4	140.928
152.149	15	528.48
152.249	9	317.088
152.349	14	493.248
152.45	15	528.48
152.55	12	422.784
152.65	12	422.784
152.75	11	387.552
152.85	5	176.16
152.95	3	105.696
153.05	17	598.944
153.15	12	422.784
153.25	6	211.392
153.351	15	528.48
153.451	2	70.464
153.551	16	563.712
153.651	9	317.088
153.751	9	317.088
153.851	0	0
153.951	0	0
154.051	0	0
154.151	1	35.232
154.252	17	598.944
154.352	10	352.32
154.452	0	0
154.552	0	0
154.652	0	0
154.752	9	317.088
154.852	9	317.088
154.952	16	563.712
155.052	10	352.32
155.153	7	246.624
155.253	4	140.928
155.353	15	528.48
155.453	5	176.16
155.553	0	0
155.653	0	0
155.753	14	493.248
155.853	10	352.32
155.953	9	317.088
156.053	3	105.696
156.154	3	105.696
156.254	0	0
156.354	3	105.696
156.454	17	598.944
156.554	4	140.928
156.654	6	211.392
156.754	8	281.856
156.854	4	140.928
156.954	1	35.232
157.055	17	598.944
157.155	12	422.784
157.255	5	176.16
157.355	16	563.712
157.455	0	0
157.555	17	598.944
157.655	16	563.712
157.755	2	70.464
157.855	12	422.784
157.955	18	634.176
158.056	4	140.928
158.156	4	140.928
158.256	20	704.64
158.356	2	70.464
158.456	18	634.176
158.556	6	211.392
158.656	1	35.232
158.756	16	563.712
158.857	3	105.696
158.957	0	0
159.057	13	458.016
159.157	2	70.464
159.257	14	493.248
159.358	2	70.464
159.458	2	70.464
159.558	5	176.16
159.658	13	458.016
159.758	16	563.712
159.858	13	458.016
159.958	3	105.696
160.058	10	352.32
160.158	17	598.944
160.258	11	387.552
160.359	0	0
160.459	0	0
160.559	20	704.64
160.659	19	669.408
160.759	9	317.088
160.859	1	35.232
160.959	20	704.64
161.059	3	105.696
161.159	23	810.336
161.26	1	35.232
161.36	2	70.464
161.46	5	176.16
161.56	22	775.104
161.66	25	880.8
161.76	4	140.928
161.86	17	598.944
161.96	7	246.624
162.06	22	775.104
162.161	17	598.944
162.261	23	810.336
162.361	19	669.408
162.461	4	140.928
162.561	8	281.856
162.661	22	775.104
162.761	20	704.64
162.861	13	458.016
162.961	2	70.464
163.061	1	35.232
163.162	0	0
163.262	0	0
163.362	0	0
163.462	22	775.104
163.562	13	458.016
163.662	2	70.464
163.762	10	352.32
163.862	6	211.392
163.962	18	634.176
164.063	7	246.624
164.163	20	704.64
164.263	3	105.696
164.363	23	810.336
164.463	18	634.176
164.563	11	387.552
164.663	17	598.944
164.763	19	669.408
164.863	8	281.856
164.964	24	845.568
165.064	18	634.176
165.164	17	598.944
165.264	25	880.8
165.364	2	70.464
165.464	13	458.016
165.564	9	317.088
165.664	24	845.568
165.764	11	387.552
165.864	10	352.32
165.965	0	0
166.065	2	70.464
166.165	10	352.32
166.265	8	281.856
166.365	32	1127.42
166.465	12	422.784
166.565	0	0
166.665	0	0
166.766	0	0
166.866	25	880.8
166.966	4	140.928
167.066	1	35.232
167.166	10	352.32
167.266	0	0
167.366	0	0
167.466	12	422.784
167.566	16	563.712
167.667	1	35.232
167.767	14	493.248
167.867	13	458.016
167.967	8	281.856
168.067	16	563.712
168.167	10	352.32
168.267	2	70.464
168.367	11	387.552
168.467	16	563.712
168.568	17	598.944
168.668	13	458.016
168.768	4	140.928
168.868	11	387.552
168.968	3	105.696
169.068	22	775.104
169.168	2	70.464
169.269	3	105.696
169.369	20	704.64
169.469	22	775.104
169.569	9	317.088
169.669	13	458.016
169.769	20	704.64
169.869	9	317.088
169.969	0	0
170.069	0	0
170.169	15	528.48
170.27	14	493.248
170.37	14	493.248
170.47	11	387.552
170.57	10	352.32
170.67	16	563.712
170.77	7	246.624
170.87	18	634.176
170.97	18	634.176
171.07	12	422.784
171.17	11	387.552
171.271	20	704.64
171.371	22	775.104
171.471	9	317.088
171.571	16	563.712
171.671	23	810.336
171.771	24	845.568
171.871	24	845.568
171.971	19	669.408
172.072	13	458.016
172.172	28	986.496
172.272	9	317.088
172.372	23	810.336
172.472	24	845.568
172.572	16	563.712
172.672	16	563.712
172.772	30	1056.96
172.872	14	493.248
172.972	6	211.392
173.073	16	563.712
173.173	24	845.568
173.273	13	458.016
173.373	10	352.32
173.473	9	317.088
173.573	14	493.248
173.673	13	458.016
173.773	18	634.176
173.873	9	317.088
173.974	0	0
174.074	0	0
174.174	19	669.408
174.274	4	140.928
174.374	14	493.248
174.474	7	246.624
174.574	16	563.712
174.674	16	563.712
174.774	9	317.088
174.875	18	634.176
174.975	19	669.408
175.075	20	704.64
175.175	17	598.944
175.275	22	775.104
175.375	14	493.248
175.475	20	704.64
175.575	21	739.872
175.675	25	880.8
175.776	14	493.248
175.876	11	387.552
175.976	3	105.696
176.076	13	458.016
176.176	6	211.392
176.276	8	281.856
176.376	0	0
176.476	0	0
176.577	15	528.48
176.677	1	35.232
176.777	13	458.016
176.877	11	387.552
176.977	5	176.16
177.077	0	0
177.177	16	563.712
177.277	17	598.944
177.377	11	387.552
177.478	14	493.248
177.578	5	176.16
177.678	13	458.016
177.778	8	281.856
177.879	17	598.944
177.979	1	35.232
178.079	12	422.784
178.179	10	352.32
178.279	9	317.088
178.379	5	176.16
178.479	0	0
178.579	16	563.712
178.68	14	493.248
178.78	7	246.624
178.88	13	458.016
178.98	2	70.464
179.08	16	563.712
179.18	12	422.784
179.28	16	563.712
179.38	18	634.176
179.48	8	281.856
179.581	19	669.408
179.681	19	669.408
179.781	4	140.928
179.881	22	775.104
179.981	13	458.016
180.081	21	739.872
180.181	21	739.872
180.281	25	880.8
180.382	19	669.408
180.482	27	951.264
180.582	14	493.248
180.682	28	986.496
180.782	29	1021.73
180.882	19	669.408
180.982	1	35.232
181.082	2	70.464
181.182	5	176.16
181.282	24	845.568
181.383	15	528.48
181.483	1	35.232
181.583	15	528.48
181.683	17	598.944
181.783	4	140.928
181.884	13	458.016
181.984	16	563.712
182.084	14	493.248
182.184	20	704.64
182.284	18	634.176
182.384	4	140.928
182.484	18	634.176
182.584	23	810.336
182.684	15	528.48
182.785	22	775.104
182.885	24	845.568
182.985	13	458.016
183.085	22	775.104
183.185	26	916.032
183.285	17	598.944
183.385	24	845.568
183.485	17	598.944
183.585	0	0
183.685	23	810.336
183.786	2	70.464
183.886	14	493.248
183.986	15	528.48
184.086	7	246.624
184.186	17	598.944
184.286	14	493.248
184.386	15	528.48
184.486	12	422.784
184.587	2	70.464
184.687	0	0
184.787	0	0
184.887	12	422.784
184.987	8	281.856
185.087	14	493.248
185.187	15	528.48
185.287	10	352.32
185.387	15	528.48
185.488	14	493.248
185.588	8	281.856
185.688	0	0
185.788	0	0
185.888	18	634.176
185.988	13	458.016
186.088	7	246.624
186.188	14	493.248
186.289	11	387.552
186.389	16	563.712
186.489	15	528.48
186.589	14	493.248
186.689	10	352.32
186.789	17	598.944
186.889	20	704.64
186.989	13	458.016
187.089	20	704.64
187.19	4	140.928
187.29	3	105.696
187.39	16	563.712
187.49	7	246.624
187.59	7	246.624
187.69	0	0
187.79	0	0
187.891	2	70.464
187.991	15	528.48
188.091	13	458.016
188.191	10	352.32
188.291	12	422.784
188.391	16	563.712
188.491	10	352.32
188.591	14	493.248
188.691	0	0
188.791	18	634.176
188.892	2	70.464
188.992	19	669.408
189.092	7	246.624
189.192	20	704.64
189.292	2	70.464
189.392	22	775.104
189.492	4	140.928
189.593	16	563.712
189.693	2	70.464
189.793	10	352.32
189.893	0	0
189.993	0	0
190.093	14	493.248
190.193	10	352.32
190.293	14	493.248
190.393	15	528.48
190.494	8	281.856
190.594	12	422.784
190.694	14	493.248
190.794	13	458.016
190.894	8	281.856
190.995	12	422.784
191.095	15	528.48
191.195	15	528.48
191.295	13	458.016
191.395	6	211.392
191.495	22	775.104
191.595	11	387.552
191.695	16	563.712
191.795	14	493.248
191.896	20	704.64
191.996	21	739.872
192.096	17	598.944
192.196	7	246.624
192.296	24	845.568
192.396	24	845.568
192.496	17	598.944
192.596	0	0
192.696	4	140.928
192.796	25	880.8
192.897	0	0
192.997	14	493.248
193.097	3	105.696
193.197	15	528.48
193.297	15	528.48
193.397	13	458.016
193.497	16	563.712
193.597	6	211.392
193.697	18	634.176
193.797	7	246.624
193.898	6	211.392
193.998	17	598.944
194.098	6	211.392
194.198	22	775.104
194.298	6	211.392
194.398	9	317.088
194.498	17	598.944
194.598	13	458.016
194.698	3	105.696
194.799	0	0
194.899	2	70.464
194.999	18	634.176
195.099	10	352.32
195.199	4	140.928
195.299	15	528.48
195.399	13	458.016
195.499	9	317.088
195.599	12	422.784
195.699	10	352.32
195.8	7	246.624
195.9	19	669.408
196	0	0
196.1	2	70.464
196.2	20	704.64
196.3	2	70.464
196.4	3	105.696
196.5	12	422.784
196.601	22	775.104
196.701	6	211.392
196.801	23	810.336
196.901	8	281.856
197.001	12	422.784
197.101	21	739.872
197.201	0	0
197.301	25	880.8
197.401	6	211.392
197.501	15	528.48
197.602	18	634.176
197.702	14	493.248
197.802	8	281.856
197.902	14	493.248
198.002	20	704.64
198.102	16	563.712
198.202	19	669.408
198.302	12	422.784
198.403	13	458.016
198.503	27	951.264
198.603	2	70.464
198.703	11	387.552
198.803	20	704.64
198.903	15	528.48
199.003	18	634.176
199.103	17	598.944
199.203	3	105.696
199.303	9	317.088
199.404	23	810.336
199.504	10	352.32
199.604	3	105.696
199.704	16	563.712
199.804	23	810.336
199.904	0	0
200.005	11	387.552
200.105	20	704.64
200.205	14	493.248
200.305	26	916.032
200.405	13	458.016
200.505	22	775.104
200.605	5	176.16
200.705	0	0
200.805	8	281.856
200.906	6	211.392
201.006	19	669.408
201.106	14	493.248
201.206	15	528.48
201.306	0	0
201.406	16	563.712
201.506	3	105.696
201.606	17	598.944
201.707	4	140.928
201.807	7	246.624
201.907	2	70.464
202.007	17	598.944
202.107	11	387.552
202.207	18	634.176
202.307	21	739.872
202.407	11	387.552
202.507	5	176.16
202.608	23	810.336
202.708	24	845.568
202.808	3	105.696
202.908	25	880.8
203.008	1	35.232
203.108	0	0
203.208	0	0
203.308	0	0
203.408	5	176.16
203.509	21	739.872
203.609	8	281.856
203.709	14	493.248
203.809	11	387.552
203.909	0	0
204.009	16	563.712
204.109	4	140.928
204.209	7	246.624
204.309	13	458.016
204.41	0	0
204.51	19	669.408
204.61	19	669.408
204.71	6	211.392
204.81	11	387.552
204.91	1	35.232
205.01	2	70.464
205.11	9	317.088
205.211	0	0
205.311	22	775.104
205.411	9	317.088
205.511	9	317.088
205.611	15	528.48
205.711	12	422.784
205.811	8	281.856
205.911	17	598.944
206.011	14	493.248
206.111	14	493.248
206.212	10	352.32
206.312	7	246.624
206.412	1	35.232
206.512	0	0
206.612	1	35.232
206.712	19	669.408
206.812	14	493.248
206.912	8	281.856
207.013	4	140.928
207.113	16	563.712
207.213	17	598.944
207.313	14	493.248
207.413	9	317.088
207.513	19	669.408
207.613	15	528.48
207.713	19	669.408
207.813	17	598.944
207.913	20	704.64
208.014	16	563.712
208.114	14	493.248
208.214	12	422.784
208.314	2	70.464
208.414	0	0
208.514	0	0
208.614	0	0
208.714	0	0
208.814	0	0
208.915	0	0
209.015	14	493.248
209.115	9	317.088
209.215	0	0
209.315	10	352.32
209.415	14	493.248
209.515	9	317.088
209.615	6	211.392
209.716	16	563.712
209.816	0	0
209.916	0	0
210.016	0	0
210.116	18	634.176
210.216	19	669.408
210.316	9	317.088
210.416	17	598.944
210.516	16	563.712
210.616	0	0
210.717	0	0
210.817	22	775.104
210.917	3	105.696
211.017	1	35.232
211.117	6	211.392
211.217	2	70.464
211.317	0	0
211.417	0	0
211.517	21	739.872
211.618	7	246.624
211.718	9	317.088
211.818	12	422.784
211.918	16	563.712
212.018	17	598.944
212.118	9	317.088
212.218	17	598.944
212.318	5	176.16
212.418	0	0
212.519	19	669.408
212.619	2	70.464
212.719	14	493.248
212.819	13	458.016
212.919	11	387.552
213.019	0	0
213.119	9	317.088
213.219	2	70.464
213.32	18	634.176
213.42	9	317.088
