time	pps	kbps
0.100108	0	0
0.200228	1	35.232
0.300348	2	70.464
0.400469	4	140.928
0.500587	8	281.856
0.600689	6	211.392
0.70081	0	0
0.800924	1	35.232
0.901024	0	0
1.00114	3	105.696
1.10124	6	211.392
1.20137	8	281.856
1.30148	9	317.088
1.40154	14	493.248
1.50167	14	493.248
1.6018	2	70.464
1.7019	0	0
1.80202	0	0
1.90213	6	211.392
2.00223	4	140.928
2.10237	2	70.464
2.20249	15	528.48
2.30318	11	387.552
2.40327	9	317.088
2.50336	5	176.16
2.60341	2	70.464
2.70353	9	317.088
2.80365	11	387.552
2.90376	3	105.696
3.00385	1	35.232
3.10397	3	105.696
3.20407	2	70.464
3.30419	8	281.856
3.40431	8	281.856
3.50442	2	70.464
3.6045	4	140.928
3.70456	3	105.696
3.80465	3	105.696
3.90473	6	211.392
4.00486	12	422.784
4.10498	11	387.552
4.20528	1	35.232
4.30537	0	0
4.40546	7	246.624
4.50559	21	739.872
4.60568	4	140.928
4.7058	12	422.784
4.80592	17	598.944
4.90602	12	422.784
5.00613	14	493.248
5.10618	4	140.928
5.20626	28	986.496
5.30637	5	176.16
5.40649	1	35.232
5.50661	0	0
5.60667	1	35.232
5.70675	11	387.552
5.80687	2	70.464
5.90694	19	669.408
6.007	5	176.16
6.10703	19	669.408
6.20708	11	387.552
6.30721	10	352.32
6.40729	23	810.336
6.5074	13	458.016
6.6075	24	845.568
6.70762	19	669.408
6.80771	6	211.392
6.90782	2	70.464
7.00788	4	140.928
7.10797	31	1092.19
7.20808	2	70.464
7.30817	1	35.232
7.40821	9	317.088
7.50828	29	1021.73
7.6084	1	35.232
7.70847	1	35.232
7.80852	32	1127.42
7.90858	8	281.856
8.00887	29	1021.73
8.10892	20	704.64
8.20899	10	352.32
8.30907	1	35.232
8.40919	37	1303.58
8.50929	6	211.392
8.60937	37	1303.58
8.70944	2	70.464
8.80952	37	1303.58
8.90962	2	70.464
9.0097	1	35.232
9.10975	37	1303.58
9.20979	4	140.928
9.30984	2	70.464
9.40995	1	35.232
9.51004	37	1303.58
9.61012	2	70.464
9.71024	1	35.232
9.81036	37	1303.58
9.91042	3	105.696
10.0105	37	1303.58
10.1106	8	281.856
10.2107	32	1127.42
10.3108	9	317.088
10.4109	0	0
10.511	37	1303.58
10.611	3	105.696
10.7111	0	0
10.8112	37	1303.58
10.9112	2	70.464
11.0113	37	1303.58
11.1114	9	317.088
11.2115	13	458.016
11.3116	29	1021.73
11.4117	3	105.696
11.5118	35	1233.12
11.6119	10	352.32
11.712	37	1303.58
11.8121	3	105.696
11.9122	11	387.552
12.0122	31	1092.19
12.1123	4	140.928
12.2124	0	0
12.3125	33	1162.66
12.4125	16	563.712
12.5126	35	1233.12
12.6127	10	352.32
12.7128	37	1303.58
12.8128	37	1303.58
12.9129	7	246.624
13.013	39	1374.05
13.1131	2	70.464
13.2132	43	1514.98
13.3133	1	35.232
13.4134	2	70.464
13.5134	32	1127.42
13.6135	25	880.8
13.7136	1	35.232
13.8137	29	1021.73
13.9137	37	1303.58
14.0138	1	35.232
14.1139	80	2818.56
14.214	19	669.408
14.3141	7	246.624
14.4142	88	3100.42
14.5143	25	880.8
14.6143	104	3664.13
14.7144	48	1691.14
14.8144	70	2466.24
14.9145	25	880.8
15.0146	53	1867.3
15.1148	40	1409.28
15.2148	23	810.336
15.3149	56	1972.99
15.415	5	176.16
15.515	56	1972.99
15.6151	8	281.856
15.7152	26	916.032
15.8153	28	986.496
15.9154	29	1021.73
16.0155	17	598.944
16.1155	0	0
16.2157	30	1056.96
16.3157	3	105.696
16.4158	14	493.248
16.5159	14	493.248
16.616	15	528.48
16.7161	13	458.016
16.8162	15	528.48
16.9162	8	281.856
17.0163	14	493.248
17.1165	15	528.48
17.2165	14	493.248
17.3166	9	317.088
17.4167	15	528.48
17.5168	9	317.088
17.617	15	528.48
17.717	15	528.48
17.817	9	317.088
17.9172	13	458.016
18.0173	15	528.48
18.1174	9	317.088
18.2174	14	493.248
18.3175	15	528.48
18.4176	15	528.48
18.5177	15	528.48
18.6178	13	458.016
18.7178	8	281.856
18.8179	14	493.248
18.918	14	493.248
19.0182	12	422.784
19.1183	16	563.712
19.2184	17	598.944
19.3185	19	669.408
19.4185	28	986.496
19.5186	23	810.336
19.6187	53	1867.3
19.7188	8	281.856
19.8189	19	669.408
19.919	53	1867.3
20.0191	27	951.264
20.1191	5	176.16
20.2192	31	1092.19
20.3193	24	845.568
20.4193	25	880.8
20.5194	22	775.104
20.6194	0	0
20.7195	8	281.856
20.8196	26	916.032
20.9197	15	528.48
21.0198	16	563.712
21.1199	11	387.552
21.22	11	387.552
21.3201	16	563.712
21.4202	16	563.712
21.5202	17	598.944
21.6203	17	598.944
21.7204	11	387.552
21.8206	12	422.784
21.9207	16	563.712
22.0207	14	493.248
22.1208	14	493.248
22.2209	16	563.712
22.3209	17	598.944
22.421	11	387.552
22.5211	17	598.944
22.6212	7	246.624
22.7212	16	563.712
22.8213	16	563.712
22.9214	17	598.944
23.0215	17	598.944
23.1217	11	387.552
23.2218	17	598.944
23.3219	17	598.944
23.422	9	317.088
23.5221	14	493.248
23.6221	17	598.944
23.7222	17	598.944
23.8222	16	563.712
23.9223	5	176.16
24.0224	22	775.104
24.1226	26	916.032
24.2227	16	563.712
24.3228	24	845.568
24.4228	20	704.64
24.5229	11	387.552
24.623	16	563.712
24.723	15	528.48
24.8231	20	704.64
24.9231	11	387.552
25.0232	21	739.872
25.1233	21	739.872
25.2234	21	739.872
25.3234	16	563.712
25.4235	14	493.248
25.5235	19	669.408
25.6236	22	775.104
25.7237	22	775.104
25.8237	10	352.32
25.9238	22	775.104
26.0239	15	528.48
26.124	22	775.104
26.2241	22	775.104
26.3242	22	775.104
26.4243	20	704.64
26.5244	11	387.552
26.6245	18	634.176
26.7247	0	0
26.8247	22	775.104
26.9248	15	528.48
27.0249	17	598.944
27.125	7	246.624
27.2251	25	880.8
27.3252	34	1197.89
27.4253	21	739.872
27.5253	7	246.624
27.6254	35	1233.12
27.7254	0	0
27.8255	0	0
27.9256	20	704.64
28.0257	23	810.336
28.1257	9	317.088
28.2261	25	880.8
28.3261	19	669.408
28.4263	27	951.264
28.5264	27	951.264
28.6265	27	951.264
28.7266	27	951.264
28.8267	27	951.264
28.9268	13	458.016
29.0269	28	986.496
29.127	28	986.496
29.2271	20	704.64
29.3272	28	986.496
29.4272	22	775.104
29.5273	15	528.48
29.6274	22	775.104
29.7275	25	880.8
29.8275	8	281.856
29.9276	0	0
30.0277	28	986.496
30.1277	8	281.856
30.2278	8	281.856
30.3279	17	598.944
30.428	21	739.872
30.5281	7	246.624
30.6282	25	880.8
30.7283	14	493.248
30.8284	35	1233.12
30.9285	52	1832.06
31.0286	13	458.016
31.1286	42	1479.74
31.2286	64	2254.85
31.3287	39	1374.05
31.4288	27	951.264
31.5289	0	0
31.629	0	0
31.7291	0	0
31.8292	2	70.464
31.9293	102	3593.66
32.0293	2	70.464
32.1294	41	1444.51
32.2295	15	528.48
32.3298	42	1479.74
32.4298	44	1550.21
32.53	12	422.784
32.6301	14	493.248
32.7302	16	563.712
32.8303	5	176.16
32.9304	50	1761.6
33.0306	10	352.32
33.1307	1	35.232
33.2308	51	1796.83
33.3309	51	1796.83
33.4309	46	1620.67
33.531	23	810.336
33.6311	51	1796.83
33.7312	21	739.872
33.8313	52	1832.06
33.9313	21	739.872
34.0314	46	1620.67
34.1315	52	1832.06
34.2316	3	105.696
34.3317	0	0
34.4318	0	0
34.5319	52	1832.06
34.632	3	105.696
34.7321	22	775.104
34.8322	22	775.104
34.9322	9	317.088
35.0323	12	422.784
35.1324	23	810.336
35.2325	3	105.696
35.3326	21	739.872
35.4327	7	246.624
35.5328	25	880.8
35.6328	17	598.944
35.7329	2	70.464
35.833	2	70.464
35.933	23	810.336
36.0331	10	352.32
36.1332	0	0
36.2332	0	0
36.3333	12	422.784
36.4333	16	563.712
36.5334	5	176.16
36.6335	12	422.784
36.7335	2	70.464
36.8336	0	0
36.9337	19	669.408
37.0338	3	105.696
37.134	0	0
37.2341	0	0
37.3341	0	0
37.4342	24	845.568
37.5342	6	211.392
37.6343	7	246.624
37.7344	17	598.944
37.8346	8	281.856
37.9347	0	0
38.0348	15	528.48
38.135	16	563.712
38.2351	24	845.568
38.3351	46	1620.67
38.4352	5	176.16
38.5353	61	2149.15
38.6353	16	563.712
38.7354	6	211.392
38.8355	32	1127.42
38.9356	24	845.568
39.0357	0	0
39.1358	2	70.464
39.2359	79	2783.33
39.3359	2	70.464
39.4361	0	0
39.5361	0	0
39.6362	0	0
39.7362	0	0
39.8363	1	35.232
39.9363	39	1374.05
40.0364	20	704.64
40.1365	9	317.088
40.2365	0	0
40.3366	29	1021.73
40.4367	6	211.392
40.5368	0	0
40.637	20	704.64
40.7371	32	1127.42
40.8372	18	634.176
40.9373	0	0
41.0374	2	70.464
41.1375	42	1479.74
41.2376	3	105.696
41.3377	22	775.104
41.4378	28	986.496
41.5379	2	70.464
41.638	0	0
41.7382	10	352.32
41.8382	18	634.176
41.9383	12	422.784
42.0384	0	0
42.1386	4	140.928
42.2386	47	1655.9
42.3387	10	352.32
42.4388	17	598.944
42.5388	18	634.176
42.6389	19	669.408
42.739	11	387.552
42.8391	6	211.392
42.9392	20	704.64
43.0393	1	35.232
43.1394	25	880.8
43.2395	6	211.392
43.3396	1	35.232
43.4397	25	880.8
43.5398	15	528.48
43.6399	24	845.568
43.74	25	880.8
43.8401	25	880.8
43.9401	19	669.408
44.0401	20	704.64
44.1402	23	810.336
44.2403	25	880.8
44.3404	24	845.568
44.4405	22	775.104
44.5405	7	246.624
44.6407	19	669.408
44.7407	24	845.568
44.8408	2	70.464
44.9409	23	810.336
45.041	15	528.48
45.1411	18	634.176
45.2412	18	634.176
45.3412	12	422.784
45.4413	0	0
45.5414	0	0
45.6416	0	0
45.7416	20	704.64
45.8417	15	528.48
45.9417	12	422.784
46.0419	16	563.712
46.142	7	246.624
46.2421	0	0
46.3423	0	0
46.4424	17	598.944
46.5425	17	598.944
46.6425	16	563.712
46.7426	5	176.16
46.8427	17	598.944
46.9427	17	598.944
47.0428	12	422.784
47.1429	11	387.552
47.243	17	598.944
47.3431	17	598.944
47.4433	17	598.944
47.5434	17	598.944
47.6435	5	176.16
47.7436	17	598.944
47.8437	17	598.944
47.9439	17	598.944
48.0439	17	598.944
48.144	8	281.856
48.2441	11	387.552
48.3442	17	598.944
48.4442	17	598.944
48.5444	17	598.944
48.6444	17	598.944
48.7445	14	493.248
48.8446	15	528.48
48.9447	17	598.944
49.0448	14	493.248
49.1449	18	634.176
49.245	22	775.104
49.345	21	739.872
49.445	25	880.8
49.5451	31	1092.19
49.6452	27	951.264
49.7453	48	1691.14
49.8454	27	951.264
49.9455	26	916.032
50.0455	28	986.496
50.1456	9	317.088
50.2456	19	669.408
50.3457	23	810.336
50.4458	14	493.248
50.5458	4	140.928
50.6458	15	528.48
50.7459	5	176.16
50.8459	14	493.248
50.946	15	528.48
51.0461	9	317.088
51.1461	13	458.016
51.2462	3	105.696
51.3463	15	528.48
51.4464	15	528.48
51.5465	15	528.48
51.6466	15	528.48
51.7467	15	528.48
51.8467	15	528.48
51.9468	15	528.48
52.0469	15	528.48
52.147	12	422.784
52.2471	14	493.248
52.3471	15	528.48
52.4473	15	528.48
52.5473	15	528.48
52.6474	15	528.48
52.7475	15	528.48
52.8476	15	528.48
52.9477	15	528.48
53.0477	17	598.944
53.1478	19	669.408
53.2478	13	458.016
53.3479	28	986.496
53.448	28	986.496
53.548	40	1409.28
53.6481	15	528.48
53.7481	26	916.032
53.8482	23	810.336
53.9482	33	1162.66
54.0483	25	880.8
54.1483	27	951.264
54.2484	29	1021.73
54.3484	21	739.872
54.4485	16	563.712
54.5486	21	739.872
54.6487	33	1162.66
54.7487	24	845.568
54.8488	29	1021.73
54.949	14	493.248
55.0491	18	634.176
55.1492	24	845.568
55.2492	21	739.872
55.3493	17	598.944
55.4493	10	352.32
55.5494	21	739.872
55.6494	15	528.48
55.7495	32	1127.42
55.8495	8	281.856
55.9496	33	1162.66
56.0496	12	422.784
56.1497	18	634.176
56.2497	11	387.552
56.3498	17	598.944
56.4499	16	563.712
56.55	10	352.32
56.6501	14	493.248
56.7501	22	775.104
56.8502	8	281.856
56.9504	14	493.248
57.0505	11	387.552
57.1505	9	317.088
57.2506	7	246.624
57.3507	34	1197.89
57.4507	5	176.16
57.5508	14	493.248
57.6509	13	458.016
57.751	24	845.568
57.8511	18	634.176
57.9512	4	140.928
58.0512	10	352.32
58.1513	7	246.624
58.2517	13	458.016
58.3518	6	211.392
58.4519	9	317.088
58.552	3	105.696
58.6521	28	986.496
58.7521	18	634.176
58.8522	8	281.856
58.9523	27	951.264
59.0524	18	634.176
59.1524	24	845.568
59.2525	2	70.464
59.3526	6	211.392
59.4526	21	739.872
59.5527	18	634.176
59.6527	7	246.624
59.7528	9	317.088
59.8529	4	140.928
59.953	13	458.016
60.0531	14	493.248
60.1532	14	493.248
60.2533	7	246.624
60.3534	7	246.624
60.4535	10	352.32
60.5536	14	493.248
60.6536	2	70.464
60.7537	0	0
60.8538	0	0
60.9539	0	0
61.0539	0	0
61.1541	25	880.8
61.2542	9	317.088
61.3543	5	176.16
61.4544	11	387.552
61.5544	9	317.088
61.6545	6	211.392
61.7545	14	493.248
61.8546	13	458.016
61.9547	5	176.16
62.0548	6	211.392
62.1549	9	317.088
62.255	7	246.624
62.355	13	458.016
62.4551	11	387.552
62.5553	19	669.408
62.6553	2	70.464
62.7554	0	0
62.8555	0	0
62.9556	0	0
63.0557	1	35.232
63.1558	29	1021.73
63.2558	20	704.64
63.3559	14	493.248
63.456	5	176.16
63.5562	8	281.856
63.6562	9	317.088
63.7563	0	0
63.8564	15	528.48
63.9565	13	458.016
64.0566	10	352.32
64.1567	1	35.232
64.2568	8	281.856
64.3569	11	387.552
64.457	3	105.696
64.5571	16	563.712
64.6572	6	211.392
64.7573	12	422.784
64.8574	9	317.088
64.9574	5	176.16
65.0575	0	0
65.1575	0	0
65.2576	0	0
65.3577	0	0
65.4577	0	0
65.5578	10	352.32
65.6578	32	1127.42
65.7579	9	317.088
65.8579	0	0
65.958	0	0
66.058	25	880.8
66.1581	6	211.392
66.2581	12	422.784
66.3582	15	528.48
66.4582	27	951.264
66.5583	11	387.552
66.6583	0	0
66.7584	5	176.16
66.8584	12	422.784
66.9585	30	1056.96
67.0586	6	211.392
67.1587	3	105.696
67.2588	8	281.856
67.3589	18	634.176
67.459	0	0
67.5591	16	563.712
67.6592	10	352.32
67.7593	0	0
67.8594	0	0
67.9595	26	916.032
68.0595	2	70.464
68.1596	0	0
68.2597	22	775.104
68.3598	11	387.552
68.4599	0	0
68.56	2	70.464
68.66	30	1056.96
68.7601	9	317.088
68.8602	4	140.928
68.9602	17	598.944
69.0604	1	35.232
69.1607	15	528.48
69.2608	7	246.624
69.3609	32	1127.42
69.461	4	140.928
69.5611	10	352.32
69.6612	24	845.568
69.7613	0	0
69.8614	12	422.784
69.9615	21	739.872
70.0616	0	0
70.1617	0	0
70.2617	19	669.408
70.3618	15	528.48
70.4618	6	211.392
70.5619	7	246.624
70.6619	0	0
70.762	0	0
70.862	2	70.464
70.9621	5	176.16
71.0621	8	281.856
71.1622	19	669.408
71.2622	5	176.16
71.3623	10	352.32
71.4623	8	281.856
71.5624	8	281.856
71.6624	0	0
71.7624	0	0
71.8625	9	317.088
71.9625	0	0
72.0626	0	0
72.1626	0	0
72.2627	0	0
72.3627	16	563.712
72.4628	4	140.928
72.5629	3	105.696
72.663	0	0
72.7631	1	35.232
72.8632	15	528.48
72.9633	16	563.712
73.0634	16	563.712
73.1635	2	70.464
73.2636	16	563.712
73.3637	6	211.392
73.4638	6	211.392
73.5639	0	0
73.664	12	422.784
73.7641	0	0
73.8642	0	0
73.9643	16	563.712
74.0644	2	70.464
74.1646	16	563.712
74.2646	13	458.016
74.3646	5	176.16
74.4647	16	563.712
74.5647	16	563.712
74.6648	0	0
74.7649	16	563.712
74.865	16	563.712
74.9651	9	317.088
75.0652	11	387.552
75.1653	14	493.248
75.2654	8	281.856
75.3654	16	563.712
75.4655	9	317.088
75.5657	12	422.784
75.6657	14	493.248
75.7658	16	563.712
75.8659	6	211.392
75.966	15	528.48
76.0662	16	563.712
76.1663	10	352.32
76.2663	19	669.408
76.3664	10	352.32
76.4665	11	387.552
76.5666	7	246.624
76.6667	8	281.856
76.7668	17	598.944
76.8669	5	176.16
76.9669	12	422.784
77.067	14	493.248
77.1671	15	528.48
77.2671	13	458.016
77.3672	12	422.784
77.4673	14	493.248
77.5674	6	211.392
77.6675	14	493.248
77.7676	6	211.392
77.8677	6	211.392
77.9678	18	634.176
78.0679	11	387.552
78.168	11	387.552
78.2681	13	458.016
78.3683	16	563.712
78.4684	18	634.176
78.5685	12	422.784
78.6686	13	458.016
78.7687	11	387.552
78.8689	10	352.32
78.969	18	634.176
79.0691	16	563.712
79.1693	13	458.016
79.2694	12	422.784
79.3695	15	528.48
79.4696	11	387.552
79.5697	7	246.624
79.6698	14	493.248
79.7699	9	317.088
79.87	10	352.32
79.9701	17	598.944
80.0702	5	176.16
80.1702	13	458.016
80.2703	13	458.016
80.3704	7	246.624
80.4705	19	669.408
80.5706	11	387.552
80.6707	13	458.016
80.7709	15	528.48
80.871	9	317.088
80.9711	11	387.552
81.0712	12	422.784
81.1713	8	281.856
81.2714	16	563.712
81.3715	14	493.248
81.4715	11	387.552
81.5716	11	387.552
81.6717	16	563.712
81.7717	16	563.712
81.8718	4	140.928
81.9719	17	598.944
82.072	8	281.856
82.172	8	281.856
82.2721	14	493.248
82.3722	13	458.016
82.4723	12	422.784
82.5724	14	493.248
82.6725	12	422.784
82.7725	12	422.784
82.8726	11	387.552
82.9727	15	528.48
83.0728	3	105.696
83.1731	13	458.016
83.2732	5	176.16
83.3732	10	352.32
83.4733	15	528.48
83.5734	14	493.248
83.6735	6	211.392
83.7736	11	387.552
83.8737	10	352.32
83.9738	7	246.624
84.0739	16	563.712
84.174	10	352.32
84.2741	5	176.16
84.3742	11	387.552
84.4743	18	634.176
84.5744	13	458.016
84.6745	19	669.408
84.7746	6	211.392
84.8747	13	458.016
84.9748	8	281.856
85.0749	22	775.104
85.175	12	422.784
85.2751	20	704.64
85.3752	13	458.016
85.4753	0	0
85.5754	0	0
85.6755	0	0
85.7756	0	0
85.8758	2	70.464
85.9759	5	176.16
86.0759	16	563.712
86.176	10	352.32
86.2761	15	528.48
86.3762	17	598.944
86.4763	8	281.856
86.5764	1	35.232
86.6765	0	0
86.7766	26	916.032
86.8767	0	0
86.9769	22	775.104
87.0769	18	634.176
87.1771	0	0
87.2772	0	0
87.3773	0	0
87.4774	0	0
87.5776	0	0
87.6777	26	916.032
87.7778	1	35.232
87.8779	40	1409.28
87.978	19	669.408
88.0781	0	0
88.1782	0	0
88.2783	0	0
88.3784	11	387.552
88.4786	0	0
88.5787	0	0
88.6787	1	35.232
88.7788	26	916.032
88.8789	0	0
88.979	0	0
89.0791	8	281.856
89.1792	2	70.464
89.2793	19	669.408
89.3794	8	281.856
89.4796	22	775.104
89.5797	29	1021.73
89.6798	29	1021.73
89.7799	13	458.016
89.88	17	598.944
89.9801	14	493.248
90.0802	13	458.016
90.1803	4	140.928
90.2806	9	317.088
90.3807	22	775.104
90.4808	16	563.712
90.5809	0	0
90.6814	3	105.696
90.7814	10	352.32
90.8815	7	246.624
90.9817	0	0
91.0818	30	1056.96
91.1819	4	140.928
91.282	13	458.016
91.3821	14	493.248
91.4823	14	493.248
91.5824	9	317.088
91.6825	15	528.48
91.7826	12	422.784
91.8827	15	528.48
91.9828	9	317.088
92.0829	14	493.248
92.183	6	211.392
92.2832	14	493.248
92.3832	13	458.016
92.4834	2	70.464
92.5835	7	246.624
92.6836	11	387.552
92.7837	6	211.392
92.8838	7	246.624
92.9839	14	493.248
93.0841	11	387.552
93.1842	7	246.624
93.2843	5	176.16
93.3844	0	0
93.4845	0	0
93.5846	9	317.088
93.6848	0	0
93.7848	0	0
93.8849	0	0
93.985	4	140.928
94.0852	5	176.16
94.1853	0	0
94.2854	0	0
94.3855	0	0
94.4856	0	0
94.5857	0	0
94.6858	0	0
94.786	14	493.248
94.8861	9	317.088
94.9862	1	35.232
95.0863	0	0
95.1864	19	669.408
95.2865	2	70.464
95.3866	19	669.408
95.4866	15	528.48
95.5867	12	422.784
95.6868	19	669.408
95.7869	7	246.624
95.887	26	916.032
95.9871	3	105.696
96.0872	32	1127.42
96.1873	5	176.16
96.2874	16	563.712
96.3875	0	0
96.4876	7	246.624
96.5877	12	422.784
96.6878	0	0
96.7879	13	458.016
96.888	6	211.392
96.9881	18	634.176
97.0882	15	528.48
97.1883	22	775.104
97.2885	23	810.336
97.3886	20	704.64
97.4887	10	352.32
97.5888	25	880.8
97.6889	8	281.856
97.789	1	35.232
97.8892	7	246.624
97.9893	0	0
98.0894	26	916.032
98.1895	5	176.16
98.2896	11	387.552
98.39	26	916.032
98.49	18	634.176
98.5902	0	0
98.6903	21	739.872
98.7904	19	669.408
98.8905	8	281.856
98.9906	0	0
99.0907	15	528.48
99.1908	8	281.856
99.2909	23	810.336
99.391	12	422.784
99.4911	22	775.104
99.5912	4	140.928
99.6913	7	246.624
99.7914	17	598.944
99.8915	24	845.568
99.9916	22	775.104
100.092	18	634.176
100.192	26	916.032
100.292	15	528.48
100.392	25	880.8
100.492	17	598.944
100.592	9	317.088
100.692	24	845.568
100.792	18	634.176
100.893	12	422.784
100.993	14	493.248
101.093	18	634.176
101.193	26	916.032
101.293	26	916.032
101.393	22	775.104
101.493	13	458.016
101.593	26	916.032
101.693	25	880.8
101.794	5	176.16
101.894	24	845.568
101.994	22	775.104
102.094	11	387.552
102.194	20	704.64
102.294	7	246.624
102.394	6	211.392
102.494	15	528.48
102.595	8	281.856
102.695	17	598.944
102.795	19	669.408
102.895	19	669.408
102.995	4	140.928
103.095	4	140.928
103.195	18	634.176
103.295	0	0
103.395	23	810.336
103.496	17	598.944
103.596	10	352.32
103.696	16	563.712
103.796	17	598.944
103.896	7	246.624
103.996	17	598.944
104.096	2	70.464
104.196	19	669.408
104.297	12	422.784
104.397	18	634.176
104.497	16	563.712
104.597	21	739.872
104.697	12	422.784
104.797	24	845.568
104.897	17	598.944
104.997	25	880.8
105.098	19	669.408
105.198	19	669.408
105.298	27	951.264
105.398	29	1021.73
105.498	19	669.408
105.598	19	669.408
105.698	30	1056.96
105.798	11	387.552
105.898	16	563.712
105.999	0	0
106.099	1	35.232
106.199	32	1127.42
106.299	6	211.392
106.399	12	422.784
106.499	8	281.856
106.599	16	563.712
106.699	12	422.784
106.799	12	422.784
106.9	0	0
107	0	0
107.1	0	0
107.2	19	669.408
107.3	13	458.016
107.4	13	458.016
107.5	19	669.408
107.6	16	563.712
107.7	22	775.104
107.8	10	352.32
107.901	23	810.336
108.001	20	704.64
108.101	18	634.176
108.201	17	598.944
108.301	2	70.464
108.401	25	880.8
108.501	8	281.856
108.601	0	0
108.702	2	70.464
108.802	26	916.032
108.902	3	105.696
109.002	0	0
109.102	0	0
109.202	8	281.856
109.302	15	528.48
109.402	8	281.856
109.502	6	211.392
109.602	14	493.248
109.703	18	634.176
109.803	19	669.408
109.903	18	634.176
110.003	12	422.784
110.103	19	669.408
110.203	22	775.104
110.303	11	387.552
110.403	0	0
110.503	23	810.336
110.603	20	704.64
110.703	1	35.232
110.804	7	246.624
110.904	17	598.944
111.004	8	281.856
111.104	0	0
111.204	18	634.176
111.304	9	317.088
111.404	23	810.336
111.504	0	0
111.604	0	0
111.705	10	352.32
111.805	11	387.552
111.905	0	0
112.005	29	1021.73
112.105	15	528.48
112.205	4	140.928
112.305	14	493.248
112.405	2	70.464
112.505	16	563.712
112.605	18	634.176
112.706	13	458.016
112.806	14	493.248
112.906	11	387.552
113.006	20	704.64
113.106	12	422.784
113.206	20	704.64
113.306	0	0
113.407	23	810.336
113.507	21	739.872
113.607	23	810.336
113.707	17	598.944
113.807	18	634.176
113.907	0	0
114.007	18	634.176
114.108	8	281.856
114.208	20	704.64
114.308	8	281.856
114.408	2	70.464
114.508	13	458.016
114.608	16	563.712
114.708	13	458.016
114.808	17	598.944
114.908	11	387.552
115.009	19	669.408
115.109	6	211.392
115.209	9	317.088
115.309	6	211.392
115.409	0	0
115.509	0	0
115.609	21	739.872
115.709	12	422.784
115.809	10	352.32
115.91	12	422.784
116.01	12	422.784
116.11	17	598.944
116.21	11	387.552
116.31	18	634.176
116.41	13	458.016
116.51	12	422.784
116.61	18	634.176
116.71	19	669.408
116.81	21	739.872
116.91	6	211.392
117.011	23	810.336
117.111	22	775.104
117.211	25	880.8
117.311	17	598.944
117.411	22	775.104
117.511	17	598.944
117.611	22	775.104
117.711	20	704.64
117.812	24	845.568
117.912	9	317.088
118.012	6	211.392
118.112	2	70.464
118.212	13	458.016
118.312	16	563.712
118.412	1	35.232
118.512	6	211.392
118.612	12	422.784
118.713	16	563.712
118.813	13	458.016
118.913	15	528.48
119.013	1	35.232
119.113	17	598.944
119.213	0	0
119.313	10	352.32
119.413	2	70.464
119.513	20	704.64
119.614	14	493.248
119.714	0	0
119.814	8	281.856
119.914	18	634.176
120.014	23	810.336
120.114	1	35.232
120.214	24	845.568
120.314	11	387.552
120.415	25	880.8
120.515	16	563.712
120.615	16	563.712
120.715	0	0
120.815	27	951.264
120.915	23	810.336
121.015	14	493.248
121.115	20	704.64
121.215	0	0
121.316	0	0
121.416	30	1056.96
121.516	31	1092.19
121.616	9	317.088
121.716	14	493.248
121.816	17	598.944
121.916	14	493.248
122.016	10	352.32
122.116	33	1162.66
122.217	28	986.496
122.317	36	1268.35
122.417	18	634.176
122.517	23	810.336
122.618	17	598.944
122.718	27	951.264
122.818	31	1092.19
122.918	39	1374.05
123.018	2	70.464
123.118	7	246.624
123.218	20	704.64
123.318	25	880.8
123.419	13	458.016
123.519	9	317.088
123.619	16	563.712
123.719	17	598.944
123.819	17	598.944
123.919	20	704.64
124.019	11	387.552
124.119	25	880.8
124.219	16	563.712
124.319	13	458.016
124.42	29	1021.73
124.52	29	1021.73
124.62	16	563.712
124.72	16	563.712
124.82	25	880.8
124.92	6	211.392
125.02	28	986.496
125.12	25	880.8
125.22	8	281.856
125.321	3	105.696
125.421	16	563.712
125.521	1	35.232
125.621	19	669.408
125.721	5	176.16
125.821	14	493.248
125.921	0	0
126.021	0	0
126.121	0	0
126.221	14	493.248
126.321	3	105.696
126.422	14	493.248
126.522	16	563.712
126.622	18	634.176
126.722	2	70.464
126.822	2	70.464
126.922	0	0
127.022	0	0
127.122	0	0
127.223	20	704.64
127.323	10	352.32
127.423	4	140.928
127.523	1	35.232
127.623	5	176.16
127.723	7	246.624
127.823	0	0
127.923	10	352.32
128.023	7	246.624
128.123	1	35.232
128.224	4	140.928
128.324	18	634.176
128.424	14	493.248
128.524	3	105.696
128.624	28	986.496
128.724	15	528.48
128.824	0	0
128.924	3	105.696
129.024	19	669.408
129.125	10	352.32
129.225	27	951.264
129.325	9	317.088
129.425	5	176.16
129.525	22	775.104
129.625	16	563.712
129.725	15	528.48
129.825	29	1021.73
129.925	13	458.016
130.026	24	845.568
130.126	18	634.176
130.226	15	528.48
130.326	14	493.248
130.426	11	387.552
130.526	15	528.48
130.626	11	387.552
130.726	26	916.032
130.827	46	1620.67
130.927	15	528.48
131.027	0	0
131.127	3	105.696
131.227	0	0
131.327	0	0
131.427	0	0
131.527	0	0
131.627	0	0
131.728	0	0
131.828	5	176.16
131.928	29	1021.73
132.028	0	0
132.128	21	739.872
132.228	7	246.624
132.328	15	528.48
132.428	0	0
132.528	0	0
132.629	3	105.696
132.729	0	0
132.829	3	105.696
132.929	0	0
133.029	8	281.856
133.129	9	317.088
133.229	0	0
133.329	0	0
133.429	18	634.176
133.53	10	352.32
133.63	23	810.336
133.73	26	916.032
133.83	8	281.856
133.93	16	563.712
134.03	19	669.408
134.13	15	528.48
134.23	15	528.48
134.33	31	1092.19
134.431	17	598.944
134.531	15	528.48
134.631	25	880.8
134.731	14	493.248
134.831	20	704.64
134.931	16	563.712
135.031	9	317.088
135.131	8	281.856
135.231	3	105.696
135.332	6	211.392
135.432	6	211.392
135.532	11	387.552
135.632	18	634.176
135.732	12	422.784
135.832	15	528.48
135.932	17	598.944
136.032	21	739.872
136.132	19	669.408
136.232	13	458.016
136.332	19	669.408
136.433	6	211.392
136.533	11	387.552
136.633	14	493.248
136.733	4	140.928
136.833	0	0
136.934	7	246.624
137.034	11	387.552
137.134	2	70.464
137.234	16	563.712
137.334	11	387.552
137.434	16	563.712
137.534	8	281.856
137.634	11	387.552
137.734	1	35.232
137.834	18	634.176
137.935	13	458.016
138.035	12	422.784
138.135	0	0
138.235	3	105.696
138.335	2	70.464
138.435	0	0
138.535	0	0
138.635	11	387.552
138.735	13	458.016
138.836	6	211.392
138.936	0	0
139.036	0	0
139.136	0	0
139.236	6	211.392
139.336	0	0
139.436	0	0
139.536	2	70.464
139.636	15	528.48
139.736	15	528.48
139.837	15	528.48
139.937	0	0
140.037	4	140.928
140.137	0	0
140.237	0	0
140.337	7	246.624
140.437	16	563.712
140.538	4	140.928
140.638	0	0
140.738	0	0
140.838	4	140.928
140.938	3	105.696
141.038	25	880.8
141.138	3	105.696
141.238	0	0
141.339	18	634.176
141.439	7	246.624
141.539	0	0
141.639	0	0
141.739	11	387.552
141.839	0	0
141.939	3	105.696
142.039	0	0
142.14	15	528.48
142.24	10	352.32
142.34	2	70.464
142.44	12	422.784
142.54	0	0
142.64	4	140.928
142.741	4	140.928
142.841	7	246.624
142.941	2	70.464
143.041	10	352.32
143.141	8	281.856
143.241	2	70.464
143.341	17	598.944
143.441	11	387.552
143.541	15	528.48
143.642	12	422.784
143.742	2	70.464
143.842	12	422.784
143.942	19	669.408
144.042	0	0
144.142	2	70.464
144.242	20	704.64
144.342	11	387.552
144.442	20	704.64
144.543	7	246.624
144.643	0	0
144.743	0	0
144.843	0	0
144.943	0	0
145.043	12	422.784
145.143	0	0
145.243	5	176.16
145.343	12	422.784
145.443	24	845.568
145.544	14	493.248
145.644	4	140.928
145.744	0	0
145.844	0	0
145.944	0	0
146.044	0	0
146.144	6	211.392
146.244	6	211.392
146.344	20	704.64
146.445	9	317.088
146.545	0	0
146.645	1	35.232
146.745	23	810.336
146.845	11	387.552
146.945	20	704.64
147.045	13	458.016
147.145	16	563.712
147.245	14	493.248
147.346	29	1021.73
147.446	10	352.32
147.546	11	387.552
147.646	0	0
147.746	17	598.944
147.846	16	563.712
147.946	22	775.104
148.046	18	634.176
148.146	7	246.624
148.246	0	0
148.347	19	669.408
148.447	0	0
148.547	3	105.696
148.647	10	352.32
148.747	7	246.624
148.847	0	0
148.947	0	0
149.047	5	176.16
149.147	30	1056.96
149.247	14	493.248
149.348	11	387.552
149.448	18	634.176
149.548	15	528.48
149.648	14	493.248
149.748	3	105.696
149.848	16	563.712
149.948	3	105.696
150.048	8	281.856
150.149	9	317.088
150.249	0	0
150.349	6	211.392
150.449	7	246.624
150.549	4	140.928
150.649	2	70.464
150.749	0	0
150.849	0	0
150.949	0	0
151.05	12	422.784
151.15	16	563.712
151.25	2	70.464
151.35	11	387.552
151.45	6	211.392
151.55	1	35.232
151.651	18	634.176
151.751	15	528.48
151.851	17	598.944
151.951	13	458.016
152.051	21	739.872
152.151	9	317.088
152.251	26	916.032
152.351	5	176.16
152.452	22	775.104
152.552	23	810.336
152.652	3	105.696
152.752	30	1056.96
152.852	33	1162.66
152.952	10	352.32
153.052	9	317.088
153.152	19	669.408
153.253	5	176.16
153.353	5	176.16
153.453	19	669.408
153.553	0	0
153.653	0	0
153.753	0	0
153.853	15	528.48
153.953	4	140.928
154.054	15	528.48
154.154	11	387.552
154.254	15	528.48
154.354	7	246.624
154.454	14	493.248
154.554	14	493.248
154.654	1	35.232
154.754	10	352.32
154.854	7	246.624
154.955	4	140.928
155.055	1	35.232
155.155	10	352.32
155.255	0	0
155.355	14	493.248
155.455	11	387.552
155.555	6	211.392
155.655	0	0
155.756	0	0
155.856	18	634.176
155.956	1	35.232
156.056	0	0
156.156	0	0
156.256	20	704.64
156.356	7	246.624
156.456	22	775.104
156.556	6	211.392
156.657	0	0
156.757	0	0
156.857	0	0
156.957	8	281.856
157.057	22	775.104
157.157	19	669.408
157.257	0	0
157.357	6	211.392
157.457	19	669.408
157.558	17	598.944
157.658	6	211.392
157.758	28	986.496
157.858	3	105.696
157.958	4	140.928
158.058	19	669.408
158.158	2	70.464
158.258	6	211.392
158.359	2	70.464
158.459	0	0
158.559	0	0
158.659	5	176.16
158.759	30	1056.96
158.859	6	211.392
158.959	0	0
159.059	0	0
159.16	11	387.552
159.26	12	422.784
159.36	0	0
159.46	19	669.408
159.56	10	352.32
159.66	0	0
159.76	10	352.32
159.86	20	704.64
159.961	20	704.64
160.061	25	880.8
160.161	18	634.176
160.261	25	880.8
160.361	19	669.408
160.461	26	916.032
160.561	30	1056.96
160.661	0	0
160.762	0	0
160.862	0	0
160.962	25	880.8
161.062	19	669.408
161.162	17	598.944
161.262	13	458.016
161.362	13	458.016
161.462	19	669.408
161.562	16	563.712
161.663	22	775.104
161.763	8	281.856
161.863	0	0
161.963	0	0
162.063	9	317.088
162.163	16	563.712
162.263	15	528.48
162.364	17	598.944
162.464	19	669.408
162.564	7	246.624
162.664	19	669.408
162.764	13	458.016
162.864	10	352.32
162.964	1	35.232
163.064	16	563.712
163.164	18	634.176
163.265	15	528.48
163.365	16	563.712
163.465	10	352.32
163.565	18	634.176
163.665	18	634.176
163.765	11	387.552
163.865	30	1056.96
163.965	21	739.872
164.065	23	810.336
164.165	5	176.16
164.266	30	1056.96
164.366	11	387.552
164.466	32	1127.42
164.566	7	246.624
164.666	32	1127.42
164.766	19	669.408
164.866	14	493.248
164.966	8	281.856
165.067	12	422.784
165.167	13	458.016
165.267	7	246.624
165.367	16	563.712
165.467	12	422.784
165.567	8	281.856
165.667	14	493.248
165.767	18	634.176
165.867	15	528.48
165.967	22	775.104
166.068	22	775.104
166.169	10	352.32
166.269	4	140.928
166.369	10	352.32
166.469	9	317.088
166.569	5	176.16
166.669	7	246.624
166.77	11	387.552
166.87	9	317.088
166.97	7	246.624
167.07	18	634.176
167.17	9	317.088
167.27	11	387.552
167.37	11	387.552
167.47	12	422.784
167.57	10	352.32
167.67	13	458.016
167.771	13	458.016
167.871	10	352.32
167.971	12	422.784
168.071	10	352.32
168.171	11	387.552
168.271	9	317.088
168.371	12	422.784
168.471	13	458.016
168.571	11	387.552
168.672	13	458.016
168.772	11	387.552
168.872	7	246.624
168.972	5	176.16
169.072	9	317.088
169.172	7	246.624
169.272	8	281.856
169.372	6	211.392
169.472	8	281.856
169.573	8	281.856
169.673	6	211.392
169.773	13	458.016
169.873	13	458.016
169.973	7	246.624
170.073	8	281.856
170.173	10	352.32
170.273	5	176.16
170.373	17	598.944
170.473	8	281.856
170.574	4	140.928
170.674	0	0
170.774	5	176.16
170.874	26	916.032
170.974	8	281.856
171.074	10	352.32
171.174	0	0
171.274	1	35.232
171.374	4	140.928
171.475	16	563.712
171.575	10	352.32
171.675	9	317.088
171.775	7	246.624
171.875	15	528.48
171.975	19	669.408
172.075	0	0
172.175	0	0
172.275	2	70.464
172.376	2	70.464
172.476	11	387.552
172.576	6	211.392
172.676	9	317.088
172.776	4	140.928
172.876	12	422.784
172.976	0	0
173.076	0	0
173.176	0	0
173.277	6	211.392
173.377	14	493.248
173.477	4	140.928
173.577	0	0
173.677	0	0
173.777	0	0
173.877	4	140.928
173.977	16	563.712
174.077	18	634.176
174.177	10	352.32
174.278	17	598.944
174.378	16	563.712
174.478	23	810.336
174.578	6	211.392
174.678	0	0
174.778	0	0
174.878	13	458.016
174.978	5	176.16
175.079	6	211.392
175.179	21	739.872
175.279	23	810.336
175.379	24	845.568
175.479	0	0
175.579	0	0
175.679	0	0
175.779	1	35.232
175.879	0	0
175.979	9	317.088
176.08	8	281.856
176.18	2	70.464
176.28	14	493.248
176.38	0	0
176.48	19	669.408
176.58	3	105.696
176.68	0	0
176.78	0	0
176.881	4	140.928
176.981	0	0
177.081	17	598.944
177.181	8	281.856
177.281	15	528.48
177.381	7	246.624
177.481	7	246.624
177.581	17	598.944
177.681	3	105.696
177.782	2	70.464
177.882	24	845.568
177.982	26	916.032
178.082	9	317.088
178.182	7	246.624
178.282	4	140.928
178.382	11	387.552
178.482	9	317.088
178.583	0	0
178.683	14	493.248
178.783	28	986.496
178.883	31	1092.19
178.983	35	1233.12
179.083	32	1127.42
179.183	39	1374.05
179.283	41	1444.51
179.384	26	916.032
179.484	43	1514.98
179.584	12	422.784
179.684	10	352.32
179.784	3	105.696
179.884	5	176.16
179.984	19	669.408
180.084	12	422.784
180.185	15	528.48
180.285	15	528.48
180.385	17	598.944
180.486	19	669.408
180.586	19	669.408
180.686	24	845.568
180.786	24	845.568
180.886	28	986.496
180.986	14	493.248
181.086	17	598.944
181.186	16	563.712
181.287	10	352.32
181.387	10	352.32
181.487	0	0
181.587	0	0
181.687	15	528.48
181.787	0	0
181.887	0	0
181.987	4	140.928
182.087	9	317.088
182.188	16	563.712
182.288	17	598.944
182.388	19	669.408
182.488	21	739.872
182.588	14	493.248
182.688	7	246.624
182.788	17	598.944
182.888	14	493.248
182.988	19	669.408
183.089	22	775.104
183.189	24	845.568
183.289	26	916.032
183.389	28	986.496
183.489	27	951.264
183.589	31	1092.19
183.689	16	563.712
183.789	29	1021.73
183.889	28	986.496
183.99	31	1092.19
184.09	38	1338.82
184.19	22	775.104
184.29	42	1479.74
184.39	44	1550.21
184.49	46	1620.67
184.59	48	1691.14
184.69	31	1092.19
184.79	49	1726.37
184.89	45	1585.44
184.99	50	1761.6
185.09	50	1761.6
185.191	59	2078.69
185.291	59	2078.69
185.391	53	1867.3
185.491	14	493.248
185.591	6	211.392
185.691	24	845.568
185.791	40	1409.28
185.891	8	281.856
185.991	18	634.176
186.092	22	775.104
186.192	24	845.568
186.292	25	880.8
186.392	24	845.568
186.492	12	422.784
186.592	30	1056.96
186.692	21	739.872
186.792	13	458.016
186.892	2	70.464
186.992	0	0
187.093	0	0
187.193	14	493.248
187.293	15	528.48
187.393	16	563.712
187.493	18	634.176
187.593	16	563.712
187.693	6	211.392
187.794	3	105.696
187.894	19	669.408
187.994	15	528.48
188.094	2	70.464
188.194	0	0
188.294	0	0
188.394	0	0
188.495	17	598.944
188.595	14	493.248
188.695	16	563.712
188.795	18	634.176
188.895	20	704.64
188.995	4	140.928
189.095	18	634.176
189.195	10	352.32
189.295	1	35.232
189.396	17	598.944
189.496	0	0
189.596	0	0
189.696	2	70.464
189.796	24	845.568
189.896	15	528.48
189.996	17	598.944
190.096	19	669.408
190.197	19	669.408
190.297	22	775.104
190.397	23	810.336
190.497	7	246.624
190.597	27	951.264
190.697	24	845.568
190.797	30	1056.96
190.897	32	1127.42
190.997	19	669.408
191.097	27	951.264
191.198	30	1056.96
191.298	30	1056.96
191.398	15	528.48
191.498	40	1409.28
191.598	21	739.872
191.698	28	986.496
191.798	40	1409.28
191.898	23	810.336
191.998	4	140.928
192.098	9	317.088
192.199	34	1197.89
192.299	14	493.248
192.399	16	563.712
192.499	17	598.944
192.599	22	775.104
192.699	11	387.552
192.799	23	810.336
192.899	23	810.336
192.999	28	986.496
193.099	28	986.496
193.2	15	528.48
193.3	25	880.8
193.4	18	634.176
193.5	35	1233.12
193.6	12	422.784
193.7	21	739.872
193.8	30	1056.96
193.9	4	140.928
194	17	598.944
194.101	19	669.408
194.201	10	352.32
194.301	22	775.104
194.401	19	669.408
194.501	25	880.8
194.601	6	211.392
194.701	9	317.088
194.801	9	317.088
194.901	1	35.232
195.002	2	70.464
195.102	14	493.248
195.202	0	0
195.302	0	0
195.402	2	70.464
195.502	1	35.232
195.602	11	387.552
195.702	2	70.464
195.802	0	0
195.903	0	0
196.003	7	246.624
196.103	0	0
196.203	1	35.232
196.303	0	0
196.403	15	528.48
196.503	1	35.232
196.603	5	176.16
196.703	12	422.784
196.803	10	352.32
196.904	2	70.464
197.004	2	70.464
197.104	0	0
197.204	8	281.856
197.304	2	70.464
197.404	2	70.464
197.504	14	493.248
197.604	14	493.248
197.705	5	176.16
197.805	0	0
197.905	0	0
198.005	5	176.16
198.105	18	634.176
198.205	10	352.32
198.305	2	70.464
198.405	3	105.696
198.505	0	0
198.606	5	176.16
198.706	13	458.016
198.806	2	70.464
198.906	0	0
199.006	0	0
199.106	0	0
199.206	22	775.104
199.306	3	105.696
199.406	2	70.464
199.507	9	317.088
199.607	15	528.48
199.707	8	281.856
199.807	10	352.32
199.907	7	246.624
200.007	29	1021.73
200.107	8	281.856
200.207	4	140.928
200.307	4	140.928
200.408	30	1056.96
200.508	16	563.712
200.608	16	563.712
200.708	11	387.552
200.808	5	176.16
200.908	0	0
201.008	8	281.856
201.108	20	704.64
201.208	22	775.104
201.309	19	669.408
201.409	0	0
201.509	0	0
201.609	0	0
201.709	5	176.16
201.809	12	422.784
201.909	6	211.392
202.009	0	0
202.109	0	0
202.21	0	0
202.31	0	0
202.41	0	0
202.51	13	458.016
202.61	2	70.464
202.71	0	0
202.81	0	0
202.91	0	0
203.011	21	739.872
203.111	7	246.624
203.211	16	563.712
203.311	13	458.016
203.411	16	563.712
203.511	8	281.856
203.611	13	458.016
203.711	13	458.016
203.811	7	246.624
203.912	8	281.856
204.012	11	387.552
204.112	11	387.552
204.212	13	458.016
204.312	15	528.48
204.413	17	598.944
204.513	27	951.264
204.613	11	387.552
204.713	21	739.872
204.813	9	317.088
204.913	13	458.016
205.013	16	563.712
205.113	9	317.088
205.213	4	140.928
205.314	9	317.088
205.414	7	246.624
205.514	2	70.464
205.614	2	70.464
205.714	1	35.232
205.814	7	246.624
205.914	16	563.712
206.014	13	458.016
206.114	6	211.392
206.215	0	0
206.315	0	0
206.415	2	70.464
206.515	0	0
206.615	0	0
206.715	12	422.784
206.815	9	317.088
206.915	11	387.552
207.016	14	493.248
207.116	11	387.552
207.216	10	352.32
207.316	0	0
207.416	0	0
207.516	15	528.48
207.616	4	140.928
207.716	0	0
207.816	0	0
207.916	0	0
208.017	0	0
208.117	0	0
208.217	9	317.088
208.317	7	246.624
208.417	0	0
208.517	14	493.248
208.617	8	281.856
208.717	0	0
208.817	3	105.696
208.918	0	0
209.018	10	352.32
209.118	2	70.464
209.218	1	35.232
209.318	0	0
209.418	8	281.856
209.518	12	422.784
209.618	1	35.232
209.718	1	35.232
209.819	0	0
209.919	0	0
210.019	1	35.232
210.119	5	176.16
210.219	13	458.016
210.319	11	387.552
210.419	14	493.248
210.519	4	140.928
210.619	11	387.552
210.72	10	352.32
210.82	16	563.712
210.92	17	598.944
211.02	13	458.016
211.12	9	317.088
211.22	16	563.712
211.32	16	563.712
211.42	11	387.552
211.52	6	211.392
211.62	6	211.392
211.721	2	70.464
211.821	0	0
211.921	0	0
212.021	8	281.856
212.121	19	669.408
212.221	1	35.232
212.321	4	140.928
212.421	0	0
212.522	1	35.232
212.622	0	0
212.722	0	0
212.822	0	0
212.922	0	0
213.022	0	0
213.122	16	563.712
213.222	14	493.248
213.322	6	211.392
213.422	14	493.248
213.522	3	105.696
213.623	2	70.464
213.723	0	0
213.823	2	70.464
213.923	17	598.944
214.023	2	70.464
214.123	1	35.232
214.223	21	739.872
214.323	3	105.696
214.423	0	0
214.524	1	35.232
214.624	0	0
214.724	23	810.336
214.824	5	176.16
214.924	3	105.696
215.024	7	246.624
215.124	0	0
215.224	6	211.392
215.324	0	0
215.424	0	0
215.525	0	0
215.625	10	352.32
215.725	17	598.944
215.825	6	211.392
215.925	13	458.016
216.025	6	211.392
216.125	11	387.552
216.225	16	563.712
216.325	14	493.248
216.426	15	528.48
216.526	15	528.48
216.626	10	352.32
216.726	9	317.088
216.826	15	528.48
216.926	16	563.712
217.026	6	211.392
217.126	7	246.624
217.226	2	70.464
217.327	0	0
217.427	12	422.784
217.527	10	352.32
217.627	10	352.32
217.727	13	458.016
217.827	14	493.248
217.927	9	317.088
218.027	13	458.016
218.127	12	422.784
218.228	14	493.248
218.328	1	35.232
218.428	14	493.248
218.528	8	281.856
218.628	23	810.336
218.728	15	528.48
218.828	26	916.032
218.928	28	986.496
219.028	26	916.032
219.128	32	1127.42
219.229	31	1092.19
219.329	16	563.712
219.429	11	387.552
219.529	27	951.264
219.629	6	211.392
219.729	34	1197.89
219.829	6	211.392
219.929	2	70.464
220.029	6	211.392
220.129	9	317.088
220.23	11	387.552
220.33	14	493.248
220.43	11	387.552
220.53	1	35.232
220.63	0	0
220.73	0	0
220.83	0	0
220.93	6	211.392
221.03	11	387.552
221.131	1	35.232
221.231	14	493.248
221.331	6	211.392
221.431	11	387.552
221.531	14	493.248
221.631	19	669.408
221.731	12	422.784
221.831	22	775.104
221.931	24	845.568
222.031	20	704.64
222.132	25	880.8
222.232	24	845.568
222.332	31	1092.19
222.432	29	1021.73
222.532	34	1197.89
222.632	32	1127.42
222.732	38	1338.82
222.832	32	1127.42
222.932	26	916.032
223.033	39	1374.05
223.133	44	1550.21
223.233	19	669.408
223.333	13	458.016
223.433	26	916.032
223.533	18	634.176
223.633	18	634.176
223.733	8	281.856
223.833	11	387.552
223.934	12	422.784
224.034	18	634.176
224.134	13	458.016
224.234	12	422.784
224.334	14	493.248
224.434	6	211.392
224.534	10	352.32
224.634	11	387.552
224.734	2	70.464
224.834	9	317.088
224.935	8	281.856
225.035	12	422.784
225.135	10	352.32
225.235	13	458.016
225.335	9	317.088
225.435	14	493.248
225.535	9	317.088
225.635	0	0
225.735	0	0
225.836	14	493.248
225.936	8	281.856
226.036	2	70.464
226.136	2	70.464
226.236	0	0
226.336	15	528.48
226.436	4	140.928
226.537	1	35.232
226.637	0	0
226.737	5	176.16
226.837	0	0
226.937	7	246.624
227.037	7	246.624
227.137	0	0
227.237	2	70.464
227.337	0	0
227.438	2	70.464
227.538	1	35.232
227.638	15	528.48
227.738	2	70.464
227.838	10	352.32
227.938	18	634.176
228.038	6	211.392
228.138	6	211.392
228.238	2	70.464
228.339	0	0
228.439	0	0
228.539	6	211.392
228.639	15	528.48
228.739	14	493.248
228.839	10	352.32
228.939	17	598.944
229.04	9	317.088
229.14	21	739.872
229.24	3	105.696
229.34	9	317.088
229.44	15	528.48
229.54	7	246.624
229.64	9	317.088
229.74	11	387.552
229.84	16	563.712
229.94	14	493.248
230.041	10	352.32
230.141	9	317.088
230.241	28	986.496
230.341	9	317.088
230.441	13	458.016
230.541	14	493.248
230.641	9	317.088
230.741	16	563.712
230.842	3	105.696
230.942	1	35.232
231.042	11	387.552
231.142	0	0
231.242	14	493.248
231.342	1	35.232
231.442	15	528.48
231.542	15	528.48
231.642	15	528.48
231.743	7	246.624
231.843	13	458.016
231.943	8	281.856
232.043	3	105.696
232.143	2	70.464
232.243	12	422.784
232.343	17	598.944
232.443	14	493.248
232.543	6	211.392
232.644	7	246.624
232.744	18	634.176
232.844	13	458.016
232.944	8	281.856
233.044	6	211.392
233.144	22	775.104
233.244	8	281.856
233.344	2	70.464
233.444	11	387.552
233.544	19	669.408
233.645	1	35.232
233.745	2	70.464
233.845	3	105.696
233.945	32	1127.42
234.045	22	775.104
234.145	3	105.696
234.245	10	352.32
234.345	10	352.32
234.446	6	211.392
234.546	16	563.712
234.646	14	493.248
234.746	21	739.872
234.846	13	458.016
234.946	12	422.784
235.046	15	528.48
235.146	7	246.624
235.246	7	246.624
235.347	0	0
235.447	0	0
235.547	0	0
235.647	0	0
235.747	0	0
235.847	0	0
235.947	4	140.928
236.047	16	563.712
236.148	10	352.32
236.248	3	105.696
236.348	14	493.248
236.448	5	176.16
236.548	0	0
236.648	15	528.48
236.748	0	0
236.848	0	0
236.949	13	458.016
237.049	2	70.464
237.149	0	0
237.249	8	281.856
237.349	5	176.16
237.449	0	0
237.549	5	176.16
237.649	2	70.464
237.749	16	563.712
237.849	2	70.464
237.95	0	0
238.05	10	352.32
238.15	2	70.464
238.25	15	528.48
238.35	4	140.928
238.45	0	0
238.55	2	70.464
238.65	16	563.712
238.751	4	140.928
238.851	0	0
238.951	2	70.464
239.051	1	35.232
239.151	6	211.392
239.251	0	0
239.351	0	0
239.451	0	0
239.551	29	1021.73
239.651	4	140.928
239.752	0	0
239.852	0	0
239.952	1	35.232
240.052	10	352.32
240.152	0	0
240.252	2	70.464
240.352	4	140.928
240.452	0	0
240.552	7	246.624
240.653	0	0
240.753	2	70.464
240.853	6	211.392
240.953	27	951.264
241.053	0	0
241.154	2	70.464
241.254	4	140.928
241.354	0	0
241.454	0	0
241.554	9	317.088
241.654	18	634.176
241.754	5	176.16
241.854	8	281.856
241.955	2	70.464
242.055	0	0
242.155	0	0
242.255	13	458.016
242.355	3	105.696
242.455	0	0
242.555	0	0
242.655	10	352.32
242.755	11	387.552
242.856	0	0
242.956	24	845.568
243.056	3	105.696
243.156	4	140.928
243.256	0	0
243.356	0	0
243.456	0	0
243.556	2	70.464
243.656	22	775.104
243.757	0	0
243.857	1	35.232
243.957	4	140.928
244.057	24	845.568
244.157	0	0
244.257	2	70.464
244.357	13	458.016
244.457	1	35.232
244.557	6	211.392
244.658	0	0
244.758	8	281.856
244.858	16	563.712
244.958	0	0
245.058	0	0
245.158	6	211.392
245.258	6	211.392
245.358	5	176.16
245.458	0	0
245.559	1	35.232
245.659	16	563.712
245.759	0	0
245.859	0	0
245.959	0	0
246.059	0	0
246.159	20	704.64
246.259	13	458.016
246.359	8	281.856
246.46	1	35.232
246.56	17	598.944
246.66	2	70.464
246.76	0	0
246.86	0	0
246.96	0	0
247.06	9	317.088
247.16	10	352.32
247.26	11	387.552
247.36	0	0
247.461	0	0
247.561	6	211.392
247.661	4	140.928
247.761	21	739.872
247.861	0	0
247.961	22	775.104
248.061	0	0
248.161	7	246.624
248.261	20	704.64
248.362	0	0
248.462	0	0
248.562	0	0
248.662	11	387.552
248.762	24	845.568
248.862	16	563.712
248.962	26	916.032
249.062	0	0
249.163	4	140.928
249.263	0	0
249.363	17	598.944
249.463	20	704.64
249.563	0	0
249.663	0	0
249.763	0	0
249.863	3	105.696
249.963	33	1162.66
250.064	20	704.64
250.164	0	0
250.264	18	634.176
250.364	31	1092.19
250.464	14	493.248
250.564	26	916.032
250.664	13	458.016
250.764	0	0
250.865	0	0
250.965	21	739.872
251.065	10	352.32
251.165	0	0
251.265	0	0
251.365	0	0
251.465	15	528.48
251.565	30	1056.96
251.666	17	598.944
251.766	17	598.944
251.866	18	634.176
251.966	14	493.248
252.066	7	246.624
252.166	24	845.568
252.267	14	493.248
252.367	0	0
252.467	0	0
252.567	20	704.64
252.667	24	845.568
252.767	16	563.712
252.867	15	528.48
252.967	0	0
253.068	30	1056.96
253.168	0	0
253.268	10	352.32
253.368	0	0
253.468	25	880.8
253.568	3	105.696
253.668	4	140.928
253.768	8	281.856
253.868	1	35.232
253.968	16	563.712
254.069	2	70.464
254.169	0	0
254.269	19	669.408
254.369	0	0
254.469	19	669.408
254.569	9	317.088
254.669	9	317.088
254.769	17	598.944
254.87	8	281.856
254.97	0	0
255.07	1	35.232
255.17	11	387.552
255.27	12	422.784
255.37	10	352.32
255.471	19	669.408
255.571	26	916.032
255.671	5	176.16
255.771	12	422.784
255.871	19	669.408
255.971	24	845.568
256.071	29	1021.73
256.172	18	634.176
256.272	31	1092.19
256.372	33	1162.66
256.472	18	634.176
256.572	8	281.856
256.672	11	387.552
256.772	27	951.264
256.872	20	704.64
256.972	17	598.944
257.073	19	669.408
257.173	13	458.016
257.273	40	1409.28
257.373	21	739.872
257.473	19	669.408
257.573	13	458.016
257.673	18	634.176
257.773	25	880.8
257.873	9	317.088
257.973	2	70.464
258.074	16	563.712
258.174	17	598.944
258.274	12	422.784
258.374	24	845.568
258.474	15	528.48
258.574	8	281.856
258.674	19	669.408
258.774	7	246.624
258.875	21	739.872
258.975	11	387.552
259.075	11	387.552
259.175	9	317.088
259.275	19	669.408
259.375	25	880.8
259.475	20	704.64
259.575	25	880.8
259.675	11	387.552
259.776	31	1092.19
259.876	32	1127.42
259.976	18	634.176
260.076	15	528.48
260.177	25	880.8
260.277	7	246.624
260.377	26	916.032
260.477	11	387.552
260.577	23	810.336
260.677	9	317.088
260.777	38	1338.82
260.877	6	211.392
260.977	17	598.944
261.078	15	528.48
261.178	24	845.568
261.278	8	281.856
261.378	8	281.856
261.478	6	211.392
261.578	11	387.552
261.678	9	317.088
261.778	13	458.016
261.878	15	528.48
261.979	15	528.48
262.079	5	176.16
262.179	16	563.712
262.279	12	422.784
262.38	20	704.64
262.48	16	563.712
262.58	1	35.232
262.68	9	317.088
262.78	23	810.336
262.88	11	387.552
262.98	12	422.784
263.08	7	246.624
263.181	15	528.48
263.281	9	317.088
263.381	18	634.176
263.481	17	598.944
263.581	7	246.624
263.681	7	246.624
263.781	1	35.232
263.881	7	246.624
263.981	19	669.408
264.082	15	528.48
264.182	9	317.088
264.282	8	281.856
264.382	8	281.856
264.482	14	493.248
264.582	15	528.48
264.682	11	387.552
264.782	4	140.928
264.882	0	0
264.982	15	528.48
265.083	15	528.48
265.183	4	140.928
265.283	18	634.176
265.383	20	704.64
265.483	9	317.088
265.583	20	704.64
265.683	19	669.408
265.783	13	458.016
265.883	14	493.248
265.983	3	105.696
266.084	2	70.464
266.184	18	634.176
266.284	16	563.712
266.384	14	493.248
266.484	15	528.48
266.585	7	246.624
266.685	17	598.944
266.785	11	387.552
266.885	12	422.784
266.985	14	493.248
267.085	7	246.624
267.185	0	0
267.286	20	704.64
267.386	15	528.48
267.486	16	563.712
267.586	18	634.176
267.686	17	598.944
267.786	24	845.568
267.886	12	422.784
267.986	24	845.568
268.087	20	704.64
268.187	26	916.032
268.287	5	176.16
268.387	0	0
268.487	0	0
268.587	0	0
268.688	0	0
268.788	0	0
268.888	25	880.8
268.988	12	422.784
269.088	4	140.928
269.188	7	246.624
269.288	18	634.176
269.388	15	528.48
269.488	0	0
269.589	0	0
269.689	8	281.856
269.789	10	352.32
269.889	0	0
269.989	5	176.16
270.089	0	0
270.189	0	0
270.289	0	0
270.389	3	105.696
270.49	10	352.32
270.59	15	528.48
270.69	9	317.088
270.79	6	211.392
270.89	4	140.928
270.99	9	317.088
271.09	5	176.16
271.19	7	246.624
271.291	2	70.464
271.391	0	0
271.491	0	0
271.591	20	704.64
271.691	20	704.64
271.791	21	739.872
271.891	6	211.392
271.991	2	70.464
272.092	0	0
272.192	0	0
272.292	5	176.16
272.392	8	281.856
272.492	0	0
272.592	0	0
272.692	21	739.872
272.792	3	105.696
272.892	0	0
272.992	0	0
273.093	1	35.232
273.193	1	35.232
273.293	10	352.32
273.393	29	1021.73
273.493	5	176.16
273.593	2	70.464
273.693	14	493.248
273.793	0	0
273.893	12	422.784
273.994	15	528.48
274.094	13	458.016
274.194	10	352.32
274.294	5	176.16
274.394	8	281.856
274.494	34	1197.89
274.594	11	387.552
274.694	4	140.928
274.794	42	1479.74
274.895	15	528.48
274.995	16	563.712
275.095	26	916.032
275.195	26	916.032
275.295	1	35.232
275.395	7	246.624
275.495	2	70.464
275.595	0	0
275.696	24	845.568
275.796	15	528.48
275.896	0	0
275.996	12	422.784
276.096	15	528.48
276.196	12	422.784
276.296	28	986.496
276.396	9	317.088
276.496	7	246.624
276.597	0	0
276.697	0	0
276.797	12	422.784
276.897	20	704.64
276.997	9	317.088
277.097	35	1233.12
277.197	0	0
277.297	1	35.232
277.397	9	317.088
277.498	17	598.944
277.598	2	70.464
277.698	26	916.032
277.798	11	387.552
277.898	1	35.232
277.998	0	0
278.098	0	0
278.198	0	0
278.298	0	0
278.399	0	0
278.499	11	387.552
278.599	22	775.104
278.699	0	0
278.799	0	0
278.899	0	0
278.999	0	0
279.099	26	916.032
279.199	2	70.464
279.3	8	281.856
279.4	1	35.232
279.5	0	0
279.6	1	35.232
279.7	0	0
279.8	0	0
279.9	1	35.232
280	19	669.408
280.1	5	176.16
280.2	0	0
280.301	12	422.784
280.401	2	70.464
280.501	8	281.856
280.601	1	35.232
280.701	0	0
280.801	0	0
280.901	24	845.568
281.001	10	352.32
281.101	17	598.944
281.202	4	140.928
281.302	0	0
281.402	3	105.696
281.502	4	140.928
281.602	26	916.032
281.702	12	422.784
281.802	0	0
281.902	12	422.784
282.002	11	387.552
282.103	26	916.032
282.203	6	211.392
282.303	3	105.696
282.403	20	704.64
282.503	6	211.392
282.603	1	35.232
282.703	7	246.624
282.803	8	281.856
282.903	37	1303.58
283.003	14	493.248
283.104	21	739.872
283.204	16	563.712
283.304	22	775.104
283.404	9	317.088
283.504	2	70.464
283.604	17	598.944
283.704	0	0
283.804	6	211.392
283.904	15	528.48
284.005	4	140.928
284.105	24	845.568
284.205	16	563.712
284.305	11	387.552
284.405	1	35.232
284.505	10	352.32
284.605	28	986.496
284.705	11	387.552
284.806	3	105.696
284.906	0	0
285.006	0	0
285.106	24	845.568
285.206	28	986.496
285.306	11	387.552
285.406	1	35.232
285.506	8	281.856
285.607	18	634.176
285.707	19	669.408
285.807	9	317.088
285.907	3	105.696
286.007	0	0
286.107	1	35.232
286.207	15	528.48
286.307	2	70.464
286.407	20	704.64
286.508	20	704.64
286.608	2	70.464
286.708	7	246.624
286.808	18	634.176
286.908	3	105.696
287.008	10	352.32
287.108	37	1303.58
287.208	0	0
287.309	3	105.696
287.409	0	0
287.509	0	0
287.609	2	70.464
287.709	37	1303.58
287.809	17	598.944
287.909	37	1303.58
288.009	4	140.928
288.109	8	281.856
288.21	15	528.48
288.31	4	140.928
288.41	1	35.232
288.51	0	0
288.61	18	634.176
288.71	20	704.64
288.81	5	176.16
288.91	0	0
289.01	0	0
289.111	0	0
289.211	1	35.232
289.311	19	669.408
289.411	11	387.552
289.511	0	0
289.611	0	0
289.711	0	0
289.811	19	669.408
289.911	18	634.176
290.011	7	246.624
290.112	11	387.552
290.212	18	634.176
290.312	7	246.624
290.412	10	352.32
290.512	18	634.176
290.612	9	317.088
290.712	0	0
290.812	9	317.088
290.912	0	0
291.012	0	0
291.113	0	0
291.213	19	669.408
291.313	2	70.464
291.413	9	317.088
291.513	12	422.784
291.613	16	563.712
291.713	10	352.32
291.813	7	246.624
291.913	1	35.232
292.013	1	35.232
292.114	0	0
292.214	11	387.552
292.314	17	598.944
292.414	2	70.464
292.514	0	0
292.614	5	176.16
292.714	8	281.856
292.814	0	0
292.915	23	810.336
293.015	14	493.248
293.115	0	0
293.215	2	70.464
293.315	16	563.712
293.415	4	140.928
293.516	4	140.928
293.616	38	1338.82
293.716	6	211.392
293.816	0	0
293.916	0	0
294.016	4	140.928
294.116	0	0
294.216	0	0
294.316	3	105.696
294.417	0	0
294.517	0	0
294.617	2	70.464
294.717	16	563.712
294.817	18	634.176
294.917	7	246.624
295.017	1	35.232
295.118	0	0
295.218	3	105.696
295.318	5	176.16
295.418	0	0
295.518	13	458.016
295.618	5	176.16
295.718	5	176.16
295.818	10	352.32
295.918	12	422.784
296.019	4	140.928
296.119	0	0
296.219	21	739.872
296.319	10	352.32
296.419	14	493.248
296.519	6	211.392
296.619	0	0
296.719	2	70.464
296.819	15	528.48
296.92	8	281.856
297.02	10	352.32
297.12	7	246.624
297.22	18	634.176
297.32	18	634.176
297.42	0	0
297.52	0	0
297.621	0	0
297.721	0	0
297.821	0	0
297.921	0	0
298.021	2	70.464
