time	pps	kbps
0.100102	0	0
0.2002	1	35.232
0.300324	2	70.464
0.400447	4	140.928
0.500572	8	281.856
0.600695	16	563.712
0.700817	20	704.64
0.800939	2	70.464
0.901057	0	0
1.00116	0	0
1.10121	50	1761.6
1.20126	0	0
1.30135	2	70.464
1.40141	35	1233.12
1.50147	9	317.088
1.60156	2	70.464
1.70176	7	246.624
1.80182	39	1374.05
1.90193	4	140.928
2.00205	0	0
2.10216	37	1303.58
2.20222	4	140.928
2.30234	38	1338.82
2.40241	4	140.928
2.5025	0	0
2.60258	39	1374.05
2.70271	2	70.464
2.8028	0	0
2.90292	1	35.232
3.00307	40	1409.28
3.10317	4	140.928
3.20329	1	35.232
3.30342	15	528.48
3.4035	18	634.176
3.50362	11	387.552
3.60374	12	422.784
3.70384	19	669.408
3.80392	25	880.8
3.90404	41	1444.51
4.00415	29	1021.73
4.10424	21	739.872
4.20436	41	1444.51
4.30448	6	211.392
4.4046	41	1444.51
4.50467	8	281.856
4.60475	29	1021.73
4.7048	20	704.64
4.80492	40	1409.28
4.90504	41	1444.51
5.00516	42	1479.74
5.10528	36	1268.35
5.20534	33	1162.66
5.30538	40	1409.28
5.40552	42	1479.74
5.50564	5	176.16
5.60576	20	704.64
5.70588	30	1056.96
5.806	4	140.928
5.90604	26	916.032
6.0061	29	1021.73
6.10616	44	1550.21
6.20625	44	1550.21
6.30633	13	458.016
6.40639	44	1550.21
6.5065	7	246.624
6.60659	47	1655.9
6.70665	48	1691.14
6.80672	46	1620.67
6.90684	40	1409.28
7.00694	25	880.8
7.10706	52	1832.06
7.20718	34	1197.89
7.3074	44	1550.21
7.40752	48	1691.14
7.50755	47	1655.9
7.60758	31	1092.19
7.70764	36	1268.35
7.80773	61	2149.15
7.9078	54	1902.53
8.00785	65	2290.08
8.1079	15	528.48
8.20797	37	1303.58
8.3081	7	246.624
8.40818	62	2184.38
8.50824	20	704.64
8.60832	59	2078.69
8.70846	60	2113.92
8.80858	61	2149.15
8.9087	38	1338.82
9.00877	47	1655.9
9.10884	61	2149.15
9.20893	65	2290.08
9.30903	16	563.712
9.40911	11	387.552
9.5096	27	951.264
9.6097	7	246.624
9.7098	4	140.928
9.80989	7	246.624
9.91002	50	1761.6
10.0101	14	493.248
10.1102	44	1550.21
10.2103	18	634.176
10.3103	19	669.408
10.4105	7	246.624
10.5105	42	1479.74
10.6106	9	317.088
10.7107	36	1268.35
10.8108	8	281.856
10.9109	39	1374.05
11.011	12	422.784
11.111	1	35.232
11.2111	38	1338.82
11.3112	3	105.696
11.4113	12	422.784
11.5115	30	1056.96
11.6116	2	70.464
11.7117	24	845.568
11.8117	20	704.64
11.9118	1	35.232
12.0119	22	775.104
12.1119	12	422.784
12.2121	1	35.232
12.3121	0	0
12.4122	1	35.232
12.5123	40	1409.28
12.6124	3	105.696
12.7125	0	0
12.8126	33	1162.66
12.9127	34	1197.89
13.0128	0	0
13.1129	2	70.464
13.2129	33	1162.66
13.313	31	1092.19
13.4131	6	211.392
13.5132	0	0
13.6133	36	1268.35
13.7135	3	105.696
13.8135	1	35.232
13.9136	16	563.712
14.0137	22	775.104
14.1138	36	1268.35
14.2138	37	1303.58
14.3139	11	387.552
14.414	7	246.624
14.5141	34	1197.89
14.6142	37	1303.58
14.7143	37	1303.58
14.8144	37	1303.58
14.9144	26	916.032
15.0145	33	1162.66
15.1145	35	1233.12
15.2146	36	1268.35
15.3147	16	563.712
15.4147	37	1303.58
15.5148	16	563.712
15.6149	34	1197.89
15.715	37	1303.58
15.8151	18	634.176
15.9152	38	1338.82
16.0153	32	1127.42
16.1154	3	105.696
16.2154	0	0
16.3155	20	704.64
16.4156	21	739.872
16.5156	30	1056.96
16.6157	18	634.176
16.7158	29	1021.73
16.8159	33	1162.66
16.916	34	1197.89
17.0161	35	1233.12
17.1162	26	916.032
17.2162	28	986.496
17.3163	29	1021.73
17.4164	36	1268.35
17.5165	37	1303.58
17.6166	37	1303.58
17.7167	13	458.016
17.8168	37	1303.58
17.9169	37	1303.58
18.017	38	1338.82
18.1171	35	1233.12
18.2173	38	1338.82
18.3173	18	634.176
18.4174	16	563.712
18.5175	34	1197.89
18.6176	31	1092.19
18.7176	6	211.392
18.8177	32	1127.42
18.9178	32	1127.42
19.0179	28	986.496
19.1179	23	810.336
19.218	22	775.104
19.3181	7	246.624
19.4182	31	1092.19
19.5184	19	669.408
19.6184	23	810.336
19.7185	26	916.032
19.8185	9	317.088
19.9186	27	951.264
20.0187	15	528.48
20.1188	29	1021.73
20.2189	11	387.552
20.3189	29	1021.73
20.4191	12	422.784
20.5191	25	880.8
20.6192	9	317.088
20.7193	0	0
20.8194	0	0
20.9195	30	1056.96
21.0195	24	845.568
21.1196	4	140.928
21.2197	24	845.568
21.3198	25	880.8
21.4198	20	704.64
21.5199	17	598.944
21.62	26	916.032
21.72	26	916.032
21.8201	26	916.032
21.9202	22	775.104
22.0203	26	916.032
22.1204	26	916.032
22.2204	21	739.872
22.3205	25	880.8
22.4206	27	951.264
22.5207	27	951.264
22.6207	18	634.176
22.7208	27	951.264
22.8209	27	951.264
22.921	27	951.264
23.021	10	352.32
23.1212	27	951.264
23.2213	27	951.264
23.3213	18	634.176
23.4214	26	916.032
23.5214	27	951.264
23.6215	3	105.696
23.7216	21	739.872
23.8216	18	634.176
23.9217	13	458.016
24.0218	4	140.928
24.1218	22	775.104
24.2219	13	458.016
24.3219	8	281.856
24.422	16	563.712
24.5221	15	528.48
24.6222	20	704.64
24.7222	16	563.712
24.8223	6	211.392
24.9224	20	704.64
25.0224	2	70.464
25.1225	21	739.872
25.2225	21	739.872
25.3226	15	528.48
25.4226	21	739.872
25.5228	17	598.944
25.6229	16	563.712
25.7229	21	739.872
25.8231	14	493.248
25.9232	21	739.872
26.0233	11	387.552
26.1234	14	493.248
26.2235	21	739.872
26.3238	21	739.872
26.4239	12	422.784
26.524	21	739.872
26.6241	7	246.624
26.7242	0	0
26.8243	0	0
26.9244	21	739.872
27.0244	17	598.944
27.1245	10	352.32
27.2246	17	598.944
27.3246	19	669.408
27.4247	13	458.016
27.5247	17	598.944
27.6248	8	281.856
27.7248	0	0
27.8249	0	0
27.925	1	35.232
28.025	19	669.408
28.1251	16	563.712
28.2252	16	563.712
28.3253	17	598.944
28.4254	17	598.944
28.5255	4	140.928
28.6256	17	598.944
28.7257	17	598.944
28.8258	18	634.176
28.9259	14	493.248
29.026	18	634.176
29.1261	17	598.944
29.2262	10	352.32
29.3263	14	493.248
29.4264	14	493.248
29.5264	9	317.088
29.6265	18	634.176
29.7266	18	634.176
29.8267	5	176.16
29.9267	0	0
30.0268	9	317.088
30.1269	14	493.248
30.227	10	352.32
30.3271	9	317.088
30.4271	16	563.712
30.5272	11	387.552
30.6272	12	422.784
30.7273	16	563.712
30.8274	14	493.248
30.9274	17	598.944
31.0275	9	317.088
31.1275	15	528.48
31.2276	18	634.176
31.3276	7	246.624
31.4277	16	563.712
31.5278	0	0
31.6279	0	0
31.728	0	0
31.8281	0	0
31.9282	18	634.176
32.0283	10	352.32
32.1284	7	246.624
32.2284	15	528.48
32.3285	15	528.48
32.4286	13	458.016
32.5287	12	422.784
32.6288	9	317.088
32.7289	15	528.48
32.829	0	0
32.929	16	563.712
33.0291	13	458.016
33.1291	9	317.088
33.2292	9	317.088
33.3293	13	458.016
33.4293	13	458.016
33.5294	14	493.248
33.6294	14	493.248
33.7295	8	281.856
33.8296	14	493.248
33.9296	11	387.552
34.0297	10	352.32
34.1298	13	458.016
34.2298	4	140.928
34.3299	0	0
34.43	0	0
34.5301	14	493.248
34.6301	11	387.552
34.7302	3	105.696
34.8303	12	422.784
34.9303	9	317.088
35.0304	8	281.856
35.1304	12	422.784
35.2305	10	352.32
35.3305	0	0
35.4306	12	422.784
35.5307	10	352.32
35.6307	4	140.928
35.7308	9	317.088
35.8309	0	0
35.931	0	0
36.0312	5	176.16
36.1312	8	281.856
36.2313	9	317.088
36.3314	9	317.088
36.4315	4	140.928
36.5316	1	35.232
36.6317	8	281.856
36.7318	1	35.232
36.8319	0	0
36.9321	0	0
37.0322	0	0
37.1323	2	70.464
37.2323	0	0
37.3324	0	0
37.4325	4	140.928
37.5325	5	176.16
37.6326	5	176.16
37.7327	3	105.696
37.8329	5	176.16
37.9329	1	35.232
38.033	4	140.928
38.1331	0	0
38.2332	0	0
38.3333	0	0
38.4334	5	176.16
38.5335	5	176.16
38.6335	6	211.392
38.7336	6	211.392
38.8337	6	211.392
38.9337	6	211.392
39.0338	0	0
39.1339	6	211.392
39.234	5	176.16
39.3341	1	35.232
39.4342	4	140.928
39.5343	5	176.16
39.6344	6	211.392
39.7345	5	176.16
39.8346	6	211.392
39.9348	4	140.928
40.0349	0	0
40.135	0	0
40.2351	1	35.232
40.3352	5	176.16
40.4353	5	176.16
40.5354	3	105.696
40.6355	5	176.16
40.7356	5	176.16
40.8357	5	176.16
40.9358	0	0
41.0359	5	176.16
41.136	3	105.696
41.2361	4	140.928
41.3362	0	0
41.4363	0	0
41.5364	0	0
41.6364	5	176.16
41.7365	4	140.928
41.8365	4	140.928
41.9367	4	140.928
42.0368	0	0
42.1368	4	140.928
42.2369	0	0
42.3369	3	105.696
42.437	3	105.696
42.537	3	105.696
42.6371	3	105.696
42.7372	1	35.232
42.8373	0	0
42.9374	0	0
43.0377	3	105.696
43.1378	1	35.232
43.2379	2	70.464
43.338	3	105.696
43.4381	0	0
43.5382	3	105.696
43.6383	3	105.696
43.7383	3	105.696
43.8384	3	105.696
43.9385	3	105.696
44.0386	3	105.696
44.1386	3	105.696
44.2388	3	105.696
44.3389	3	105.696
44.4389	1	35.232
44.539	0	0
44.6391	3	105.696
44.7392	2	70.464
44.8393	0	0
44.9394	0	0
45.0394	3	105.696
45.1395	2	70.464
45.2395	2	70.464
45.3396	2	70.464
45.4396	1	35.232
45.5397	0	0
45.6398	0	0
45.7399	1	35.232
45.84	1	35.232
45.9401	2	70.464
46.0402	2	70.464
46.1402	2	70.464
46.2403	0	0
46.3404	1	35.232
46.4405	2	70.464
46.5406	2	70.464
46.6407	2	70.464
46.7408	1	35.232
46.841	2	70.464
46.9411	2	70.464
47.0413	2	70.464
47.1413	2	70.464
47.2414	3	105.696
47.3416	3	105.696
47.4416	3	105.696
47.5417	3	105.696
47.6418	3	105.696
47.7419	2	70.464
47.842	3	105.696
47.9421	4	140.928
48.0422	3	105.696
48.1423	4	140.928
48.2424	5	176.16
48.3425	5	176.16
48.4425	5	176.16
48.5426	6	211.392
48.6426	7	246.624
48.7427	4	140.928
48.8429	7	246.624
48.943	7	246.624
49.043	9	317.088
49.143	9	317.088
49.2431	11	387.552
49.3431	11	387.552
49.4432	11	387.552
49.5432	14	493.248
49.6433	14	493.248
49.7434	16	563.712
49.8435	11	387.552
49.9436	19	669.408
50.0436	15	528.48
50.1437	19	669.408
50.2438	14	493.248
50.3439	23	810.336
50.444	22	775.104
50.5441	3	105.696
50.6442	17	598.944
50.7443	16	563.712
50.8444	12	422.784
50.9445	21	739.872
51.0446	12	422.784
51.1447	17	598.944
51.2448	16	563.712
51.3449	22	775.104
51.4449	12	422.784
51.545	15	528.48
51.6451	25	880.8
51.7452	16	563.712
51.8452	23	810.336
51.9453	26	916.032
52.0456	25	880.8
52.1457	23	810.336
52.2457	23	810.336
52.3457	22	775.104
52.4458	29	1021.73
52.5459	21	739.872
52.6459	29	1021.73
52.746	28	986.496
52.846	22	775.104
52.9461	17	598.944
53.0461	7	246.624
53.1462	10	352.32
53.2463	13	458.016
53.3464	22	775.104
53.4465	17	598.944
53.5465	19	669.408
53.6466	24	845.568
53.7466	13	458.016
53.8466	24	845.568
53.9467	18	634.176
54.0467	23	810.336
54.1468	25	880.8
54.2468	12	422.784
54.3469	16	563.712
54.4469	10	352.32
54.547	8	281.856
54.6471	21	739.872
54.7471	21	739.872
54.8472	22	775.104
54.9472	9	317.088
55.0472	22	775.104
55.1473	16	563.712
55.2473	17	598.944
55.3474	17	598.944
55.4474	23	810.336
55.5475	17	598.944
55.6475	11	387.552
55.7475	23	810.336
55.8476	23	810.336
55.9476	11	387.552
56.0477	21	739.872
56.1477	18	634.176
56.2477	17	598.944
56.3478	10	352.32
56.4479	9	317.088
56.548	9	317.088
56.6481	5	176.16
56.7482	12	422.784
56.8482	10	352.32
56.9483	13	458.016
57.0483	10	352.32
57.1484	14	493.248
57.2485	7	246.624
57.3486	20	704.64
57.4486	8	281.856
57.5488	12	422.784
57.6488	18	634.176
57.7489	10	352.32
57.849	9	317.088
57.949	11	387.552
58.0491	11	387.552
58.1491	8	281.856
58.2492	11	387.552
58.3493	12	422.784
58.4494	12	422.784
58.5495	3	105.696
58.6496	9	317.088
58.7497	11	387.552
58.8498	12	422.784
58.9499	18	634.176
59.05	17	598.944
59.15	8	281.856
59.2501	9	317.088
59.3502	20	704.64
59.4502	4	140.928
59.5503	19	669.408
59.6504	15	528.48
59.7505	8	281.856
59.8506	8	281.856
59.9507	13	458.016
60.0508	7	246.624
60.1509	12	422.784
60.251	18	634.176
60.351	11	387.552
60.4511	8	281.856
60.5512	17	598.944
60.6512	7	246.624
60.7513	0	0
60.8515	0	0
60.9516	26	916.032
61.0517	16	563.712
61.1517	10	352.32
61.2518	6	211.392
61.3519	9	317.088
61.452	21	739.872
61.5521	15	528.48
61.6522	13	458.016
61.7522	15	528.48
61.8524	4	140.928
61.9525	8	281.856
62.0526	18	634.176
62.1528	17	598.944
62.2528	10	352.32
62.3529	5	176.16
62.453	7	246.624
62.5531	15	528.48
62.6532	5	176.16
62.7532	0	0
62.8533	0	0
62.9534	0	0
63.0535	0	0
63.1536	20	704.64
63.2537	6	211.392
63.3537	9	317.088
63.4538	11	387.552
63.5539	14	493.248
63.654	13	458.016
63.7541	11	387.552
63.8541	18	634.176
63.9542	15	528.48
64.0543	0	0
64.1544	0	0
64.2544	0	0
64.3545	0	0
64.4546	10	352.32
64.5547	0	0
64.6547	0	0
64.7548	3	105.696
64.8549	18	634.176
64.955	12	422.784
65.0551	6	211.392
65.1551	0	0
65.2552	19	669.408
65.3552	9	317.088
65.4552	19	669.408
65.5553	20	704.64
65.6553	8	281.856
65.7554	11	387.552
65.8554	3	105.696
65.9555	13	458.016
66.0556	0	0
66.1556	0	0
66.2557	0	0
66.3558	0	0
66.4559	0	0
66.5561	0	0
66.6562	5	176.16
66.7563	0	0
66.8564	0	0
66.9565	0	0
67.0566	0	0
67.1567	2	70.464
67.2568	5	176.16
67.3569	0	0
67.4569	0	0
67.557	0	0
67.6571	0	0
67.7572	15	528.48
67.8573	0	0
67.9574	0	0
68.0575	2	70.464
68.1576	0	0
68.2577	2	70.464
68.3579	0	0
68.458	14	493.248
68.5581	1	35.232
68.6582	0	0
68.7583	11	387.552
68.8583	0	0
68.9584	0	0
69.0585	0	0
69.1586	15	528.48
69.2587	0	0
69.3588	0	0
69.4588	0	0
69.5589	0	0
69.6589	0	0
69.759	0	0
69.8591	0	0
69.9591	0	0
70.0592	7	246.624
70.1592	11	387.552
70.2592	13	458.016
70.3593	13	458.016
70.4593	6	211.392
70.5594	0	0
70.6594	13	458.016
70.7594	13	458.016
70.8595	7	246.624
70.9595	10	352.32
71.0596	14	493.248
71.1596	7	246.624
71.2597	9	317.088
71.3598	13	458.016
71.4598	0	0
71.5599	0	0
71.66	0	0
71.7601	14	493.248
71.8602	9	317.088
71.9603	14	493.248
72.0604	14	493.248
72.1605	12	422.784
72.2606	12	422.784
72.3606	11	387.552
72.4607	10	352.32
72.5608	4	140.928
72.661	14	493.248
72.7611	0	0
72.8612	0	0
72.9613	0	0
73.0614	14	493.248
73.1615	1	35.232
73.2616	12	422.784
73.3617	12	422.784
73.4619	11	387.552
73.5619	13	458.016
73.6621	0	0
73.7622	1	35.232
73.8622	13	458.016
73.9623	13	458.016
74.0624	3	105.696
74.1624	0	0
74.2625	14	493.248
74.3625	14	493.248
74.4626	0	0
74.5626	14	493.248
74.6627	14	493.248
74.7628	4	140.928
74.8629	11	387.552
74.963	13	458.016
75.0632	4	140.928
75.1633	13	458.016
75.2634	14	493.248
75.3635	2	70.464
75.4636	14	493.248
75.5637	14	493.248
75.6637	13	458.016
75.7638	15	528.48
75.8639	14	493.248
75.964	8	281.856
76.0641	14	493.248
76.1642	13	458.016
76.2643	12	422.784
76.3643	11	387.552
76.4645	10	352.32
76.5646	12	422.784
76.6647	9	317.088
76.7648	8	281.856
76.8649	13	458.016
76.9651	9	317.088
77.0651	17	598.944
77.1652	5	176.16
77.2653	15	528.48
77.3654	11	387.552
77.4656	10	352.32
77.5657	16	563.712
77.6658	7	246.624
77.7659	10	352.32
77.866	6	211.392
77.9661	13	458.016
78.0662	10	352.32
78.1663	13	458.016
78.2664	14	493.248
78.3665	8	281.856
78.4666	14	493.248
78.5667	14	493.248
78.6668	11	387.552
78.7668	10	352.32
78.8669	9	317.088
78.9671	15	528.48
79.0672	15	528.48
79.1673	7	246.624
79.2674	7	246.624
79.3675	11	387.552
79.4676	10	352.32
79.5677	8	281.856
79.6678	7	246.624
79.7679	11	387.552
79.868	13	458.016
79.9681	6	211.392
80.0682	13	458.016
80.1683	6	211.392
80.2684	8	281.856
80.3685	9	317.088
80.4686	5	176.16
80.5687	11	387.552
80.6687	7	246.624
80.7688	7	246.624
80.8689	13	458.016
80.969	11	387.552
81.0691	7	246.624
81.1691	13	458.016
81.2692	7	246.624
81.3693	9	317.088
81.4693	11	387.552
81.5694	6	211.392
81.6695	13	458.016
81.7696	8	281.856
81.8697	11	387.552
81.9698	9	317.088
82.0699	11	387.552
82.1704	7	246.624
82.2705	10	352.32
82.3706	14	493.248
82.4707	8	281.856
82.5708	10	352.32
82.671	15	528.48
82.7711	10	352.32
82.8712	9	317.088
82.9713	7	246.624
83.0714	6	211.392
83.1714	6	211.392
83.2716	14	493.248
83.3717	4	140.928
83.4717	13	458.016
83.5718	10	352.32
83.6719	6	211.392
83.772	11	387.552
83.8721	6	211.392
83.9722	8	281.856
84.0723	9	317.088
84.1725	8	281.856
84.2725	5	176.16
84.3726	17	598.944
84.4727	7	246.624
84.5728	12	422.784
84.6728	3	105.696
84.773	8	281.856
84.8731	8	281.856
84.9732	11	387.552
85.0733	13	458.016
85.1734	9	317.088
85.2734	14	493.248
85.3735	5	176.16
85.4737	0	0
85.5738	13	458.016
85.6739	6	211.392
85.774	1	35.232
85.8741	17	598.944
85.9742	1	35.232
86.0743	0	0
86.1744	0	0
86.2745	0	0
86.3746	9	317.088
86.4747	8	281.856
86.5748	0	0
86.6749	0	0
86.7751	0	0
86.8752	7	246.624
86.9753	0	0
87.0754	0	0
87.1755	0	0
87.2756	10	352.32
87.3757	0	0
87.4758	16	563.712
87.5759	14	493.248
87.676	0	0
87.776	0	0
87.8762	0	0
87.9762	8	281.856
88.0763	5	176.16
88.1764	17	598.944
88.2765	8	281.856
88.3767	0	0
88.4768	10	352.32
88.5769	8	281.856
88.677	5	176.16
88.7771	3	105.696
88.8773	3	105.696
88.9774	16	563.712
89.0775	1	35.232
89.1777	2	70.464
89.2778	0	0
89.3779	0	0
89.478	0	0
89.5781	0	0
89.6782	0	0
89.7783	0	0
89.8784	0	0
89.9785	0	0
90.0786	0	0
90.1787	0	0
90.2788	0	0
90.3789	2	70.464
90.479	8	281.856
90.5792	1	35.232
90.6793	14	493.248
90.7794	9	317.088
90.8795	0	0
90.9796	0	0
91.0797	0	0
91.1799	0	0
91.2803	7	246.624
91.3804	9	317.088
91.4805	8	281.856
91.5806	13	458.016
91.6807	9	317.088
91.7808	13	458.016
91.8809	9	317.088
91.981	12	422.784
92.0811	7	246.624
92.1812	11	387.552
92.2813	6	211.392
92.3814	9	317.088
92.4815	14	493.248
92.5816	8	281.856
92.6817	9	317.088
92.7819	14	493.248
92.882	4	140.928
92.9821	13	458.016
93.0822	11	387.552
93.1823	5	176.16
93.2824	10	352.32
93.3825	5	176.16
93.4827	8	281.856
93.5828	0	0
93.6829	2	70.464
93.783	12	422.784
93.8832	8	281.856
93.9833	10	352.32
94.0834	3	105.696
94.1834	3	105.696
94.2836	7	246.624
94.3837	10	352.32
94.4838	10	352.32
94.584	7	246.624
94.6841	6	211.392
94.7841	0	0
94.8842	0	0
94.9844	10	352.32
95.0845	0	0
95.1846	8	281.856
95.2846	9	317.088
95.3847	9	317.088
95.4848	9	317.088
95.5849	5	176.16
95.6851	5	176.16
95.7852	9	317.088
95.8852	9	317.088
95.9853	3	105.696
96.0854	9	317.088
96.1855	7	246.624
96.2856	0	0
96.3857	0	0
96.4858	0	0
96.5859	0	0
96.686	0	0
96.7861	9	317.088
96.8862	7	246.624
96.9864	0	0
97.0865	0	0
97.1866	0	0
97.2867	0	0
97.3868	0	0
97.4868	0	0
97.5869	0	0
97.687	0	0
97.7872	2	70.464
97.8873	1	35.232
97.9874	0	0
98.0875	0	0
98.1876	0	0
98.2877	0	0
98.3878	0	0
98.4879	6	211.392
98.588	0	0
98.6881	7	246.624
98.7881	7	246.624
98.8883	4	140.928
98.9883	2	70.464
99.0884	6	211.392
99.1885	6	211.392
99.2886	0	0
99.3887	0	0
99.4888	0	0
99.5889	0	0
99.689	7	246.624
99.7891	6	211.392
99.8892	6	211.392
99.9893	4	140.928
100.089	6	211.392
100.19	6	211.392
100.29	1	35.232
100.39	7	246.624
100.49	7	246.624
100.59	7	246.624
100.69	6	211.392
100.79	7	246.624
100.89	4	140.928
100.99	6	211.392
101.09	7	246.624
101.19	6	211.392
101.291	6	211.392
101.391	7	246.624
101.491	7	246.624
101.591	4	140.928
101.691	4	140.928
101.791	7	246.624
101.891	4	140.928
101.992	7	246.624
102.092	6	211.392
102.192	7	246.624
102.292	7	246.624
102.392	4	140.928
102.492	0	0
102.592	0	0
102.692	8	281.856
102.792	0	0
102.893	6	211.392
102.993	3	105.696
103.093	7	246.624
103.193	3	105.696
103.293	0	0
103.393	0	0
103.493	0	0
103.593	0	0
103.693	0	0
103.794	5	176.16
103.894	4	140.928
103.994	3	105.696
104.094	3	105.696
104.194	0	0
104.294	5	176.16
104.394	2	70.464
104.494	3	105.696
104.594	4	140.928
104.694	4	140.928
104.795	4	140.928
104.895	4	140.928
104.995	4	140.928
105.095	0	0
105.195	4	140.928
105.295	2	70.464
105.395	1	35.232
105.495	3	105.696
105.595	3	105.696
105.696	3	105.696
105.796	1	35.232
105.896	2	70.464
105.996	0	0
106.096	4	140.928
106.196	1	35.232
106.296	2	70.464
106.396	3	105.696
106.496	2	70.464
106.597	3	105.696
106.697	3	105.696
106.797	1	35.232
106.897	1	35.232
106.997	3	105.696
107.097	2	70.464
107.197	3	105.696
107.297	3	105.696
107.397	3	105.696
107.498	3	105.696
107.598	3	105.696
107.698	3	105.696
107.798	3	105.696
107.898	2	70.464
107.998	2	70.464
108.098	2	70.464
108.198	4	140.928
108.298	0	0
108.399	0	0
108.499	0	0
108.599	4	140.928
108.699	3	105.696
108.799	3	105.696
108.899	1	35.232
108.999	1	35.232
109.099	3	105.696
109.2	2	70.464
109.3	3	105.696
109.4	3	105.696
109.5	1	35.232
109.6	3	105.696
109.7	0	0
109.8	2	70.464
109.9	2	70.464
110	2	70.464
110.1	2	70.464
110.201	2	70.464
110.301	3	105.696
110.401	0	0
110.501	0	0
110.601	3	105.696
110.701	1	35.232
110.801	2	70.464
110.901	2	70.464
111.001	1	35.232
111.101	0	0
111.202	2	70.464
111.302	1	35.232
111.402	0	0
111.502	0	0
111.602	1	35.232
111.702	0	0
111.802	0	0
111.902	0	0
112.002	0	0
112.103	2	70.464
112.203	2	70.464
112.303	2	70.464
112.403	0	0
112.503	0	0
112.603	2	70.464
112.703	2	70.464
112.803	2	70.464
112.904	2	70.464
113.004	2	70.464
113.104	1	35.232
113.204	2	70.464
113.304	0	0
113.404	0	0
113.504	0	0
113.604	0	0
113.704	2	70.464
113.805	1	35.232
113.905	0	0
114.005	0	0
114.105	0	0
114.205	0	0
114.305	2	70.464
114.405	1	35.232
114.505	0	0
114.605	0	0
114.706	0	0
114.806	0	0
114.906	0	0
115.006	2	70.464
115.106	2	70.464
115.206	1	35.232
115.306	2	70.464
115.406	1	35.232
115.506	0	0
115.607	2	70.464
115.707	2	70.464
115.807	2	70.464
115.907	2	70.464
116.007	2	70.464
116.107	2	70.464
116.207	2	70.464
116.307	2	70.464
116.407	1	35.232
116.508	2	70.464
116.608	1	35.232
116.708	2	70.464
116.808	2	70.464
116.908	2	70.464
117.008	3	105.696
117.108	3	105.696
117.208	3	105.696
117.308	2	70.464
117.409	3	105.696
117.509	3	105.696
117.609	4	140.928
117.709	3	105.696
117.809	4	140.928
117.909	4	140.928
118.009	1	35.232
118.109	5	176.16
118.209	4	140.928
118.31	2	70.464
118.41	0	0
118.51	4	140.928
118.61	4	140.928
118.71	4	140.928
118.81	4	140.928
118.91	4	140.928
119.01	3	105.696
119.11	0	0
119.211	0	0
119.311	4	140.928
119.411	2	70.464
119.511	0	0
119.611	0	0
119.711	0	0
119.811	0	0
119.911	0	0
120.011	0	0
120.112	3	105.696
120.212	0	0
120.312	2	70.464
120.412	3	105.696
120.512	3	105.696
120.612	3	105.696
120.712	0	0
120.812	0	0
120.912	3	105.696
121.013	2	70.464
121.113	2	70.464
121.213	2	70.464
121.313	1	35.232
121.413	0	0
121.513	2	70.464
121.613	2	70.464
121.713	2	70.464
121.813	2	70.464
121.914	2	70.464
122.014	2	70.464
122.114	2	70.464
122.214	0	0
122.314	2	70.464
122.414	2	70.464
122.514	2	70.464
122.614	2	70.464
122.715	0	0
122.815	2	70.464
122.915	2	70.464
123.015	2	70.464
123.115	1	35.232
123.215	2	70.464
123.315	2	70.464
123.415	2	70.464
123.516	3	105.696
123.616	1	35.232
123.716	3	105.696
123.816	2	70.464
123.916	3	105.696
124.016	4	140.928
124.116	4	140.928
124.216	1	35.232
124.317	4	140.928
124.417	5	176.16
124.517	5	176.16
124.617	5	176.16
124.717	7	246.624
124.817	5	176.16
124.917	5	176.16
125.017	9	317.088
125.117	10	352.32
125.218	11	387.552
125.318	1	35.232
125.418	12	422.784
125.518	5	176.16
125.618	14	493.248
125.718	16	563.712
125.818	9	317.088
125.918	0	0
126.018	0	0
126.119	0	0
126.219	9	317.088
126.319	10	352.32
126.419	9	317.088
126.519	11	387.552
126.619	13	458.016
126.719	15	528.48
126.819	5	176.16
126.92	0	0
127.02	0	0
127.12	0	0
127.22	17	598.944
127.32	4	140.928
127.42	12	422.784
127.52	8	281.856
127.62	10	352.32
127.72	7	246.624
127.82	1	35.232
127.921	7	246.624
128.021	12	422.784
128.121	8	281.856
128.221	12	422.784
128.321	1	35.232
128.421	2	70.464
128.521	6	211.392
128.621	10	352.32
128.721	10	352.32
128.821	8	281.856
128.922	8	281.856
129.022	9	317.088
129.122	8	281.856
129.222	11	387.552
129.322	7	246.624
129.422	8	281.856
129.522	7	246.624
129.622	9	317.088
129.723	10	352.32
129.823	8	281.856
129.923	6	211.392
130.023	11	387.552
130.123	11	387.552
130.223	5	176.16
130.323	8	281.856
130.423	11	387.552
130.523	8	281.856
130.623	11	387.552
130.724	8	281.856
130.824	11	387.552
130.924	6	211.392
131.024	1	35.232
131.124	8	281.856
131.224	1	35.232
131.324	6	211.392
131.424	5	176.16
131.524	9	317.088
131.625	7	246.624
131.725	9	317.088
131.825	4	140.928
131.925	0	0
132.025	0	0
132.125	0	0
132.225	0	0
132.325	0	0
132.425	0	0
132.526	9	317.088
132.626	2	70.464
132.726	0	0
132.826	9	317.088
132.926	7	246.624
133.026	0	0
133.126	0	0
133.226	0	0
133.326	0	0
133.427	7	246.624
133.527	0	0
133.627	6	211.392
133.727	6	211.392
133.827	6	211.392
133.927	3	105.696
134.027	3	105.696
134.127	6	211.392
134.227	6	211.392
134.327	5	176.16
134.427	6	211.392
134.528	6	211.392
134.628	6	211.392
134.728	6	211.392
134.828	7	246.624
134.928	7	246.624
135.028	7	246.624
135.128	7	246.624
135.228	0	0
135.328	7	246.624
135.428	2	70.464
135.529	5	176.16
135.629	5	176.16
135.729	6	211.392
135.829	6	211.392
135.929	6	211.392
136.029	6	211.392
136.129	2	70.464
136.229	6	211.392
136.329	6	211.392
136.429	6	211.392
136.53	7	246.624
136.63	6	211.392
136.73	7	246.624
136.83	6	211.392
136.93	3	105.696
137.031	6	211.392
137.131	0	0
137.231	7	246.624
137.331	2	70.464
137.431	4	140.928
137.531	5	176.16
137.631	6	211.392
137.731	1	35.232
137.831	0	0
137.932	0	0
138.032	0	0
138.132	6	211.392
138.232	5	176.16
138.332	1	35.232
138.432	5	176.16
138.532	5	176.16
138.632	5	176.16
138.732	3	105.696
138.833	2	70.464
138.933	0	0
139.033	5	176.16
139.133	4	140.928
139.233	4	140.928
139.333	0	0
139.433	0	0
139.533	0	0
139.634	5	176.16
139.734	4	140.928
139.834	4	140.928
139.934	0	0
140.034	1	35.232
140.134	0	0
140.234	4	140.928
140.334	3	105.696
140.434	3	105.696
140.534	0	0
140.635	0	0
140.735	0	0
140.835	0	0
140.935	1	35.232
141.035	3	105.696
141.135	1	35.232
141.235	0	0
141.335	2	70.464
141.435	2	70.464
141.536	0	0
141.636	0	0
141.736	3	105.696
141.836	0	0
141.936	3	105.696
142.036	3	105.696
142.136	1	35.232
142.236	3	105.696
142.336	1	35.232
142.437	0	0
142.537	0	0
142.637	3	105.696
142.737	0	0
142.837	3	105.696
142.937	1	35.232
143.037	3	105.696
143.137	4	140.928
143.238	2	70.464
143.338	0	0
143.438	0	0
143.538	0	0
143.638	0	0
143.738	0	0
143.838	0	0
143.938	0	0
144.038	0	0
144.139	0	0
144.239	4	140.928
144.339	3	105.696
144.439	3	105.696
144.539	2	70.464
144.639	1	35.232
144.739	0	0
144.839	4	140.928
144.94	4	140.928
145.04	4	140.928
145.14	0	0
145.24	0	0
145.34	0	0
145.44	0	0
145.54	0	0
145.64	0	0
145.74	2	70.464
145.841	0	0
145.941	0	0
146.041	0	0
146.141	3	105.696
146.241	0	0
146.341	3	105.696
146.441	3	105.696
146.541	0	0
146.641	3	105.696
146.741	1	35.232
146.842	2	70.464
146.942	3	105.696
147.042	3	105.696
147.142	3	105.696
147.242	2	70.464
147.342	2	70.464
147.442	4	140.928
147.542	2	70.464
147.642	1	35.232
147.742	0	0
147.843	4	140.928
147.943	3	105.696
148.043	3	105.696
148.143	2	70.464
148.243	1	35.232
148.343	0	0
148.443	1	35.232
148.543	3	105.696
148.644	2	70.464
148.744	1	35.232
148.844	0	0
148.944	0	0
149.044	0	0
149.144	3	105.696
149.244	2	70.464
149.344	1	35.232
149.444	1	35.232
149.545	2	70.464
149.645	2	70.464
149.745	2	70.464
149.845	2	70.464
149.945	2	70.464
150.045	0	0
150.145	0	0
150.245	2	70.464
150.345	2	70.464
150.446	2	70.464
150.546	0	0
150.646	2	70.464
150.746	0	0
150.846	2	70.464
150.946	2	70.464
151.046	0	0
151.146	2	70.464
151.246	2	70.464
151.347	2	70.464
151.447	2	70.464
151.547	0	0
151.647	2	70.464
151.747	2	70.464
151.847	2	70.464
151.947	2	70.464
152.047	1	35.232
152.147	2	70.464
152.247	2	70.464
152.348	2	70.464
152.448	2	70.464
152.548	2	70.464
152.648	0	0
152.748	2	70.464
152.848	2	70.464
152.948	2	70.464
153.048	0	0
153.148	0	0
153.249	0	0
153.349	3	105.696
153.449	2	70.464
153.549	0	0
153.649	0	0
153.749	0	0
153.849	0	0
153.949	2	70.464
154.049	2	70.464
154.15	2	70.464
154.25	2	70.464
154.35	2	70.464
154.45	2	70.464
154.55	2	70.464
154.65	2	70.464
154.75	2	70.464
154.85	2	70.464
154.95	2	70.464
155.051	0	0
155.151	0	0
155.251	0	0
155.351	0	0
155.451	0	0
155.551	0	0
155.651	1	35.232
155.751	0	0
155.852	0	0
155.952	2	70.464
156.052	1	35.232
156.152	0	0
156.252	2	70.464
156.352	2	70.464
156.452	2	70.464
156.552	2	70.464
156.652	0	0
156.753	0	0
156.853	0	0
156.953	0	0
157.053	3	105.696
157.153	2	70.464
157.253	2	70.464
157.353	2	70.464
157.453	2	70.464
157.553	2	70.464
157.653	2	70.464
157.754	3	105.696
157.854	3	105.696
157.954	2	70.464
158.054	3	105.696
158.154	3	105.696
158.254	2	70.464
158.354	0	0
158.454	0	0
158.554	0	0
158.655	3	105.696
158.755	2	70.464
158.855	1	35.232
158.955	2	70.464
159.055	2	70.464
159.155	1	35.232
159.255	2	70.464
159.355	2	70.464
159.456	3	105.696
159.556	3	105.696
159.656	1	35.232
159.756	0	0
159.856	3	105.696
159.956	2	70.464
160.056	2	70.464
160.156	2	70.464
160.256	2	70.464
160.356	0	0
160.457	2	70.464
160.557	2	70.464
160.657	0	0
160.757	0	0
160.857	0	0
160.957	2	70.464
161.057	2	70.464
161.157	2	70.464
161.257	2	70.464
161.357	2	70.464
161.458	2	70.464
161.558	2	70.464
161.658	2	70.464
161.758	2	70.464
161.858	2	70.464
161.958	2	70.464
162.058	2	70.464
162.158	0	0
162.258	2	70.464
162.359	2	70.464
162.459	2	70.464
162.559	2	70.464
162.659	1	35.232
162.759	2	70.464
162.859	2	70.464
162.959	0	0
163.059	2	70.464
163.159	3	105.696
163.259	3	105.696
163.36	3	105.696
163.46	4	140.928
163.56	2	70.464
163.66	4	140.928
163.76	3	105.696
163.86	5	176.16
163.96	4	140.928
164.06	6	211.392
164.16	6	211.392
164.261	7	246.624
164.361	4	140.928
164.461	4	140.928
164.561	9	317.088
164.661	10	352.32
164.761	0	0
164.861	10	352.32
164.961	6	211.392
165.061	4	140.928
165.161	10	352.32
165.262	5	176.16
165.362	11	387.552
165.462	7	246.624
165.562	10	352.32
165.662	7	246.624
165.762	8	281.856
165.862	9	317.088
165.962	12	422.784
166.062	12	422.784
166.163	5	176.16
166.263	11	387.552
166.363	8	281.856
166.463	8	281.856
166.563	7	246.624
166.663	7	246.624
166.763	4	140.928
166.863	9	317.088
166.963	8	281.856
167.064	12	422.784
167.164	7	246.624
167.264	5	176.16
167.364	6	211.392
167.464	6	211.392
167.564	11	387.552
167.664	12	422.784
167.764	9	317.088
167.864	5	176.16
167.964	13	458.016
168.065	8	281.856
168.165	9	317.088
168.265	12	422.784
168.365	6	211.392
168.465	14	493.248
168.565	6	211.392
168.665	10	352.32
168.766	8	281.856
168.866	8	281.856
168.966	11	387.552
169.066	15	528.48
169.166	6	211.392
169.266	4	140.928
169.366	15	528.48
169.466	5	176.16
169.566	7	246.624
169.667	8	281.856
169.767	7	246.624
169.867	13	458.016
169.967	7	246.624
170.067	9	317.088
170.167	5	176.16
170.267	9	317.088
170.367	11	387.552
170.467	13	458.016
170.568	10	352.32
170.668	0	0
170.768	6	211.392
170.868	18	634.176
170.968	18	634.176
171.068	2	70.464
171.168	1	35.232
171.268	4	140.928
171.368	0	0
171.469	0	0
171.569	0	0
171.669	0	0
171.769	0	0
171.869	0	0
171.969	0	0
172.069	0	0
172.169	0	0
172.269	11	387.552
172.37	0	0
172.47	0	0
172.57	0	0
172.67	8	281.856
172.77	1	35.232
172.87	3	105.696
172.97	0	0
173.07	0	0
173.17	0	0
173.27	6	211.392
173.371	9	317.088
173.471	1	35.232
173.571	2	70.464
173.671	10	352.32
173.771	11	387.552
173.871	11	387.552
173.971	13	458.016
174.072	8	281.856
174.172	13	458.016
174.272	10	352.32
174.372	12	422.784
174.472	8	281.856
174.572	9	317.088
174.672	3	105.696
174.772	12	422.784
174.872	13	458.016
174.973	13	458.016
175.073	0	0
175.173	0	0
175.273	0	0
175.373	0	0
175.473	0	0
175.573	13	458.016
175.673	11	387.552
175.774	5	176.16
175.874	12	422.784
175.974	2	70.464
176.074	11	387.552
176.174	0	0
176.274	0	0
176.374	0	0
176.474	0	0
176.574	0	0
176.675	11	387.552
176.775	5	176.16
176.875	7	246.624
176.975	0	0
177.075	8	281.856
177.175	2	70.464
177.275	8	281.856
177.375	9	317.088
177.476	0	0
177.576	0	0
177.676	0	0
177.776	0	0
177.876	9	317.088
177.976	5	176.16
178.076	6	211.392
178.176	4	140.928
178.276	0	0
178.377	7	246.624
178.477	3	105.696
178.577	6	211.392
178.677	2	70.464
178.777	5	176.16
178.877	4	140.928
178.977	5	176.16
179.077	5	176.16
179.177	2	70.464
179.278	5	176.16
179.378	5	176.16
179.478	4	140.928
179.578	5	176.16
179.678	3	105.696
179.778	5	176.16
179.878	5	176.16
179.978	4	140.928
180.078	4	140.928
180.179	4	140.928
180.279	5	176.16
180.379	3	105.696
180.479	5	176.16
180.579	6	211.392
180.679	6	211.392
180.779	6	211.392
180.879	2	70.464
180.979	5	176.16
181.08	5	176.16
181.18	6	211.392
181.28	7	246.624
181.38	1	35.232
181.48	3	105.696
181.58	0	0
181.68	0	0
181.78	0	0
181.881	7	246.624
181.981	6	211.392
182.081	3	105.696
182.181	6	211.392
182.281	7	246.624
182.381	7	246.624
182.481	6	211.392
182.581	3	105.696
182.681	7	246.624
182.782	6	211.392
182.882	7	246.624
182.982	7	246.624
183.082	5	176.16
183.182	3	105.696
183.282	7	246.624
183.382	7	246.624
183.482	7	246.624
183.583	2	70.464
183.683	6	211.392
183.783	6	211.392
183.883	4	140.928
183.983	7	246.624
184.083	3	105.696
184.183	6	211.392
184.283	7	246.624
184.383	4	140.928
184.483	6	211.392
184.584	7	246.624
184.684	8	281.856
184.784	8	281.856
184.884	5	176.16
184.984	7	246.624
185.084	6	211.392
185.184	9	317.088
185.284	8	281.856
185.384	7	246.624
185.484	8	281.856
185.585	8	281.856
185.685	11	387.552
185.785	7	246.624
185.885	7	246.624
185.985	13	458.016
186.085	14	493.248
186.185	6	211.392
186.285	14	493.248
186.385	15	528.48
186.486	17	598.944
186.586	19	669.408
186.686	20	704.64
186.786	11	387.552
186.886	2	70.464
186.986	23	810.336
187.086	5	176.16
187.186	0	0
187.286	6	211.392
187.387	15	528.48
187.487	11	387.552
187.587	13	458.016
187.687	16	563.712
187.787	0	0
187.887	0	0
187.987	2	70.464
188.087	8	281.856
188.187	9	317.088
188.287	7	246.624
188.387	7	246.624
188.488	0	0
188.588	14	493.248
188.688	11	387.552
188.788	11	387.552
188.888	8	281.856
188.988	3	105.696
189.088	12	422.784
189.188	11	387.552
189.288	0	0
189.389	0	0
189.489	0	0
189.589	0	0
189.689	0	0
189.789	12	422.784
189.889	10	352.32
189.989	6	211.392
190.089	10	352.32
190.189	7	246.624
190.29	9	317.088
190.39	8	281.856
190.49	9	317.088
190.59	4	140.928
190.69	11	387.552
190.79	10	352.32
190.89	6	211.392
190.99	11	387.552
191.09	8	281.856
191.191	3	105.696
191.291	5	176.16
191.391	8	281.856
191.491	9	317.088
191.591	8	281.856
191.691	5	176.16
191.791	9	317.088
191.892	3	105.696
191.992	9	317.088
192.092	4	140.928
192.192	7	246.624
192.292	8	281.856
192.392	5	176.16
192.492	6	211.392
192.592	8	281.856
192.693	6	211.392
192.793	7	246.624
192.893	6	211.392
192.993	7	246.624
193.093	5	176.16
193.193	6	211.392
193.293	7	246.624
193.393	6	211.392
193.493	5	176.16
193.594	6	211.392
193.694	3	105.696
193.794	6	211.392
193.894	6	211.392
193.994	0	0
194.094	0	0
194.194	0	0
194.294	7	246.624
194.394	6	211.392
194.495	3	105.696
194.595	3	105.696
194.695	0	0
194.795	6	211.392
194.895	1	35.232
194.995	0	0
195.095	0	0
195.195	0	0
195.295	3	105.696
195.396	0	0
195.496	2	70.464
195.596	2	70.464
195.696	3	105.696
195.796	0	0
195.896	0	0
195.996	0	0
196.096	0	0
196.197	0	0
196.297	0	0
196.397	0	0
196.497	4	140.928
196.597	2	70.464
196.697	3	105.696
196.797	2	70.464
196.897	2	70.464
196.997	2	70.464
197.098	2	70.464
197.198	4	140.928
197.298	3	105.696
197.398	4	140.928
197.498	4	140.928
197.598	4	140.928
197.698	2	70.464
197.798	0	0
197.898	0	0
197.999	0	0
198.099	4	140.928
198.199	0	0
198.299	2	70.464
198.399	0	0
198.499	0	0
198.599	0	0
198.699	0	0
198.8	0	0
198.9	0	0
199	0	0
199.1	0	0
199.2	0	0
199.3	0	0
199.4	0	0
199.5	0	0
199.6	0	0
199.701	0	0
199.801	0	0
199.901	0	0
200.001	0	0
200.101	0	0
200.201	3	105.696
200.301	0	0
200.401	2	70.464
200.501	2	70.464
200.602	0	0
200.702	3	105.696
200.802	2	70.464
200.902	2	70.464
201.002	2	70.464
201.102	1	35.232
201.202	2	70.464
201.302	2	70.464
201.402	2	70.464
201.503	2	70.464
201.603	0	0
201.703	2	70.464
201.803	2	70.464
201.903	1	35.232
202.003	0	0
202.103	0	0
202.203	0	0
202.303	0	0
202.404	0	0
202.504	1	35.232
202.604	1	35.232
202.704	0	0
202.804	0	0
202.904	0	0
203.004	0	0
203.104	2	70.464
203.204	2	70.464
203.304	3	105.696
203.405	1	35.232
203.505	3	105.696
203.605	3	105.696
203.705	2	70.464
203.805	2	70.464
203.905	2	70.464
204.005	3	105.696
204.105	4	140.928
204.206	3	105.696
204.306	3	105.696
204.406	2	70.464
204.506	4	140.928
204.606	5	176.16
204.706	2	70.464
204.806	5	176.16
204.906	5	176.16
205.006	7	246.624
205.107	8	281.856
205.207	3	105.696
205.307	9	317.088
205.407	9	317.088
205.507	5	176.16
205.607	7	246.624
205.707	0	0
205.807	10	352.32
205.907	6	211.392
206.007	11	387.552
206.108	5	176.16
206.208	1	35.232
206.308	9	317.088
206.408	8	281.856
206.508	12	422.784
206.608	0	0
206.708	13	458.016
206.809	13	458.016
206.909	8	281.856
207.009	13	458.016
207.109	7	246.624
207.209	6	211.392
207.309	4	140.928
207.409	0	0
207.509	4	140.928
207.609	7	246.624
207.709	0	0
207.809	0	0
207.91	0	0
208.01	0	0
208.11	0	0
208.21	8	281.856
208.31	2	70.464
208.41	9	317.088
208.51	0	0
208.61	0	0
208.71	1	35.232
208.811	3	105.696
208.911	0	0
209.011	8	281.856
209.111	0	0
209.211	0	0
209.311	0	0
209.411	2	70.464
209.511	8	281.856
209.611	0	0
209.712	0	0
209.812	0	0
209.912	0	0
210.012	0	0
210.112	8	281.856
210.212	8	281.856
210.312	8	281.856
210.412	6	211.392
210.512	5	176.16
210.613	7	246.624
210.713	6	211.392
210.813	9	317.088
210.913	6	211.392
211.013	9	317.088
211.113	9	317.088
211.213	6	211.392
211.313	9	317.088
211.413	7	246.624
211.514	7	246.624
211.614	6	211.392
211.714	4	140.928
211.814	2	70.464
211.914	0	0
212.014	0	0
212.114	0	0
212.214	0	0
212.314	0	0
212.415	6	211.392
212.515	5	176.16
212.615	5	176.16
212.715	4	140.928
212.815	3	105.696
212.915	5	176.16
213.015	5	176.16
213.115	6	211.392
213.215	4	140.928
213.316	5	176.16
213.416	4	140.928
213.516	2	70.464
213.616	0	0
213.716	0	0
213.816	0	0
213.916	0	0
214.016	0	0
214.117	0	0
214.217	4	140.928
214.317	3	105.696
214.417	0	0
214.517	3	105.696
214.617	2	70.464
214.717	2	70.464
214.817	1	35.232
214.917	0	0
215.018	0	0
215.118	0	0
215.218	0	0
215.318	1	35.232
215.418	0	0
215.518	0	0
215.618	1	35.232
215.718	3	105.696
215.819	2	70.464
215.919	3	105.696
216.019	3	105.696
216.119	2	70.464
216.219	3	105.696
216.319	3	105.696
216.419	3	105.696
216.519	3	105.696
216.619	2	70.464
216.72	3	105.696
216.82	2	70.464
216.92	2	70.464
217.02	3	105.696
217.12	3	105.696
217.22	0	0
217.32	0	0
217.42	3	105.696
217.52	3	105.696
217.621	3	105.696
217.721	1	35.232
217.821	3	105.696
217.921	3	105.696
218.021	3	105.696
218.121	2	70.464
218.221	0	0
218.321	3	105.696
218.421	2	70.464
218.521	3	105.696
218.622	3	105.696
218.722	3	105.696
218.822	1	35.232
218.922	2	70.464
219.022	3	105.696
219.122	3	105.696
219.222	3	105.696
219.322	3	105.696
219.422	3	105.696
219.523	1	35.232
219.623	2	70.464
219.723	3	105.696
219.823	3	105.696
219.923	2	70.464
220.023	1	35.232
220.123	2	70.464
220.224	2	70.464
220.324	1	35.232
220.424	3	105.696
220.524	3	105.696
220.624	0	0
220.724	0	0
220.824	3	105.696
220.924	2	70.464
221.025	2	70.464
221.125	0	0
221.225	2	70.464
221.325	2	70.464
221.425	1	35.232
221.525	2	70.464
221.625	2	70.464
221.725	1	35.232
221.825	2	70.464
221.926	2	70.464
222.026	2	70.464
222.126	2	70.464
222.226	2	70.464
222.326	2	70.464
222.426	2	70.464
222.526	2	70.464
222.626	2	70.464
222.726	0	0
222.826	2	70.464
222.927	2	70.464
223.027	2	70.464
223.127	2	70.464
223.227	2	70.464
223.327	3	105.696
223.427	0	0
223.527	3	105.696
223.627	3	105.696
223.727	3	105.696
223.827	3	105.696
223.928	2	70.464
224.028	4	140.928
224.128	2	70.464
224.228	5	176.16
224.328	5	176.16
224.428	4	140.928
224.528	7	246.624
224.628	0	0
224.728	3	105.696
224.828	0	0
224.929	5	176.16
225.029	3	105.696
225.129	3	105.696
225.229	4	140.928
225.329	3	105.696
225.429	0	0
225.529	4	140.928
225.629	0	0
225.729	3	105.696
225.83	0	0
225.93	4	140.928
226.03	4	140.928
226.13	0	0
226.23	0	0
226.33	4	140.928
226.43	3	105.696
226.53	0	0
226.63	0	0
226.73	0	0
226.831	0	0
226.931	0	0
227.031	0	0
227.131	0	0
227.231	0	0
227.331	2	70.464
227.431	2	70.464
227.532	2	70.464
227.632	2	70.464
227.732	0	0
227.832	2	70.464
227.932	2	70.464
228.032	2	70.464
228.132	2	70.464
228.232	0	0
228.332	2	70.464
228.433	2	70.464
228.533	2	70.464
228.633	2	70.464
228.733	2	70.464
228.833	1	35.232
228.933	2	70.464
229.033	1	35.232
229.133	2	70.464
229.233	2	70.464
229.334	1	35.232
229.434	0	0
229.534	0	0
229.634	0	0
229.734	0	0
229.834	0	0
229.934	0	0
230.034	0	0
230.134	0	0
230.235	0	0
230.335	0	0
230.435	0	0
230.535	0	0
230.635	0	0
230.735	0	0
230.835	0	0
230.935	0	0
231.035	0	0
231.136	0	0
231.236	0	0
231.336	0	0
231.436	0	0
231.536	3	105.696
231.636	2	70.464
231.736	2	70.464
231.836	1	35.232
231.936	2	70.464
232.037	2	70.464
232.137	2	70.464
232.237	2	70.464
232.337	2	70.464
232.437	1	35.232
232.537	3	105.696
232.637	0	0
232.737	3	105.696
232.838	3	105.696
232.938	0	0
233.038	3	105.696
233.138	3	105.696
233.238	3	105.696
233.338	0	0
233.438	3	105.696
233.538	3	105.696
233.638	2	70.464
233.739	0	0
233.839	0	0
233.939	3	105.696
234.039	2	70.464
234.139	2	70.464
234.239	3	105.696
234.339	2	70.464
234.439	1	35.232
234.539	3	105.696
234.64	2	70.464
234.74	3	105.696
234.84	3	105.696
234.94	3	105.696
235.04	3	105.696
235.14	0	0
235.24	0	0
235.34	2	70.464
235.44	0	0
235.541	2	70.464
235.641	2	70.464
235.741	2	70.464
235.841	2	70.464
235.941	2	70.464
236.041	2	70.464
236.141	3	105.696
236.241	0	0
236.341	0	0
236.442	0	0
236.542	0	0
236.642	3	105.696
236.742	0	0
236.842	0	0
236.942	2	70.464
237.042	0	0
237.142	2	70.464
237.242	2	70.464
237.343	2	70.464
237.443	1	35.232
237.543	0	0
237.643	0	0
237.743	0	0
237.843	0	0
237.943	0	0
238.043	0	0
238.144	2	70.464
238.244	2	70.464
238.344	0	0
238.444	2	70.464
238.544	2	70.464
238.644	2	70.464
238.744	0	0
238.844	0	0
238.944	0	0
239.044	0	0
239.145	0	0
239.245	0	0
239.345	0	0
239.445	0	0
239.545	2	70.464
239.645	2	70.464
239.745	0	0
239.845	0	0
239.945	2	70.464
240.046	0	0
240.146	2	70.464
240.246	0	0
240.346	0	0
240.446	0	0
240.546	0	0
240.646	3	105.696
240.746	1	35.232
240.846	2	70.464
240.947	1	35.232
241.047	2	70.464
241.147	0	0
241.247	0	0
241.347	0	0
241.447	0	0
241.547	2	70.464
241.648	2	70.464
241.748	0	0
241.848	0	0
241.948	3	105.696
242.048	1	35.232
242.148	0	0
242.248	3	105.696
242.348	2	70.464
242.449	0	0
242.549	0	0
242.649	2	70.464
242.749	1	35.232
242.849	0	0
242.949	0	0
243.049	0	0
243.149	0	0
243.249	0	0
243.349	0	0
243.45	0	0
243.55	0	0
243.65	3	105.696
243.75	1	35.232
243.85	0	0
243.95	0	0
244.05	0	0
244.15	0	0
244.251	0	0
244.351	0	0
244.451	2	70.464
244.551	0	0
244.651	0	0
244.751	3	105.696
244.851	3	105.696
244.951	0	0
245.051	0	0
245.151	0	0
245.252	1	35.232
245.352	3	105.696
245.452	3	105.696
245.552	2	70.464
245.652	2	70.464
245.752	2	70.464
245.852	0	0
245.952	0	0
246.053	0	0
246.153	0	0
246.253	3	105.696
246.353	4	140.928
246.453	4	140.928
246.553	5	176.16
246.653	1	35.232
246.753	1	35.232
246.854	6	211.392
246.954	6	211.392
247.054	7	246.624
247.154	2	70.464
247.254	7	246.624
247.354	0	0
247.454	0	0
247.554	9	317.088
247.654	8	281.856
247.755	7	246.624
247.855	0	0
247.955	0	0
248.055	0	0
248.155	0	0
248.255	0	0
248.355	0	0
248.455	0	0
248.555	0	0
248.656	8	281.856
248.756	2	70.464
248.856	5	176.16
248.956	7	246.624
249.056	0	0
249.156	6	211.392
249.256	4	140.928
249.356	5	176.16
249.456	7	246.624
249.557	0	0
249.657	0	0
249.757	0	0
249.857	0	0
249.957	7	246.624
250.057	6	211.392
250.157	1	35.232
250.257	0	0
250.357	0	0
250.457	0	0
250.558	0	0
250.658	0	0
250.758	6	211.392
250.858	0	0
250.958	5	176.16
251.058	5	176.16
251.158	1	35.232
251.258	0	0
251.359	0	0
251.459	0	0
251.559	5	176.16
251.659	4	140.928
251.759	4	140.928
251.859	4	140.928
251.959	4	140.928
252.059	3	105.696
252.159	0	0
252.259	0	0
252.36	0	0
252.46	0	0
252.56	0	0
252.66	3	105.696
252.76	2	70.464
252.86	3	105.696
252.96	0	0
253.06	1	35.232
253.16	0	0
253.261	0	0
253.361	0	0
253.461	0	0
253.561	0	0
253.661	0	0
253.761	0	0
253.861	0	0
253.961	0	0
254.061	0	0
254.162	0	0
254.262	2	70.464
254.362	1	35.232
254.462	0	0
254.562	0	0
254.662	0	0
254.762	0	0
254.862	2	70.464
254.962	1	35.232
255.063	1	35.232
255.163	2	70.464
255.263	2	70.464
255.363	2	70.464
255.463	0	0
255.563	2	70.464
255.663	1	35.232
255.763	0	0
255.863	1	35.232
255.964	3	105.696
256.064	2	70.464
256.164	1	35.232
256.264	2	70.464
256.364	2	70.464
256.464	2	70.464
256.564	1	35.232
256.664	2	70.464
256.765	2	70.464
256.865	2	70.464
256.965	0	0
257.065	2	70.464
257.165	2	70.464
257.265	2	70.464
257.365	2	70.464
257.465	1	35.232
257.566	2	70.464
257.666	2	70.464
257.766	2	70.464
257.866	3	105.696
257.966	2	70.464
258.066	3	105.696
258.166	2	70.464
258.266	3	105.696
258.366	3	105.696
258.466	2	70.464
258.567	4	140.928
258.667	4	140.928
258.767	0	0
258.867	5	176.16
258.967	0	0
259.067	4	140.928
259.167	1	35.232
259.267	3	105.696
259.367	3	105.696
259.468	3	105.696
259.568	4	140.928
259.668	4	140.928
259.768	2	70.464
259.868	2	70.464
259.968	4	140.928
260.068	4	140.928
260.168	4	140.928
260.268	2	70.464
260.368	4	140.928
260.469	0	0
260.569	4	140.928
260.669	1	35.232
260.769	4	140.928
260.869	3	105.696
260.969	4	140.928
261.069	1	35.232
261.169	4	140.928
261.269	0	0
261.37	4	140.928
261.47	0	0
261.57	4	140.928
261.67	5	176.16
261.77	3	105.696
261.87	4	140.928
261.97	4	140.928
262.071	2	70.464
262.171	6	211.392
262.271	3	105.696
262.371	7	246.624
262.471	7	246.624
262.571	1	35.232
262.671	8	281.856
262.771	9	317.088
262.871	2	70.464
262.972	8	281.856
263.072	4	140.928
263.172	8	281.856
263.272	7	246.624
263.372	10	352.32
263.472	15	528.48
263.572	15	528.48
263.672	8	281.856
263.772	0	0
263.873	18	634.176
263.973	9	317.088
264.073	11	387.552
264.173	3	105.696
264.273	14	493.248
264.373	8	281.856
264.473	17	598.944
264.573	14	493.248
264.673	6	211.392
264.773	7	246.624
264.874	0	0
264.974	2	70.464
265.074	16	563.712
265.174	2	70.464
265.274	15	528.48
265.374	15	528.48
265.474	12	422.784
265.574	9	317.088
265.675	14	493.248
265.775	11	387.552
265.875	16	563.712
265.975	4	140.928
266.075	11	387.552
266.175	5	176.16
266.275	13	458.016
266.375	11	387.552
266.476	11	387.552
266.576	13	458.016
266.676	13	458.016
266.776	14	493.248
266.876	8	281.856
266.976	9	317.088
267.076	10	352.32
267.176	9	317.088
267.276	14	493.248
267.377	12	422.784
267.477	12	422.784
267.577	14	493.248
267.677	14	493.248
267.777	14	493.248
267.877	10	352.32
267.977	12	422.784
268.077	10	352.32
268.177	11	387.552
268.277	14	493.248
268.378	6	211.392
268.478	0	0
268.578	0	0
268.678	0	0
268.778	0	0
268.878	3	105.696
268.978	12	422.784
269.078	0	0
269.179	0	0
269.279	0	0
269.379	0	0
269.479	0	0
269.579	0	0
269.679	0	0
269.779	0	0
269.879	0	0
269.979	0	0
270.08	0	0
270.18	0	0
270.28	0	0
270.38	0	0
270.48	8	281.856
270.58	10	352.32
270.68	0	0
270.78	10	352.32
270.88	8	281.856
270.98	2	70.464
271.081	0	0
271.181	0	0
271.281	0	0
271.381	0	0
271.481	10	352.32
271.581	7	246.624
271.681	1	35.232
271.781	9	317.088
271.881	2	70.464
271.981	0	0
272.082	9	317.088
272.182	1	35.232
272.282	7	246.624
272.382	6	211.392
272.482	1	35.232
272.582	0	0
272.682	6	211.392
272.782	0	0
272.882	6	211.392
272.983	6	211.392
273.083	2	70.464
273.183	2	70.464
273.283	4	140.928
273.383	6	211.392
273.483	6	211.392
273.583	6	211.392
273.683	6	211.392
273.783	0	0
273.884	2	70.464
273.984	3	105.696
274.084	5	176.16
274.184	5	176.16
274.284	6	211.392
274.384	6	211.392
274.484	3	105.696
274.584	6	211.392
274.685	6	211.392
274.785	6	211.392
274.885	6	211.392
274.985	6	211.392
275.085	6	211.392
275.185	3	105.696
275.285	6	211.392
275.385	6	211.392
275.485	4	140.928
275.585	0	0
275.685	6	211.392
275.786	5	176.16
275.886	5	176.16
275.986	1	35.232
276.086	5	176.16
276.186	6	211.392
276.286	5	176.16
276.386	6	211.392
276.486	6	211.392
276.587	2	70.464
276.687	0	0
276.787	0	0
276.887	0	0
276.987	0	0
277.087	0	0
277.187	5	176.16
277.287	4	140.928
277.387	4	140.928
277.487	5	176.16
277.587	3	105.696
277.688	2	70.464
277.788	4	140.928
277.888	4	140.928
277.988	1	35.232
278.088	0	0
278.188	0	0
278.288	0	0
278.388	4	140.928
278.488	3	105.696
278.589	3	105.696
278.689	0	0
278.789	0	0
278.889	0	0
278.989	0	0
279.089	4	140.928
279.189	0	0
279.289	3	105.696
279.389	3	105.696
279.49	3	105.696
279.59	0	0
279.69	3	105.696
279.79	3	105.696
279.89	3	105.696
279.99	3	105.696
280.09	3	105.696
280.19	0	0
280.29	0	0
280.391	0	0
280.491	3	105.696
280.591	0	0
280.691	2	70.464
280.791	3	105.696
280.891	3	105.696
280.991	3	105.696
281.091	3	105.696
281.191	1	35.232
281.292	0	0
281.392	0	0
281.492	3	105.696
281.592	1	35.232
281.692	1	35.232
281.792	2	70.464
281.892	2	70.464
281.992	2	70.464
282.092	2	70.464
282.193	2	70.464
282.293	2	70.464
282.393	2	70.464
282.493	0	0
282.593	2	70.464
282.693	2	70.464
282.793	1	35.232
282.893	2	70.464
282.994	1	35.232
283.094	2	70.464
283.194	3	105.696
283.294	3	105.696
283.394	2	70.464
283.494	1	35.232
283.594	2	70.464
283.694	1	35.232
283.794	3	105.696
283.895	1	35.232
283.995	3	105.696
284.095	0	0
284.195	0	0
284.295	0	0
284.395	3	105.696
284.495	2	70.464
284.595	1	35.232
284.695	2	70.464
284.796	2	70.464
284.896	2	70.464
284.996	0	0
285.096	2	70.464
285.196	1	35.232
285.296	2	70.464
285.396	2	70.464
285.496	1	35.232
285.596	2	70.464
285.696	2	70.464
285.797	1	35.232
285.897	2	70.464
285.997	2	70.464
286.097	1	35.232
286.197	0	0
286.297	0	0
286.397	0	0
286.497	0	0
286.597	0	0
286.698	0	0
286.798	0	0
286.898	0	0
286.998	2	70.464
287.098	0	0
287.198	2	70.464
287.298	2	70.464
287.398	1	35.232
287.498	0	0
287.599	2	70.464
287.699	2	70.464
287.799	2	70.464
287.899	2	70.464
287.999	2	70.464
288.099	2	70.464
288.199	0	0
288.299	3	105.696
288.399	3	105.696
288.499	0	0
288.6	3	105.696
288.7	3	105.696
288.8	3	105.696
288.9	3	105.696
289	3	105.696
289.1	4	140.928
289.2	2	70.464
289.3	4	140.928
289.4	5	176.16
289.501	1	35.232
289.601	0	0
289.701	0	0
289.801	0	0
289.901	5	176.16
290.001	4	140.928
290.101	0	0
290.201	4	140.928
290.301	5	176.16
290.402	2	70.464
290.502	5	176.16
290.602	5	176.16
290.702	4	140.928
290.802	5	176.16
290.902	0	0
291.002	0	0
291.102	5	176.16
291.202	4	140.928
291.303	1	35.232
291.403	4	140.928
291.503	4	140.928
291.603	4	140.928
291.703	5	176.16
291.803	2	70.464
291.903	0	0
292.003	4	140.928
292.103	0	0
292.204	0	0
292.304	0	0
292.404	0	0
292.504	0	0
292.604	0	0
292.704	0	0
292.804	3	105.696
292.904	0	0
293.004	3	105.696
293.104	2	70.464
293.205	2	70.464
293.305	2	70.464
293.405	2	70.464
293.505	3	105.696
293.605	2	70.464
293.705	2	70.464
293.805	0	0
293.905	0	0
294.005	0	0
294.106	0	0
294.206	0	0
294.306	0	0
294.406	0	0
294.506	0	0
294.606	2	70.464
294.706	2	70.464
294.806	1	35.232
294.906	1	35.232
295.007	0	0
295.107	0	0
295.207	0	0
295.307	0	0
295.407	0	0
295.507	0	0
295.607	0	0
295.707	2	70.464
295.808	0	0
295.908	0	0
296.008	0	0
296.108	2	70.464
296.208	2	70.464
296.308	2	70.464
296.408	2	70.464
296.508	3	105.696
296.608	2	70.464
296.708	3	105.696
296.809	3	105.696
296.909	3	105.696
297.009	3	105.696
297.109	3	105.696
297.209	3	105.696
297.309	2	70.464
297.41	1	35.232
297.51	3	105.696
297.61	2	70.464
297.71	2	70.464
297.81	4	140.928
297.91	4	140.928
298.01	2	70.464
298.11	4	140.928
298.21	3	105.696
298.31	4	140.928
298.411	4	140.928
298.511	4	140.928
298.611	3	105.696
298.711	4	140.928
298.811	4	140.928
298.911	4	140.928
299.011	4	140.928
299.111	4	140.928
299.211	2	70.464
299.312	4	140.928
299.412	4	140.928
299.512	4	140.928
299.612	4	140.928
299.712	4	140.928
299.812	4	140.928
299.912	5	176.16
300.012	5	176.16
300.112	4	140.928
300.212	0	0
300.313	5	176.16
300.413	4	140.928
300.513	4	140.928
300.613	5	176.16
300.713	3	105.696
300.813	5	176.16
300.913	3	105.696
301.014	4	140.928
301.114	5	176.16
301.214	1	35.232
301.314	1	35.232
301.414	4	140.928
301.514	4	140.928
301.614	4	140.928
301.714	4	140.928
301.814	4	140.928
301.915	4	140.928
302.015	0	0
302.115	4	140.928
302.215	4	140.928
302.315	4	140.928
302.415	4	140.928
302.515	4	140.928
302.615	4	140.928
302.715	5	176.16
302.816	3	105.696
302.916	5	176.16
303.016	4	140.928
303.116	4	140.928
303.216	4	140.928
303.316	4	140.928
303.416	4	140.928
303.516	4	140.928
303.616	4	140.928
303.717	0	0
303.817	4	140.928
303.917	4	140.928
304.017	4	140.928
304.117	5	176.16
304.217	5	176.16
304.317	4	140.928
304.417	3	105.696
304.518	5	176.16
304.618	5	176.16
304.718	5	176.16
304.818	5	176.16
304.918	5	176.16
305.018	5	176.16
305.118	1	35.232
305.218	5	176.16
305.318	5	176.16
305.419	5	176.16
305.519	5	176.16
305.619	5	176.16
305.719	6	211.392
305.819	6	211.392
305.92	6	211.392
306.02	3	105.696
306.12	7	246.624
306.22	4	140.928
306.32	8	281.856
306.42	8	281.856
306.52	9	317.088
306.62	8	281.856
306.72	10	352.32
306.82	10	352.32
306.921	6	211.392
307.021	12	422.784
307.121	12	422.784
307.221	14	493.248
307.321	2	70.464
307.421	13	458.016
307.521	7	246.624
307.621	11	387.552
307.722	13	458.016
307.822	14	493.248
307.922	13	458.016
308.022	14	493.248
308.122	15	528.48
308.222	15	528.48
308.322	15	528.48
308.423	2	70.464
308.523	15	528.48
308.623	12	422.784
308.723	11	387.552
308.823	13	458.016
308.923	7	246.624
309.023	13	458.016
309.123	12	422.784
309.224	11	387.552
309.324	13	458.016
309.424	13	458.016
309.524	4	140.928
309.624	13	458.016
309.724	14	493.248
309.824	14	493.248
309.924	14	493.248
310.025	14	493.248
310.125	13	458.016
310.225	14	493.248
310.325	14	493.248
310.425	9	317.088
310.525	11	387.552
310.625	10	352.32
310.725	14	493.248
310.826	14	493.248
310.926	14	493.248
311.026	11	387.552
311.126	12	422.784
311.226	14	493.248
311.326	12	422.784
311.426	10	352.32
311.526	15	528.48
311.626	15	528.48
311.727	14	493.248
311.827	15	528.48
311.927	14	493.248
312.027	16	563.712
312.127	9	317.088
312.227	17	598.944
312.327	16	563.712
312.427	18	634.176
312.528	19	669.408
312.628	20	704.64
312.728	17	598.944
312.828	12	422.784
312.928	5	176.16
313.028	19	669.408
313.129	18	634.176
313.229	19	669.408
313.329	19	669.408
313.429	20	704.64
313.529	17	598.944
313.629	20	704.64
313.729	16	563.712
313.829	21	739.872
313.929	16	563.712
314.03	2	70.464
314.13	21	739.872
314.23	17	598.944
314.33	10	352.32
314.43	18	634.176
314.53	12	422.784
314.63	17	598.944
314.73	18	634.176
314.831	15	528.48
314.931	19	669.408
315.031	13	458.016
315.131	3	105.696
315.231	16	563.712
315.331	15	528.48
315.431	16	563.712
315.531	16	563.712
315.631	15	528.48
315.732	9	317.088
315.832	13	458.016
315.932	15	528.48
316.032	16	563.712
316.132	14	493.248
316.232	0	0
316.333	17	598.944
316.433	14	493.248
316.533	14	493.248
316.633	13	458.016
316.733	12	422.784
316.833	13	458.016
316.933	10	352.32
317.033	15	528.48
317.134	15	528.48
317.234	12	422.784
317.334	7	246.624
317.434	15	528.48
317.534	15	528.48
317.634	15	528.48
317.734	14	493.248
317.834	9	317.088
317.934	12	422.784
318.034	14	493.248
318.135	15	528.48
318.235	15	528.48
318.335	8	281.856
318.435	15	528.48
318.535	6	211.392
318.635	15	528.48
318.735	12	422.784
318.835	13	458.016
318.936	13	458.016
319.036	3	105.696
319.136	14	493.248
319.236	14	493.248
319.336	14	493.248
319.436	10	352.32
319.536	15	528.48
319.636	15	528.48
319.736	5	176.16
319.836	10	352.32
319.937	15	528.48
320.037	15	528.48
320.137	5	176.16
320.237	15	528.48
320.337	15	528.48
320.437	14	493.248
320.537	14	493.248
320.637	15	528.48
320.737	15	528.48
320.838	2	70.464
320.938	15	528.48
321.038	2	70.464
321.138	10	352.32
321.238	13	458.016
321.338	13	458.016
321.438	14	493.248
321.538	4	140.928
321.639	14	493.248
321.739	14	493.248
321.839	15	528.48
321.939	15	528.48
322.039	4	140.928
322.139	15	528.48
322.239	15	528.48
322.339	15	528.48
322.44	15	528.48
322.54	10	352.32
322.64	11	387.552
322.74	15	528.48
322.84	15	528.48
322.94	15	528.48
323.04	8	281.856
323.14	15	528.48
323.24	4	140.928
323.341	15	528.48
323.441	15	528.48
323.541	14	493.248
323.641	12	422.784
323.741	15	528.48
323.841	12	422.784
323.941	15	528.48
324.041	12	422.784
324.141	13	458.016
324.241	16	563.712
324.342	3	105.696
324.442	7	246.624
324.542	12	422.784
324.642	11	387.552
324.742	14	493.248
324.842	14	493.248
324.942	15	528.48
325.042	15	528.48
325.143	15	528.48
325.243	8	281.856
325.343	14	493.248
325.443	13	458.016
325.543	2	70.464
325.643	16	563.712
325.743	13	458.016
325.843	3	105.696
325.944	13	458.016
326.044	13	458.016
326.144	14	493.248
326.244	13	458.016
326.344	8	281.856
326.444	14	493.248
326.544	14	493.248
326.644	2	70.464
326.744	0	0
326.845	14	493.248
326.945	11	387.552
327.045	12	422.784
327.145	12	422.784
327.245	12	422.784
327.345	12	422.784
327.445	12	422.784
327.545	12	422.784
327.645	6	211.392
327.746	11	387.552
327.846	1	35.232
327.946	13	458.016
328.046	13	458.016
328.146	13	458.016
328.246	13	458.016
328.346	13	458.016
328.446	13	458.016
328.547	13	458.016
328.647	9	317.088
328.747	13	458.016
328.847	12	422.784
328.947	3	105.696
329.047	13	458.016
329.147	13	458.016
329.247	13	458.016
329.348	13	458.016
329.448	13	458.016
329.548	13	458.016
329.648	13	458.016
329.748	9	317.088
329.848	13	458.016
329.948	14	493.248
330.048	2	70.464
330.148	15	528.48
330.249	12	422.784
330.349	10	352.32
330.449	11	387.552
330.549	6	211.392
330.649	13	458.016
330.749	12	422.784
330.849	14	493.248
330.949	14	493.248
331.049	13	458.016
331.15	8	281.856
331.25	14	493.248
331.35	12	422.784
331.45	10	352.32
331.55	12	422.784
331.65	12	422.784
331.75	7	246.624
331.85	12	422.784
331.95	10	352.32
332.051	13	458.016
332.151	12	422.784
332.251	12	422.784
332.351	13	458.016
332.451	3	105.696
332.551	13	458.016
332.651	13	458.016
332.751	12	422.784
332.852	12	422.784
332.952	13	458.016
333.052	13	458.016
333.152	10	352.32
333.252	11	387.552
333.352	10	352.32
333.452	13	458.016
333.552	13	458.016
333.652	13	458.016
333.753	13	458.016
333.853	13	458.016
333.953	13	458.016
334.053	14	493.248
334.153	14	493.248
334.253	12	422.784
334.353	14	493.248
334.453	14	493.248
334.553	10	352.32
334.654	15	528.48
334.754	16	563.712
334.854	12	422.784
334.954	17	598.944
335.054	17	598.944
335.154	14	493.248
335.254	17	598.944
335.354	12	422.784
335.454	14	493.248
335.555	20	704.64
335.655	21	739.872
335.755	21	739.872
335.855	24	845.568
335.955	18	634.176
336.055	20	704.64
336.155	22	775.104
336.256	25	880.8
336.356	27	951.264
336.456	31	1092.19
336.556	13	458.016
336.656	16	563.712
336.756	24	845.568
336.856	19	669.408
336.956	30	1056.96
337.056	26	916.032
337.157	17	598.944
337.257	22	775.104
337.357	15	528.48
337.457	22	775.104
337.557	22	775.104
337.658	33	1162.66
337.758	15	528.48
337.858	18	634.176
337.958	27	951.264
338.058	23	810.336
338.158	15	528.48
338.258	35	1233.12
338.358	22	775.104
338.458	35	1233.12
338.559	35	1233.12
338.659	35	1233.12
338.759	33	1162.66
338.859	18	634.176
338.959	21	739.872
339.059	35	1233.12
339.159	35	1233.12
339.259	28	986.496
339.359	27	951.264
339.46	34	1197.89
339.56	25	880.8
339.66	32	1127.42
339.76	24	845.568
339.86	32	1127.42
339.96	34	1197.89
340.06	36	1268.35
340.161	36	1268.35
340.261	35	1233.12
340.361	19	669.408
340.461	32	1127.42
340.561	21	739.872
340.661	31	1092.19
340.761	16	563.712
340.861	19	669.408
340.961	30	1056.96
341.061	11	387.552
341.161	26	916.032
341.261	9	317.088
341.362	25	880.8
341.462	10	352.32
341.562	33	1162.66
341.662	18	634.176
341.762	33	1162.66
341.862	15	528.48
341.962	20	704.64
342.062	31	1092.19
342.162	32	1127.42
342.262	28	986.496
342.363	28	986.496
342.463	20	704.64
342.563	12	422.784
342.663	9	317.088
342.763	18	634.176
342.864	26	916.032
342.964	17	598.944
343.064	30	1056.96
343.164	31	1092.19
343.264	31	1092.19
343.364	17	598.944
343.464	32	1127.42
343.564	28	986.496
343.664	17	598.944
343.764	19	669.408
343.865	22	775.104
343.965	19	669.408
344.065	18	634.176
344.165	23	810.336
344.265	30	1056.96
344.365	23	810.336
344.465	33	1162.66
344.565	21	739.872
344.666	30	1056.96
344.766	9	317.088
344.866	33	1162.66
344.966	16	563.712
345.066	32	1127.42
345.166	32	1127.42
345.266	31	1092.19
345.366	11	387.552
345.466	30	1056.96
345.567	33	1162.66
345.667	33	1162.66
345.767	31	1092.19
345.867	23	810.336
345.967	31	1092.19
346.068	32	1127.42
346.168	32	1127.42
346.268	25	880.8
346.368	21	739.872
346.468	31	1092.19
346.568	35	1233.12
346.668	35	1233.12
346.768	36	1268.35
346.868	36	1268.35
346.968	36	1268.35
347.068	11	387.552
347.169	37	1303.58
347.269	38	1338.82
347.369	30	1056.96
347.469	23	810.336
347.569	41	1444.51
347.669	25	880.8
347.769	37	1303.58
347.869	44	1550.21
347.969	40	1409.28
348.07	41	1444.51
348.17	47	1655.9
348.27	45	1585.44
348.37	44	1550.21
348.47	46	1620.67
348.57	24	845.568
348.67	54	1902.53
348.77	19	669.408
348.871	18	634.176
348.971	42	1479.74
349.071	15	528.48
349.171	48	1691.14
349.271	46	1620.67
349.371	44	1550.21
349.471	16	563.712
349.571	51	1796.83
349.671	53	1867.3
349.772	51	1796.83
349.872	43	1514.98
349.972	39	1374.05
350.072	5	176.16
350.172	55	1937.76
350.272	56	1972.99
350.373	54	1902.53
350.473	44	1550.21
350.573	41	1444.51
350.673	50	1761.6
350.773	57	2008.22
350.873	56	1972.99
350.973	42	1479.74
351.073	21	739.872
351.173	1	35.232
351.273	50	1761.6
351.373	32	1127.42
351.474	40	1409.28
351.574	12	422.784
351.674	44	1550.21
351.774	45	1585.44
351.874	38	1338.82
351.974	49	1726.37
352.074	32	1127.42
352.175	9	317.088
352.275	50	1761.6
352.375	24	845.568
352.475	38	1338.82
352.575	40	1409.28
352.675	42	1479.74
352.775	36	1268.35
352.875	29	1021.73
352.976	43	1514.98
353.076	40	1409.28
353.176	32	1127.42
353.276	38	1338.82
353.376	41	1444.51
353.476	23	810.336
353.576	31	1092.19
353.676	9	317.088
353.777	40	1409.28
353.877	26	916.032
353.977	12	422.784
354.077	25	880.8
354.177	30	1056.96
354.277	31	1092.19
354.377	38	1338.82
354.478	12	422.784
354.578	39	1374.05
354.678	39	1374.05
354.778	35	1233.12
354.878	34	1197.89
354.978	23	810.336
355.078	33	1162.66
355.178	28	986.496
355.278	10	352.32
355.379	40	1409.28
355.479	3	105.696
355.579	33	1162.66
355.679	24	845.568
355.779	12	422.784
355.879	34	1197.89
355.979	32	1127.42
356.079	35	1233.12
356.179	28	986.496
356.279	35	1233.12
356.379	33	1162.66
356.48	26	916.032
356.58	33	1162.66
356.68	31	1092.19
356.78	6	211.392
356.88	30	1056.96
356.98	29	1021.73
357.08	25	880.8
357.18	30	1056.96
357.28	16	563.712
357.381	30	1056.96
357.481	31	1092.19
357.581	31	1092.19
357.681	21	739.872
357.781	31	1092.19
357.881	32	1127.42
357.981	17	598.944
358.081	32	1127.42
358.181	26	916.032
358.282	30	1056.96
358.382	27	951.264
358.482	30	1056.96
358.582	23	810.336
358.682	32	1127.42
358.782	27	951.264
358.882	32	1127.42
358.982	22	775.104
359.082	23	810.336
359.182	32	1127.42
359.283	28	986.496
359.383	32	1127.42
359.483	32	1127.42
359.583	18	634.176
359.683	27	951.264
359.783	29	1021.73
359.883	27	951.264
359.983	33	1162.66
360.083	31	1092.19
360.183	14	493.248
360.284	33	1162.66
360.384	33	1162.66
360.484	34	1197.89
360.584	34	1197.89
360.684	34	1197.89
360.784	34	1197.89
360.884	33	1162.66
360.984	17	598.944
361.084	32	1127.42
361.184	35	1233.12
361.285	36	1268.35
361.385	29	1021.73
361.485	36	1268.35
361.585	27	951.264
361.685	38	1338.82
361.785	33	1162.66
361.885	19	669.408
361.985	42	1479.74
362.085	43	1514.98
362.185	33	1162.66
362.285	37	1303.58
362.385	48	1691.14
362.486	41	1444.51
362.586	30	1056.96
362.686	48	1691.14
362.786	53	1867.3
362.886	55	1937.76
362.986	37	1303.58
363.086	58	2043.46
363.186	52	1832.06
363.286	52	1832.06
363.386	63	2219.62
363.486	49	1726.37
363.586	67	2360.54
363.686	66	2325.31
363.786	57	2008.22
363.887	75	2642.4
363.987	77	2712.86
364.087	61	2149.15
364.187	40	1409.28
364.287	68	2395.78
364.387	39	1374.05
364.487	59	2078.69
364.587	78	2748.1
364.687	25	880.8
364.787	99	3487.97
364.888	51	1796.83
364.988	100	3523.2
365.088	67	2360.54
365.188	96	3382.27
365.288	86	3029.95
365.388	82	2889.02
365.488	70	2466.24
365.588	68	2395.78
365.688	66	2325.31
365.788	53	1867.3
365.888	69	2431.01
365.989	64	2254.85
366.089	54	1902.53
366.189	77	2712.86
366.289	128	4509.7
366.389	67	2360.54
366.489	101	3558.43
366.589	70	2466.24
366.689	106	3734.59
366.789	62	2184.38
366.889	51	1796.83
366.989	113	3981.22
367.09	103	3628.9
367.19	72	2536.7
367.29	139	4897.25
367.39	39	1374.05
367.49	62	2184.38
367.59	138	4862.02
367.691	67	2360.54
367.791	85	2994.72
367.891	96	3382.27
367.991	119	4192.61
368.091	49	1726.37
368.191	84	2959.49
368.291	126	4439.23
368.391	73	2571.94
368.491	84	2959.49
368.591	120	4227.84
368.691	74	2607.17
368.791	95	3347.04
368.892	43	1514.98
368.992	92	3241.34
369.092	71	2501.47
369.192	43	1514.98
369.292	31	1092.19
369.392	90	3170.88
369.492	90	3170.88
369.592	82	2889.02
369.692	37	1303.58
369.792	67	2360.54
369.893	2	70.464
369.993	61	2149.15
370.093	123	4333.54
