time	pps	kbps
0.100191	2	70.464
0.201433	12	422.784
0.301701	48	1691.14
0.401784	130	4580.16
0.501845	226	7962.43
0.602131	434	15290.7
0.702428	164	5778.05
0.80256	82	2889.02
0.902691	116	4086.91
1.00967	138	4862.02
1.10985	150	5284.8
1.21145	86	3029.95
1.31166	82	2889.02
1.41184	80	2818.56
1.51199	96	3382.27
1.61215	112	3945.98
1.71257	116	4086.91
1.81276	130	4580.16
1.91299	136	4791.55
2.01422	94	3311.81
2.11459	86	3029.95
2.21482	72	2536.7
2.31499	154	5425.73
2.4156	152	5355.26
2.51572	146	5143.87
2.61606	168	5918.98
2.71618	174	6130.37
2.81633	116	4086.91
2.91648	196	6905.47
3.01669	166	5848.51
3.11732	208	7328.26
3.22216	194	6835.01
3.32234	210	7398.72
3.42258	208	7328.26
3.52283	192	6764.54
3.6237	212	7469.18
3.72419	228	8032.9
3.82437	246	8667.07
3.92448	236	8314.75
4.02471	256	9019.39
4.12511	246	8667.07
4.23333	222	7821.5
4.33349	40	1409.28
4.43385	156	5496.19
4.53404	126	4439.23
4.63434	136	4791.55
4.73491	154	5425.73
4.83505	172	6059.9
4.93515	182	6412.22
5.03541	188	6623.62
5.13548	182	6412.22
5.23563	200	7046.4
5.33571	188	6623.62
5.43581	208	7328.26
5.53588	210	7398.72
5.63595	220	7751.04
5.73603	232	8173.82
5.83611	246	8667.07
5.93665	254	8948.93
6.03756	206	7257.79
6.13787	168	5918.98
6.23802	208	7328.26
6.33821	254	8948.93
6.43842	174	6130.37
6.53862	154	5425.73
6.63877	158	5566.66
6.73886	146	5143.87
6.83898	166	5848.51
6.9391	170	5989.44
7.0392	172	6059.9
7.13942	184	6482.69
7.24029	176	6200.83
7.34261	134	4721.09
7.44277	162	5707.58
7.544	98	3452.74
7.6442	122	4298.3
7.74429	122	4298.3
7.84441	118	4157.38
7.94502	142	5002.94
8.04519	150	5284.8
8.14533	140	4932.48
8.24628	160	5637.12
8.3464	162	5707.58
8.4471	180	6341.76
8.5472	174	6130.37
8.64733	174	6130.37
8.74748	188	6623.62
8.84762	204	7187.33
8.94774	210	7398.72
9.04791	220	7751.04
9.14802	234	8244.29
9.2482	228	8032.9
9.34833	222	7821.5
9.44849	240	8455.68
9.54859	248	8737.54
9.64874	246	8667.07
9.74891	272	9583.1
9.84915	270	9512.64
9.94953	290	10217.3
10.0499	282	9935.42
10.1502	280	9864.96
10.2503	286	10076.4
10.3505	134	4721.09
10.451	152	5355.26
10.5512	82	2889.02
10.6515	148	5214.34
10.754	90	3170.88
10.8541	98	3452.74
10.9543	106	3734.59
11.0545	98	3452.74
11.1546	94	3311.81
11.2548	118	4157.38
11.355	126	4439.23
11.4551	132	4650.62
11.5551	118	4157.38
11.6555	146	5143.87
11.7579	152	5355.26
11.8585	162	5707.58
11.9588	160	5637.12
12.0589	172	6059.9
12.1591	188	6623.62
12.2592	174	6130.37
12.3593	202	7116.86
12.4594	200	7046.4
12.5596	222	7821.5
12.6596	212	7469.18
12.7605	224	7891.97
12.8606	224	7891.97
12.9607	238	8385.22
13.0608	240	8455.68
13.1609	254	8948.93
13.2611	268	9442.18
13.3612	282	9935.42
13.4612	262	9230.78
13.5613	278	9794.5
13.6614	280	9864.96
13.7617	298	10499.1
13.8618	304	10710.5
13.9618	312	10992.4
14.0619	322	11344.7
14.1621	314	11062.8
14.2622	328	11556.1
14.3623	308	10851.5
14.4626	200	7046.4
14.5628	200	7046.4
14.663	190	6694.08
14.7631	174	6130.37
14.8633	174	6130.37
14.9634	176	6200.83
15.0636	172	6059.9
15.1636	190	6694.08
15.2637	198	6975.94
15.3638	212	7469.18
15.4639	220	7751.04
15.5643	174	6130.37
15.6645	240	8455.68
15.7646	182	6412.22
15.8647	112	3945.98
15.9648	126	4439.23
16.065	148	5214.34
16.1652	162	5707.58
16.2653	166	5848.51
16.3662	178	6271.3
16.4663	186	6553.15
16.5664	164	5778.05
16.6665	184	6482.69
16.7666	186	6553.15
16.8668	198	6975.94
16.9669	214	7539.65
17.068	228	8032.9
17.1682	238	8385.22
17.2683	230	8103.36
17.3684	228	8032.9
17.4685	240	8455.68
17.5687	250	8808
17.6688	246	8667.07
17.7689	276	9724.03
17.8691	278	9794.5
17.9692	284	10005.9
18.0694	274	9653.57
18.1696	146	5143.87
18.2698	206	7257.79
18.3707	164	5778.05
18.4709	170	5989.44
18.571	178	6271.3
18.6711	172	6059.9
18.7754	140	4932.48
18.8779	80	2818.56
18.9781	40	1409.28
19.0782	114	4016.45
19.1786	42	1479.74
19.279	38	1338.82
19.3791	56	1972.99
19.4793	118	4157.38
19.5796	88	3100.42
19.6814	54	1902.53
19.7818	104	3664.13
19.8821	142	5002.94
19.9823	146	5143.87
20.0833	158	5566.66
20.1839	146	5143.87
20.2843	156	5496.19
20.3844	156	5496.19
20.485	118	4157.38
20.5851	76	2677.63
20.6853	120	4227.84
20.7855	106	3734.59
20.8855	114	4016.45
20.9856	104	3664.13
21.0858	130	4580.16
21.1859	120	4227.84
21.2863	126	4439.23
21.3868	138	4862.02
21.487	152	5355.26
21.5871	166	5848.51
21.6872	150	5284.8
21.788	162	5707.58
21.8885	186	6553.15
21.9885	182	6412.22
22.096	82	2889.02
22.1961	80	2818.56
22.2964	94	3311.81
22.3966	102	3593.66
22.4967	114	4016.45
22.5969	124	4368.77
22.6975	116	4086.91
22.7982	56	1972.99
22.8988	92	3241.34
22.999	104	3664.13
23.1007	82	2889.02
23.2009	90	3170.88
23.3033	98	3452.74
23.4039	54	1902.53
23.5046	110	3875.52
23.6058	118	4157.38
23.7059	126	4439.23
23.806	132	4650.62
23.9061	120	4227.84
24.0062	128	4509.7
24.1068	144	5073.41
24.2077	152	5355.26
24.3077	150	5284.8
24.4079	172	6059.9
24.508	176	6200.83
24.6083	176	6200.83
24.7084	174	6130.37
24.8095	186	6553.15
24.9097	204	7187.33
25.0098	194	6835.01
25.1102	222	7821.5
25.2108	226	7962.43
25.3109	232	8173.82
25.4112	236	8314.75
25.5113	234	8244.29
25.6118	238	8385.22
25.7121	236	8314.75
25.8123	262	9230.78
25.9125	192	6764.54
26.0126	134	4721.09
26.1145	158	5566.66
26.2146	156	5496.19
26.3148	150	5284.8
26.415	172	6059.9
26.5152	168	5918.98
26.6153	174	6130.37
26.7154	200	7046.4
26.8156	208	7328.26
26.9157	218	7680.58
27.016	200	7046.4
27.1169	112	3945.98
27.2178	114	4016.45
27.318	106	3734.59
27.4181	110	3875.52
27.5183	124	4368.77
27.6185	142	5002.94
27.7196	150	5284.8
27.8198	140	4932.48
27.92	152	5355.26
